2 0.7785218237179488 0.40485639743589746 0.16840277884615384 0.5080629967948719 0.1922123012820513 0.5741567467948718 0.7953869038461538 0.4614213782051282 0.7785218237179488 0.40485639743589746
1 0.6376488108974359 0.4882155256410256 0.6197916666666666 0.4227189967948718 0.44642857051282053 0.4538690480769231 0.4660218237179487 0.5189791666666667 0.6376488108974359 0.4882155256410256
0 0.38793945192307694 0.519042967948718 0.4353027339743589 0.519042967948718 0.4353027339743589 0.46630859294871796 0.38793945192307694 0.46630859294871796 0.38793945192307694 0.519042967948718
0 0.427734375 0.5109863269230769 0.4609375 0.5109863269230769 0.4609375 0.4626464839743589 0.427734375 0.4626464839743589 0.427734375 0.5109863269230769
0 0.4650878910256411 0.50390625 0.5026855480769231 0.50390625 0.5026855480769231 0.46875 0.4650878910256411 0.46875 0.4650878910256411 0.50390625
0 0.49853515705128204 0.5002441410256411 0.545410157051282 0.5002441410256411 0.545410157051282 0.4562988269230769 0.49853515705128204 0.4562988269230769 0.49853515705128204 0.5002441410256411
0 0.5380859358974359 0.4931640641025641 0.580078125 0.4931640641025641 0.580078125 0.44873046794871796 0.5380859358974359 0.44873046794871796 0.5380859358974359 0.4931640641025641
0 0.581542967948718 0.482421875 0.602050782051282 0.482421875 0.602050782051282 0.44140625 0.581542967948718 0.44140625 0.581542967948718 0.482421875
0 0.611328125 0.4853515641025641 0.646484375 0.4853515641025641 0.646484375 0.4365234358974359 0.611328125 0.4365234358974359 0.611328125 0.4853515641025641
0 0.645996092948718 0.47119140705128204 0.681152342948718 0.47119140705128204 0.681152342948718 0.43408203205128204 0.645996092948718 0.43408203205128204 0.645996092948718 0.47119140705128204
0 0.7365722660256411 0.4523925769230769 0.7805175769230769 0.4523925769230769 0.7805175769230769 0.4191894519230769 0.7365722660256411 0.4191894519230769 0.7365722660256411 0.4523925769230769
0 0.558105467948718 0.6201171858974359 0.600097657051282 0.6201171858974359 0.600097657051282 0.585449217948718 0.558105467948718 0.585449217948718 0.558105467948718 0.6201171858974359
3 0.5095214839743589 0.6301269519230769 0.5681152339743589 0.6301269519230769 0.5681152339743589 0.5817871089743589 0.5095214839743589 0.5817871089743589 0.5095214839743589 0.6301269519230769
3 0.376708983974359 0.5754394519230769 0.4353027339743589 0.5754394519230769 0.4353027339743589 0.5368652339743589 0.376708983974359 0.5368652339743589 0.376708983974359 0.5754394519230769
3 0.700683592948718 0.46142578205128204 0.741699217948718 0.46142578205128204 0.741699217948718 0.4189453141025641 0.700683592948718 0.4189453141025641 0.700683592948718 0.46142578205128204
3 0.67578125 0.46826171794871796 0.7119140641025641 0.46826171794871796 0.7119140641025641 0.42529296794871796 0.67578125 0.42529296794871796 0.67578125 0.46826171794871796