2 0.7801398878205129 0.4097317628205128 0.1683125641025641 0.5022745993589743 0.19096496474358973 0.5687738173076924 0.7960152051282051 0.4665824647435897 0.7801398878205129 0.4097317628205128
1 0.6378335128205128 0.49061962499999995 0.6211221602564102 0.4248214198717949 0.4472418269230769 0.452941125 0.465695766025641 0.5183832756410256 0.6378335128205128 0.49061962499999995
0 0.3876241730769231 0.517084342948718 0.4349802435897435 0.5179109455128205 0.4359005833333333 0.46518460256410255 0.388544516025641 0.4643579967948718 0.3876241730769231 0.517084342948718
0 0.42755364423076925 0.5097234455128206 0.46075171153846156 0.5103029198717949 0.461595358974359 0.46197043910256413 0.4283972916666667 0.46139096474358976 0.42755364423076925 0.5097234455128206
0 0.4650250352564102 0.5032963557692307 0.5026169647435897 0.5039525256410257 0.5032305256410257 0.4688016282051282 0.4656385961538462 0.4681454583333334 0.4650250352564102 0.5032963557692307
0 0.4985311185897436 0.5002185384615385 0.5453989807692308 0.5010366217948719 0.5461659326923077 0.457098 0.49929807051282055 0.4562799166666666 0.4985311185897436 0.5002185384615385
0 0.5381994391025641 0.49382979807692307 0.5801852307692307 0.49456266025641027 0.5809607051282051 0.4501358333333334 0.5389749134615384 0.449402967948718 0.5381994391025641 0.49382979807692307
0 0.581837330128205 0.4838476730769231 0.6023420192307692 0.48420558333333336 0.6030578397435897 0.4431962051282052 0.5825531506410256 0.4428382948717949 0.581837330128205 0.4838476730769231
0 0.6115668205128205 0.4872967403846154 0.6467177147435897 0.48791030128205126 0.6475698846153847 0.439089608974359 0.6124189871794872 0.4384760480769231 0.6115668205128205 0.4872967403846154
0 0.6464766378205129 0.4737437788461538 0.681627532051282 0.4743573397435898 0.6822751794871795 0.4372536153846154 0.6471242852564102 0.43664005448717946 0.6464766378205129 0.4737437788461538
0 0.7373670993589744 0.4565285833333333 0.781305717948718 0.45729553525641026 0.7818851923076924 0.42409746794871794 0.7379465737179487 0.423330516025641 0.7373670993589744 0.4565285833333333
0 0.5560002852564103 0.6211129711538462 0.5979860769230769 0.6218458365384616 0.5985911185897436 0.5871831474358975 0.5566053237179488 0.5864502852564103 0.5560002852564103 0.6211129711538462
3 0.5072490064102564 0.6302733044871796 0.5658338301282051 0.631295907051282 0.5666774775641026 0.5829634262820513 0.5080926506410257 0.5819408237179488 0.5072490064102564 0.6302733044871796
3 0.37541116025641025 0.5732762371794872 0.4339959871794872 0.5742988397435898 0.43466920192307695 0.5357304967948718 0.37608437499999997 0.5347078942307693 0.37541116025641025 0.5732762371794872
3 0.7013262403846153 0.46493406730769227 0.7423356185897436 0.4656498910256411 0.7430770064102564 0.423175891025641 0.7020676282051281 0.42246007051282053 0.7013262403846153 0.46493406730769227
3 0.6763083878205128 0.471334358974359 0.7124356987179487 0.47196496153846157 0.7131856057692308 0.4290027564102564 0.6770582948717949 0.42837215064102563 0.6763083878205128 0.471334358974359