2 0.8236979839743589 0.4276028621794872 0.20673414423076922 0.4750630961538461 0.20405433333333334 0.5340278878205128 0.8165852275641026 0.49749339102564105 0.8236979839743589 0.4276028621794872
1 0.3650706923076923 0.4539948012820513 0.36358902564102563 0.5218658365384615 0.5375603525641025 0.5101953397435898 0.5408200416666666 0.44227923076923076 0.3650706923076923 0.4539948012820513
0 0.557370048076923 0.5031052564102564 0.6134454358974359 0.500166467948718 0.6102766570512821 0.4397025705128206 0.5542012692307693 0.442641358974359 0.557370048076923 0.5031052564102564
0 0.5311294711538461 0.5015467564102564 0.5730641121794873 0.49934905448717953 0.5702530993589744 0.4457117275641026 0.5283184583333334 0.44790942948717943 0.5311294711538461 0.5015467564102564
0 0.49146575 0.5050923012820513 0.5353508397435898 0.5027923814102564 0.5331531378205129 0.46085774038461536 0.4892680480769231 0.46315766025641025 0.49146575 0.5050923012820513
0 0.44779787820512823 0.5115369230769231 0.5019228205128206 0.5087003557692308 0.4992140256410256 0.4570134743589743 0.4450890865384615 0.4598500416666666 0.44779787820512823 0.5115369230769231
0 0.4121894198717948 0.5131586057692308 0.46192585256410257 0.5105520320512821 0.45924261217948714 0.4593527628205128 0.4095061794871795 0.46195933974358977 0.4121894198717948 0.5131586057692308
0 0.3889266634615384 0.5077769134615385 0.41672055448717954 0.5063202948717949 0.41442063461538464 0.46243521153846157 0.3866267435897436 0.46389182692307696 0.3889266634615384 0.5077769134615385
0 0.34491069551282055 0.5215740480769231 0.38879577884615385 0.5192741282051282 0.385933657051282 0.46466157371794875 0.3420485737179487 0.46696149358974365 0.34491069551282055 0.5215740480769231
0 0.31017627884615384 0.5165490833333334 0.3516233044871795 0.5143769358974358 0.3493489391025641 0.47097946153846154 0.3079019134615385 0.473151608974359 0.31017627884615384 0.5165490833333334
0 0.20998477243589742 0.5220443717948718 0.25923359294871795 0.5194633493589743 0.25708700320512823 0.4785039391025641 0.2078381826923077 0.48108495833333337 0.20998477243589742 0.5220443717948718
0 0.42550583974358974 0.6412994006410256 0.4732918205128205 0.638795044871795 0.4710685641025641 0.5963727948717948 0.42328258333333335 0.5988771506410256 0.42550583974358974 0.6412994006410256
3 0.4559166698717949 0.6431282948717948 0.5227195224358975 0.6396273076923077 0.5196529647435897 0.5811138557692308 0.45285010897435896 0.5846148461538462 0.4559166698717949 0.6431282948717948
3 0.5736798333333334 0.5577464711538461 0.6385322403846154 0.5543476987179486 0.6359767756410256 0.5055864967948718 0.5711243685897436 0.508985266025641 0.5736798333333334 0.5577464711538461
3 0.24809517948717952 0.5215139455128206 0.29636877564102565 0.5189840352564102 0.2937877532051282 0.46973521474358976 0.24551415705128202 0.472265125 0.24809517948717952 0.5215139455128206
3 0.27839101602564104 0.5211485865384615 0.3222760993589744 0.5188486666666667 0.31969508012820513 0.46959984615384615 0.27580999358974356 0.47189976602564104 0.27839101602564104 0.5211485865384615