2 0.8279596410256409 0.45035925000000004 0.20918803525641025 0.4546666506410257 0.20240157692307692 0.5133008717948717 0.8159888942307693 0.5195833653846154 0.8279596410256409 0.45035925000000004
1 0.368608532051282 0.44469467628205134 0.362396032051282 0.5122970224358975 0.5367576666666667 0.5127905833333333 0.5447470032051281 0.44526729807692306 0.368608532051282 0.44469467628205134
0 0.5570136858974359 0.5070996217948718 0.6131574743589743 0.5080796153846153 0.6142141634615385 0.44754196474358976 0.558070375 0.44656197115384616 0.5570136858974359 0.5070996217948718
0 0.5309457467948717 0.5037144711538462 0.5729315384615384 0.5044473365384616 0.573868923076923 0.4507445801282051 0.5318831314102564 0.4500117147435897 0.5309457467948717 0.5037144711538462
0 0.49113131730769227 0.5044845769230769 0.5350699391025641 0.5052515288461539 0.5358028044871795 0.46326573397435894 0.4918641826923077 0.4624987820512821 0.49113131730769227 0.5044845769230769
0 0.447120266025641 0.5078673846153846 0.5013112307692308 0.5088132916666667 0.5022145288461538 0.45706335897435896 0.4480235641025641 0.45611745192307696 0.447120266025641 0.5078673846153846
0 0.4114854230769231 0.5070011955128205 0.4612825288461539 0.5078704102564102 0.4621773044871795 0.45660868589743586 0.4123802019230769 0.4557394743589744 0.4114854230769231 0.5070011955128205
0 0.38865474358974356 0.5000098846153846 0.4164825384615385 0.5004956185897436 0.4172494871794872 0.4565570032051282 0.3894216955128205 0.45607126602564096 0.38865474358974356 0.5000098846153846
0 0.3437835544871795 0.5107030096153846 0.3877221730769231 0.5114699615384616 0.3886766025641026 0.4567907916666667 0.34473798397435895 0.45602383974358973 0.3437835544871795 0.5107030096153846
0 0.30948427564102565 0.5032673365384616 0.35098185576923074 0.5039916794871795 0.3517402884615385 0.460541266025641 0.3102427051282052 0.4598169230769231 0.30948427564102565 0.5032673365384616
0 0.20915350000000002 0.501760233974359 0.2584623942307692 0.5026209230769231 0.25917821474358976 0.4616115480769231 0.20986932051282053 0.46075085897435897 0.20915350000000002 0.501760233974359
0 0.4158307532051282 0.6357587532051282 0.4636750288461538 0.6365938782051282 0.46441641346153845 0.5941198814102564 0.416572141025641 0.5932847564102565 0.4158307532051282 0.6357587532051282
3 0.44603992948717947 0.6397045448717948 0.5129242724358974 0.640872016025641 0.513946875 0.5822871891025642 0.44706252884615383 0.5811197179487179 0.44603992948717947 0.6397045448717948
3 0.5694721634615385 0.5627454487179487 0.6344036794871795 0.5638788333333333 0.6352558461538462 0.5150581474358974 0.5703243301282052 0.5139247628205128 0.5694721634615385 0.5627454487179487
3 0.24720806730769232 0.5038895480769231 0.2955405512820513 0.5047331923076923 0.29640124358974357 0.45542429807692303 0.2480687596153846 0.4545806506410256 0.24720806730769232 0.5038895480769231
3 0.27745559294871797 0.505638407051282 0.32139421153846154 0.5064053589743589 0.3222549006410257 0.4570964615384615 0.27831628205128206 0.4563295128205128 0.27745559294871797 0.505638407051282