2 0.7750316923076923 0.39519408333333333 0.16888617307692308 0.5196306602564102 0.19498783012820511 0.5848532083333333 0.7938605865384616 0.4511360256410256 0.7750316923076923 0.39519408333333333
1 0.6371536858974359 0.48341883012820513 0.617021625 0.41858540384615384 0.44485125641025636 0.45576676602564103 0.46670488461538456 0.5201534262820513 0.6371536858974359 0.48341883012820513
0 0.3886723076923077 0.5229422243589743 0.4360067371794871 0.5212892692307692 0.43416633333333327 0.46858701923076923 0.38683190384615385 0.4702399743589744 0.3886723076923077 0.5229422243589743
0 0.42816181410256415 0.5135016698717949 0.4613447115384615 0.5123428974358974 0.4596576762820513 0.4640325 0.42647477884615387 0.4651912724358975 0.42816181410256415 0.5135016698717949
0 0.46524548397435894 0.5051222852564102 0.5028202371794872 0.5038101474358974 0.5015933012820513 0.4686753108974359 0.46401854807692305 0.46998745192307695 0.46524548397435894 0.5051222852564102
0 0.49854457051282053 0.5002951153846154 0.5453910160256411 0.49865920192307694 0.5438573461538462 0.4547406570512821 0.4970109006410256 0.4563765705128205 0.49854457051282053 0.5002951153846154
0 0.5378241634615385 0.491839048076923 0.5797907724358975 0.49037354166666663 0.5782400641025641 0.4459670128205128 0.5362734551282051 0.44743251923076927 0.5378241634615385 0.491839048076923
0 0.5808798269230769 0.4795867756410257 0.6013751474358974 0.47887106089743586 0.5999437243589744 0.4378804230769231 0.5794484006410257 0.4385961346153846 0.5808798269230769 0.4795867756410257
0 0.6107490833333333 0.4814751923076923 0.6458839166666667 0.4802482564102564 0.6441798397435897 0.43144987179487176 0.6090450064102564 0.43267680769230765 0.6107490833333333 0.4814751923076923
0 0.64490175 0.46611376602564103 0.6800365833333333 0.46488683012820514 0.6787414871794872 0.42780006089743594 0.6436066506410256 0.42902699679487183 0.64490175 0.46611376602564103
0 0.7347666762820513 0.4441653237179487 0.778685217948718 0.44263165705128205 0.7775264455128206 0.4094487564102564 0.7336079038461538 0.4109824262820513 0.7347666762820513 0.4441653237179487
0 0.5622621025641026 0.6180161634615384 0.6042287083333334 0.6165506570512821 0.6030188141025642 0.5819038076923077 0.5610522051282052 0.5833693141025641 0.5622621025641026 0.6180161634615384
3 0.5140570480769231 0.6297153878205128 0.5726151057692308 0.6276704935897436 0.5709280705128206 0.5793600993589744 0.5123700128205128 0.5814049903846153 0.5140570480769231 0.6297153878205128
3 0.3794168878205128 0.5796962916666667 0.43797494551282046 0.5776513974358974 0.4366287243589744 0.5391006794871794 0.37807066666666667 0.5411455705128205 0.3794168878205128 0.5796962916666667
3 0.6992151217948718 0.4544455224358974 0.7402057596153846 0.45301409935897435 0.7387232147435897 0.4105595096153847 0.6977325737179487 0.4119909326923077 0.6992151217948718 0.4544455224358974
3 0.6745665192307693 0.46214637500000005 0.7106773205128205 0.460885358974359 0.709177733974359 0.41794278205128205 0.6730669294871795 0.41920380128205126 0.6745665192307693 0.46214637500000005