0 0.698730467948718 0.2802734358974359 0.76953125 0.2802734358974359 0.76953125 0.20556640705128204 0.698730467948718 0.20556640705128204 0.698730467948718 0.2802734358974359
0 0.5983886730769231 0.34643554807692306 0.6589355480769231 0.34643554807692306 0.6589355480769231 0.27807617307692306 0.5983886730769231 0.27807617307692306 0.5983886730769231 0.34643554807692306
0 0.5559082019230769 0.3740234358974359 0.6257324230769231 0.3740234358974359 0.6257324230769231 0.30078125 0.5559082019230769 0.30078125 0.5559082019230769 0.3740234358974359
0 0.5173339839743589 0.38330078205128204 0.5783691410256411 0.38330078205128204 0.5783691410256411 0.32958984294871796 0.5173339839743589 0.32958984294871796 0.5173339839743589 0.38330078205128204
0 0.4772949230769231 0.4187011730769231 0.5524902339743589 0.4187011730769231 0.5524902339743589 0.34838867307692306 0.4772949230769231 0.34838867307692306 0.4772949230769231 0.4187011730769231
0 0.4401855480769231 0.4423828141025641 0.5070800769230769 0.4423828141025641 0.5070800769230769 0.3828125 0.4401855480769231 0.3828125 0.4401855480769231 0.4423828141025641
0 0.396240233974359 0.4797363269230769 0.4714355480769231 0.4797363269230769 0.4714355480769231 0.39135742307692306 0.396240233974359 0.39135742307692306 0.396240233974359 0.4797363269230769
0 0.3447265641025641 0.506347657051282 0.43115234294871796 0.506347657051282 0.43115234294871796 0.43701171794871796 0.3447265641025641 0.43701171794871796 0.3447265641025641 0.506347657051282
0 0.298583983974359 0.537597657051282 0.38745117307692306 0.537597657051282 0.38745117307692306 0.46044921794871796 0.298583983974359 0.46044921794871796 0.298583983974359 0.537597657051282
0 0.5012207019230769 0.5070800769230769 0.5510253910256411 0.5070800769230769 0.5510253910256411 0.4465332019230769 0.5012207019230769 0.4465332019230769 0.5012207019230769 0.5070800769230769
3 0.665527342948718 0.29736328205128204 0.72265625 0.29736328205128204 0.72265625 0.22900390705128204 0.665527342948718 0.22900390705128204 0.665527342948718 0.29736328205128204
3 0.6396484358974359 0.31762695192307694 0.689941407051282 0.31762695192307694 0.689941407051282 0.259521483974359 0.6396484358974359 0.259521483974359 0.6396484358974359 0.31762695192307694
3 0.4641113269230769 0.5324707019230769 0.5261230480769231 0.5324707019230769 0.5261230480769231 0.4714355480769231 0.4641113269230769 0.4714355480769231 0.4641113269230769 0.5324707019230769
3 0.44287109294871796 0.7224121089743589 0.52734375 0.7224121089743589 0.52734375 0.6437988269230769 0.44287109294871796 0.6437988269230769 0.44287109294871796 0.7224121089743589
2 0.7702670897435897 0.2719059166666667 0.6978193846153846 0.18841135576923077 0.06234926282051282 0.623946266025641 0.1114281858974359 0.709624717948718 0.7702670897435897 0.2719059166666667
1 0.36091509615384615 0.4171596474358974 0.4225918942307692 0.4954840448717949 0.5917315480769231 0.3871066955128205 0.5337169230769231 0.31075633012820514 0.36091509615384615 0.4171596474358974