0 0.7062777532051282 0.28734288141025643 0.7770354038461539 0.28981379166666665 0.7796426442307692 0.21515227243589743 0.7088849903846154 0.21268136217948716 0.7062777532051282 0.28734288141025643
0 0.6036880608974359 0.34996281089743586 0.6641980512820513 0.3520758653846154 0.6665837596153846 0.2837581346153846 0.606073766025641 0.28164507692307694 0.6036880608974359 0.34996281089743586
0 0.5602706634615385 0.3760513461538461 0.6300523493589744 0.3784881762820513 0.6326084647435898 0.3052906057692308 0.5628267788461538 0.30285377564102567 0.5602706634615385 0.3760513461538461
0 0.5213961698717948 0.3839768205128205 0.5823941442307693 0.38610691666666663 0.5842686282051281 0.3324286955128205 0.5232706538461539 0.3302985993589744 0.5213961698717948 0.3839768205128205
0 0.4801460416666667 0.41795830128205125 0.555295548076923 0.42058258012820515 0.5577494166666667 0.3503129134615385 0.4825999134615384 0.34768863461538463 0.4801460416666667 0.41795830128205125
0 0.44223279487179484 0.4403304198717949 0.5090865737179487 0.4426650032051282 0.5111655480769232 0.3831309775641026 0.4443117692307692 0.3807963942307692 0.44223279487179484 0.4403304198717949
0 0.3970106346153846 0.4761275064102564 0.472160141025641 0.4787517852564102 0.4752445192307692 0.39042672115384613 0.40009501282051285 0.3878024423076923 0.3970106346153846 0.4761275064102564
0 0.3445996217948718 0.5009248269230769 0.43097275320512823 0.5039410416666666 0.43339254166666663 0.43464733974358977 0.34701941025641025 0.431631125 0.3445996217948718 0.5009248269230769
0 0.2973945416666667 0.530545435897436 0.38620759615384614 0.5336468557692308 0.3889000384615384 0.4565454134615385 0.30008698397435896 0.4534439935897436 0.2973945416666667 0.530545435897436
0 0.5009728685897437 0.5071183653846154 0.550747217948718 0.5088565256410257 0.5528602724358974 0.44834653205128205 0.503085923076923 0.446608375 0.5009728685897437 0.5071183653846154
3 0.6724984262820514 0.3032635448717949 0.729592532051282 0.30525731410256407 0.7319782403846153 0.23693958012820515 0.6748841346153847 0.2349458108974359 0.6724984262820514 0.3032635448717949
3 0.6459280929487179 0.32261170833333336 0.6961904262820513 0.32436690705128207 0.6982182788461538 0.26629683653846153 0.6479559455128204 0.2645416378205128 0.6459280929487179 0.32261170833333336
3 0.4629999775641026 0.5311984262820513 0.5249739230769231 0.5333626025641026 0.5271040192307692 0.4723646314102564 0.46513007371794873 0.4702004519230769 0.4629999775641026 0.5311984262820513
3 0.4351438237179487 0.7202828525641026 0.5195650224358974 0.7232309038461538 0.5223085865384616 0.6446655128205128 0.43788738782051284 0.6417174583333333 0.4351438237179487 0.7202828525641026
2 0.7780628205128205 0.2814770512820513 0.7085731666666667 0.19550496474358975 0.05829020512820513 0.6085969711538461 0.10434909615384616 0.6959360608974359 0.7780628205128205 0.2814770512820513
1 0.36389091025641024 0.41235611858974364 0.42279665384615384 0.4927852916666667 0.5956155865384616 0.3903768525641026 0.540300891025641 0.31204831730769234 0.36389091025641024 0.41235611858974364