0 0.20351330128205128 0.3072962435897436 0.26746840384615383 0.3084125833333333 0.26866996153846157 0.23957541346153846 0.20471485897435895 0.23845907371794872 0.20351330128205128 0.3072962435897436
0 0.32173674038461536 0.3608813621794872 0.37592770833333333 0.36182726923076924 0.3770440480769231 0.29787216346153844 0.3228530801282051 0.2969262564102564 0.32173674038461536 0.3608813621794872
0 0.35773746153846153 0.3827532275641025 0.4212043557692308 0.38386104487179484 0.4223803461538462 0.31648849358974357 0.3589134551282051 0.3153806762820513 0.35773746153846153 0.3827532275641025
0 0.40625865705128206 0.38677447756410255 0.46289065384615385 0.3877629935897436 0.46372577884615385 0.339918717948718 0.40709378205128205 0.3389302051282051 0.40625865705128206 0.38677447756410255
0 0.43575929807692304 0.41732328525641027 0.5050846730769231 0.41853336538461544 0.5061924903846153 0.35506646794871793 0.43686711538461537 0.3538563878205128 0.43575929807692304 0.41732328525641027
0 0.4837807371794872 0.43598648397435896 0.5462712179487179 0.4370772596153847 0.5472000801282052 0.3838627083333333 0.4847095993589744 0.3827719326923077 0.4837807371794872 0.43598648397435896
0 0.5239920993589744 0.4684314871794872 0.5903882371794872 0.4695904391025641 0.5918284006410257 0.38708347756410255 0.525432266025641 0.3859245288461538 0.5239920993589744 0.4684314871794872
0 0.5663821185897435 0.4879731025641026 0.6479126666666667 0.48939622435897434 0.6489693557692308 0.42885857051282056 0.5674388076923077 0.4274354487179487 0.5663821185897435 0.4879731025641026
0 0.6135519455128204 0.5134584134615385 0.6965471121794872 0.5149070993589744 0.6977401474358975 0.44655813461538457 0.6147449807692308 0.44510944871794866 0.6135519455128204 0.5134584134615385
0 0.44906883333333336 0.5081455705128205 0.49251924679487186 0.508904 0.49350776282051284 0.4522720032051282 0.45005734935897435 0.4515135737179487 0.44906883333333336 0.5081455705128205
3 0.2528532564102564 0.3203663685897436 0.3031385641025641 0.32124409935897436 0.3042634262820513 0.2568007916666667 0.2539781185897436 0.25592305769230766 0.2528532564102564 0.3203663685897436
3 0.2877186762820513 0.3373348557692308 0.33263370833333333 0.33811885256410257 0.33358813782051283 0.2834396826923077 0.28867310256410256 0.2826556858974359 0.2877186762820513 0.3373348557692308
3 0.47606329166666667 0.5283951634615385 0.5331834967948718 0.5293922019230769 0.5341464455128205 0.47422482692307694 0.4770262403846154 0.4732277884615385 0.47606329166666667 0.5283951634615385
3 0.4974752371794872 0.7145882275641026 0.5755883365384615 0.7159516987179487 0.5768239807692307 0.6451616987179487 0.4987108814102564 0.6437982307692308 0.4974752371794872 0.7145882275641026
2 0.9112222852564102 0.6607072147435897 0.9494938076923077 0.5696861794871795 0.26568202884615383 0.21484200961538463 0.20394976602564102 0.3065433653846154 0.9112222852564102 0.6607072147435897
1 0.44347139423076926 0.31627598397435897 0.39519397115384614 0.39912744871794875 0.5762807628205129 0.4860840320512821 0.6279524871794872 0.40082693910256406 0.44347139423076926 0.31627598397435897