0 0.2001953141025641 0.3125 0.26416015705128204 0.3125 0.26416015705128204 0.24365234294871796 0.2001953141025641 0.24365234294871796 0.2001953141025641 0.3125
0 0.3193359358974359 0.36401367307692306 0.37353515705128204 0.36401367307692306 0.37353515705128204 0.30004882692307694 0.3193359358974359 0.30004882692307694 0.3193359358974359 0.36401367307692306
0 0.355712891025641 0.38525390705128204 0.4191894519230769 0.38525390705128204 0.4191894519230769 0.31787109294871796 0.355712891025641 0.31787109294871796 0.355712891025641 0.38525390705128204
0 0.404296875 0.388427733974359 0.4609375 0.388427733974359 0.4609375 0.34057617307692306 0.404296875 0.34057617307692306 0.404296875 0.388427733974359
0 0.4343261730769231 0.41845703205128204 0.5036621089743589 0.41845703205128204 0.5036621089743589 0.35498046794871796 0.4343261730769231 0.35498046794871796 0.4343261730769231 0.41845703205128204
0 0.4826660160256411 0.4362792980769231 0.5451660160256411 0.4362792980769231 0.5451660160256411 0.383056641025641 0.4826660160256411 0.383056641025641 0.4826660160256411 0.4362792980769231
0 0.5234375 0.4680175769230769 0.58984375 0.4680175769230769 0.58984375 0.38549804807692306 0.5234375 0.38549804807692306 0.5234375 0.4680175769230769
0 0.5661621089743589 0.48681640705128204 0.6477050769230769 0.48681640705128204 0.6477050769230769 0.42626953205128204 0.5661621089743589 0.42626953205128204 0.5661621089743589 0.48681640705128204
0 0.613769532051282 0.5114746089743589 0.696777342948718 0.5114746089743589 0.696777342948718 0.4431152339743589 0.613769532051282 0.4431152339743589 0.613769532051282 0.5114746089743589
0 0.44921875 0.5090332019230769 0.49267578205128204 0.5090332019230769 0.49267578205128204 0.4523925769230769 0.44921875 0.4523925769230769 0.44921875 0.5090332019230769
3 0.24975585897435898 0.32470703205128204 0.30004882692307694 0.32470703205128204 0.30004882692307694 0.26025390705128204 0.24975585897435898 0.26025390705128204 0.24975585897435898 0.32470703205128204
3 0.284912108974359 0.34106445192307694 0.329833983974359 0.34106445192307694 0.329833983974359 0.28637695192307694 0.284912108974359 0.28637695192307694 0.284912108974359 0.34106445192307694
3 0.4765625 0.528808592948718 0.533691407051282 0.528808592948718 0.533691407051282 0.4736328141025641 0.4765625 0.4736328141025641 0.4765625 0.528808592948718
3 0.5012207019230769 0.7145996089743589 0.5793457019230769 0.7145996089743589 0.5793457019230769 0.6437988269230769 0.5012207019230769 0.6437988269230769 0.5012207019230769 0.7145996089743589
2 0.9139643814102564 0.6535059198717948 0.9506415384615385 0.5618308173076922 0.2607410224358974 0.21897485256410257 0.2006185705128205 0.3117396185897436 0.9139643814102564 0.6535059198717948
1 0.4402735769230769 0.3172905256410256 0.3934494647435897 0.40097192948717947 0.5760262788461539 0.48475486858974354 0.6262021923076923 0.3986089647435897 0.4402735769230769 0.3172905256410256