0 0.17626953205128204 0.34838867307692306 0.23193359294871796 0.34838867307692306 0.23193359294871796 0.28637695192307694 0.17626953205128204 0.28637695192307694 0.17626953205128204 0.34838867307692306
0 0.30151367307692306 0.38403320192307694 0.347900391025641 0.38403320192307694 0.347900391025641 0.325927733974359 0.30151367307692306 0.325927733974359 0.30151367307692306 0.38403320192307694
0 0.340087891025641 0.39892578205128204 0.39575195192307694 0.39892578205128204 0.39575195192307694 0.33837890705128204 0.340087891025641 0.33837890705128204 0.340087891025641 0.39892578205128204
0 0.388671875 0.39599609294871796 0.4404296858974359 0.39599609294871796 0.4404296858974359 0.3544921858974359 0.388671875 0.3544921858974359 0.388671875 0.39599609294871796
0 0.42236328205128204 0.4196777339743589 0.48486328205128204 0.4196777339743589 0.48486328205128204 0.36450195192307694 0.42236328205128204 0.36450195192307694 0.42236328205128204 0.4196777339743589
0 0.4729003910256411 0.431640625 0.5295410160256411 0.431640625 0.5295410160256411 0.3857421858974359 0.4729003910256411 0.3857421858974359 0.4729003910256411 0.431640625
0 0.517578125 0.45751953205128204 0.57421875 0.45751953205128204 0.57421875 0.3818359358974359 0.517578125 0.3818359358974359 0.517578125 0.45751953205128204
0 0.5622558589743589 0.4675292980769231 0.6374511730769231 0.4675292980769231 0.6374511730769231 0.4167480480769231 0.5622558589743589 0.4167480480769231 0.5622558589743589 0.4675292980769231
0 0.6130371089743589 0.4851074230769231 0.6882324230769231 0.4851074230769231 0.6882324230769231 0.4265136730769231 0.6130371089743589 0.4265136730769231 0.6130371089743589 0.4851074230769231
0 0.4501953141025641 0.5109863269230769 0.48681640705128204 0.5109863269230769 0.48681640705128204 0.4587402339743589 0.4501953141025641 0.4587402339743589 0.4501953141025641 0.5109863269230769
3 0.22705078205128204 0.35546875 0.26953125 0.35546875 0.26953125 0.29638671794871796 0.22705078205128204 0.29638671794871796 0.22705078205128204 0.35546875
3 0.26416015705128204 0.3671875 0.30224609294871796 0.3671875 0.30224609294871796 0.3173828141025641 0.26416015705128204 0.3173828141025641 0.26416015705128204 0.3671875
3 0.4797363269230769 0.524902342948718 0.5305175769230769 0.524902342948718 0.5305175769230769 0.47607421794871796 0.4797363269230769 0.47607421794871796 0.4797363269230769 0.524902342948718
3 0.5295410160256411 0.702636717948718 0.5998535160256411 0.702636717948718 0.5998535160256411 0.641113282051282 0.5295410160256411 0.641113282051282 0.5295410160256411 0.702636717948718
2 0.22395833333333334 0.2550081858974359 0.17733134935897438 0.35523759935897437 0.9312996025641025 0.5943993044871795 0.9548611121794872 0.4985119038461539 0.22395833333333334 0.2550081858974359
1 0.5731646826923077 0.4743224198717949 0.6108630961538462 0.3820317467948718 0.4154265865384615 0.3273809519230769 0.3807043653846154 0.4167646314102564 0.5731646826923077 0.4743224198717949