0 0.18175789743589743 0.337183 0.2373880512820513 0.33912564743589746 0.23955222756410258 0.2771517019230769 0.1839220769230769 0.27520905448717947 0.18175789743589743 0.337183
0 0.30568176923076923 0.3771767724358974 0.3520402275641026 0.37879564743589744 0.3540680801282051 0.3207255737179487 0.3077096185897436 0.31910670192307694 0.30568176923076923 0.3771767724358974
0 0.3437127435897436 0.3934065032051282 0.3993428974358974 0.39534915064102566 0.4014559519230769 0.3348391570512821 0.34582580128205126 0.3328965096153846 0.3437127435897436 0.3934065032051282
0 0.3923693782051282 0.39217415384615384 0.444095657051282 0.3939804743589744 0.445544125 0.35250185256410255 0.39381784294871797 0.35069552884615385 0.3923693782051282 0.39217415384615384
0 0.425213782051282 0.4170171826923077 0.48767570833333335 0.4191984006410256 0.48960131730769224 0.36405623076923077 0.4271393910256411 0.3618750128205128 0.425213782051282 0.4170171826923077
0 0.4753026057692307 0.4307365064102564 0.5319087275641026 0.43271323397435896 0.5335105608974359 0.3868427564102564 0.4769044391025641 0.3848660256410256 0.4753026057692307 0.4307365064102564
0 0.5190499647435898 0.45815887820512824 0.5756560833333334 0.4601356057692308 0.5782974038461538 0.3844981153846154 0.5216912820512821 0.3825213846153846 0.5190499647435898 0.45815887820512824
0 0.5633511442307693 0.46972177564102563 0.6385006538461538 0.47234605448717953 0.6402728942307692 0.4215957403846154 0.5651233846153847 0.41897146153846154 0.5633511442307693 0.46972177564102563
0 0.6134879935897436 0.4890614326923077 0.6886374999999999 0.4916857115384616 0.6906823942307693 0.43312765705128203 0.6155328846153846 0.43050337820512824 0.6134879935897436 0.4890614326923077
0 0.4498422371794871 0.5092414743589744 0.48644102243589743 0.5105195320512821 0.48826438461538463 0.45830526602564103 0.4516655993589744 0.4570272083333333 0.4498422371794871 0.5092414743589744
3 0.2322611217948718 0.3460310032051282 0.27471571474358975 0.3475135512820513 0.27677764743589744 0.28846750961538464 0.2343230576923077 0.28698496474358975 0.2322611217948718 0.3460310032051282
3 0.2689389134615385 0.35903771474358975 0.3070016474358974 0.36036689423076923 0.3087398076923077 0.3105925480769231 0.2706770737179487 0.3092633685897436 0.2689389134615385 0.35903771474358975
3 0.478879592948718 0.5241799807692308 0.529629907051282 0.5259522211538462 0.531333983974359 0.4771538397435897 0.48058366987179485 0.4753815993589744 0.478879592948718 0.5241799807692308
3 0.5224511025641025 0.7035442435897437 0.5927207692307692 0.7059981153846154 0.5948679038461538 0.6445121570512821 0.5245982371794872 0.6420582852564102 0.5224511025641025 0.7035442435897437
2 0.23267658012820513 0.24552371153846153 0.18258004487179486 0.3440648108974359 0.9277423782051282 0.6093939391025641 0.9546359583333334 0.514387233974359 0.23267658012820513 0.24552371153846153
1 0.5740162467948718 0.47689147115384617 0.614912592948718 0.3859726762820513 0.4215024230769231 0.32453453846153846 0.38368191025641024 0.4126519775641026 0.5740162467948718 0.47689147115384617