0 0.47955865064102565 0.32920489102564104 0.5244189615384616 0.326853858974359 0.5225534711538462 0.29125817948717947 0.4776931602564103 0.2936092083333333 0.47955865064102565 0.32920489102564104
0 0.35545686858974357 0.47090383333333335 0.4139703173076923 0.4678372756410256 0.4111337467948718 0.41371233333333335 0.3526202980769231 0.416778891025641 0.35545686858974357 0.47090383333333335
0 0.6266820544871795 0.8133795256410257 0.7007990897435897 0.8094952179487179 0.6968381153846154 0.7339153461538461 0.622721080128205 0.7377996538461539 0.6266820544871795 0.8133795256410257
0 0.691212951923077 0.8131757916666666 0.7565529711538461 0.8097514647435897 0.7522342307692308 0.7273450224358974 0.6868942147435897 0.7307693493589743 0.691212951923077 0.8131757916666666
0 0.7496870320512821 0.8140229038461538 0.8242916794871795 0.8101130416666666 0.8200240480769231 0.7286818205128205 0.7454194038461538 0.7325916858974358 0.7496870320512821 0.8140229038461538
0 0.668779766025641 0.3104871057692308 0.6926727564102564 0.3092349262820513 0.69126725 0.2824162628205128 0.6673742596153845 0.2836684423076923 0.668779766025641 0.3104871057692308
0 0.6699169487179487 0.33218584294871795 0.6947851634615385 0.33088255448717946 0.693481875 0.3060143397435897 0.6686136602564102 0.3073176282051282 0.6699169487179487 0.33218584294871795
3 0.2220414423076923 0.4302230833333333 0.27567877243589745 0.4274120705128205 0.2734299647435897 0.3845022083333334 0.2197926346153846 0.38731322115384614 0.2220414423076923 0.4302230833333333
3 0.14626848717948718 0.7243867980769231 0.21550940064102564 0.7207580352564102 0.2127750512820513 0.6685835448717948 0.14353413782051283 0.6722123076923078 0.14626848717948718 0.7243867980769231
3 0.6142534903846154 0.6741907980769231 0.6620394743589744 0.6716864391025641 0.6592284615384616 0.6180491089743589 0.6114424775641025 0.620553467948718 0.6142534903846154 0.6741907980769231
3 0.4857608397435897 0.42422535897435903 0.5276954807692308 0.42202765705128203 0.5262899743589744 0.3952089935897436 0.48435533333333336 0.3974066955128205 0.4857608397435897 0.42422535897435903
3 0.7628184262820513 0.4488214935897436 0.8081663493589744 0.44644490705128204 0.8060197564102564 0.4054854935897436 0.7606718333333333 0.4078620769230769 0.7628184262820513 0.4488214935897436
3 0.16296301923076922 0.4924823653846154 0.20050915064102565 0.49051465705128205 0.19887365064102563 0.45930748397435894 0.16132751923076924 0.46127519230769226 0.16296301923076922 0.4924823653846154
2 0 0.5130929583333333 0.002197887820512821 0.5550311474358974 0.45219329807692304 0.35075978205128205 0.41917529807692305 0.3036258429487179 0 0.47595802884615385 0 0.5130929583333333
1 0.3370312051282051 0.40432285897435893 0.30497685256410256 0.3424039391025641 0.15625566987179487 0.40485334294871794 0.19830435897435897 0.458440907051282 0.3370312051282051 0.40432285897435893