3 0.11518978205128204 0.7526039455128205 0.1615694358974359 0.7517943846153846 0.1610496153846154 0.722013766025641 0.11466995833333332 0.7228233269230769 0.11518978205128204 0.7526039455128205
3 0.05641210897435897 0.6586447467948718 0.0944922467948718 0.6579800544871794 0.0939553814102564 0.6272230192307692 0.05587524038461538 0.6278877083333334 0.05641210897435897 0.6586447467948718
3 0.10787847756410256 0.5715516282051282 0.12935958012820511 0.5711766730769231 0.12908688782051284 0.5555540544871794 0.10760578525641026 0.5559290064102564 0.10787847756410256 0.5715516282051282
3 0.10930172435897435 0.5551668717948718 0.1273653814102564 0.5548515673076923 0.12713529487179487 0.541669983974359 0.10907164102564103 0.5419852852564103 0.10930172435897435 0.5551668717948718
3 0.12877034935897436 0.5514085544871795 0.14634580128205127 0.5511017756410257 0.14609866987179487 0.5369437756410256 0.12852322115384615 0.5372505544871795 0.12877034935897436 0.5514085544871795
3 0.20667454166666666 0.6359993237179488 0.22962026923076925 0.6355988044871795 0.22920270512820515 0.6116766666666666 0.20625698076923074 0.612077185897436 0.20667454166666666 0.6359993237179488
3 0.36725021153846155 0.6026742403846155 0.39703083012820517 0.6021544166666667 0.3966303108974359 0.5792086891025641 0.3668496923076923 0.5797285128205127 0.36725021153846155 0.6026742403846155
3 0.29995627243589745 0.5384092019230768 0.31899633974358976 0.538076858974359 0.3187406891025641 0.5234306538461538 0.29970062179487184 0.523763 0.29995627243589745 0.5384092019230768
3 0.2765960128205128 0.5290498461538461 0.2931950448717949 0.528760108974359 0.29290530769230766 0.5121610769230769 0.27630627564102567 0.5124508141025641 0.2765960128205128 0.5290498461538461
3 0.4087429775641026 0.5597072147435898 0.4424292532051282 0.5591192211538462 0.4420713429487179 0.5386145320512821 0.4083850673076923 0.5392025288461538 0.4087429775641026 0.5597072147435898
3 0.5331176666666666 0.5367811346153847 0.5497167019230769 0.5364913974358974 0.5494013974358974 0.5184277435897436 0.5328023621794872 0.5187174807692307 0.5331176666666666 0.5367811346153847
3 0.5845114743589743 0.5434535641025641 0.6074571987179487 0.5430530448717948 0.6070992852564102 0.522548358974359 0.5841535641025641 0.5229488782051283 0.5845114743589743 0.5434535641025641
3 0.5420685384615385 0.531985516025641 0.5650142596153847 0.5315849967948718 0.5647245224358974 0.5149859647435898 0.5417788012820512 0.5153864839743589 0.5420685384615385 0.531985516025641
3 0.5873098685897435 0.5219170705128204 0.6063499358974359 0.5215847243589743 0.6060601987179487 0.504985689102564 0.5870201314102564 0.5053180352564102 0.5873098685897435 0.5219170705128204
3 0.6063669775641026 0.522561141025641 0.6263834615384615 0.5222117500000001 0.6260937243589744 0.5056127147435898 0.6060772403846154 0.5059621057692307 0.6063669775641026 0.522561141025641
3 0.22049482692307693 0.532470875 0.24441696474358976 0.5320533108974359 0.24416983653846153 0.5178953108974359 0.22024769871794872 0.518312875 0.22049482692307693 0.532470875
3 0.3570917307692308 0.5103081634615385 0.37466717628205126 0.5100013814102564 0.3744967435897436 0.5002372435897435 0.35692129487179486 0.5005440256410256 0.3570917307692308 0.5103081634615385
3 0.46268323397435895 0.4884424743589743 0.47830585576923074 0.4881697820512821 0.47803316025641024 0.4725471602564103 0.4624105416666667 0.47281985576923075 0.46268323397435895 0.4884424743589743
3 0.5404073621794873 0.47878374999999995 0.5511479166666666 0.4785962724358974 0.550892266025641 0.4639500673076923 0.5401517115384615 0.46413754487179487 0.5404073621794873 0.47878374999999995
3 0.5484798205128205 0.4796195576923077 0.55775575 0.47945764423076925 0.5575682724358975 0.46871709615384616 0.5482923429487179 0.46887900641025637 0.5484798205128205 0.4796195576923077
3 0.5537380769230769 0.4870972852564103 0.56594325 0.4868842435897436 0.5655938621794872 0.4668677596153846 0.5533886891025641 0.46708080128205126 0.5537380769230769 0.4870972852564103
3 0.5635576057692308 0.4901001955128205 0.5908971923076923 0.4896229807692308 0.5905648461538462 0.4705829134615384 0.5632252596153846 0.47106012820512827 0.5635576057692308 0.4901001955128205
3 0.5357596442307692 0.49229465705128206 0.5479648108974359 0.49208161538461537 0.5478199423076924 0.4837820993589743 0.5356147756410257 0.483995141025641 0.5357596442307692 0.49229465705128206
3 0.5647470641025641 0.5022883237179487 0.5803696858974359 0.5020156314102564 0.5801140352564103 0.48736942628205127 0.5644914134615384 0.4876421185897436 0.5647470641025641 0.5022883237179487
3 0.853003826923077 0.6354614294871795 0.8827844487179487 0.6349416057692308 0.8824265384615384 0.6144369166666667 0.8526459166666667 0.6149567371794872 0.853003826923077 0.6354614294871795
3 0.8571122147435898 0.6190298012820512 0.8907984903846153 0.6184418076923077 0.8904491025641025 0.5984253237179487 0.8567628269230769 0.5990133205128205 0.8571122147435898 0.6190298012820512
3 0.8590492339743591 0.6041011474358974 0.8946883365384616 0.6034790641025641 0.8943815576923078 0.5859036121794872 0.858742455128205 0.5865256955128205 0.8590492339743591 0.6041011474358974
3 0.1522680641025641 0.6525763717948718 0.18790716987179487 0.6519542884615385 0.18754925961538463 0.6314496025641027 0.15191015384615386 0.6320716858974359 0.1522680641025641 0.6525763717948718
3 0.15921621794871796 0.6309674455128205 0.19387890384615383 0.6303624038461538 0.19370847115384615 0.6205982660256409 0.15904578205128206 0.6212033076923077 0.15921621794871796 0.6309674455128205
3 0.15999236858974358 0.6194775384615385 0.18733195512820514 0.6190003237179487 0.1872041314102564 0.6116772211538462 0.15986454487179488 0.6121544358974359 0.15999236858974358 0.6194775384615385
3 0.1683339391025641 0.5797751314102564 0.20055559615384616 0.5792126987179487 0.20026585897435897 0.5626136666666667 0.16804420192307692 0.5631760961538461 0.1683339391025641 0.5797751314102564
3 0.16509970833333332 0.5903312307692308 0.20562088141025642 0.5896239326923077 0.20540783974358973 0.5774187596153846 0.16488666666666665 0.5781260576923076 0.16509970833333332 0.5903312307692308
3 0.16553128846153845 0.6010675192307692 0.1977529455128205 0.6005050897435897 0.1975825128205128 0.5907409519230769 0.16536085576923076 0.5913033814102564 0.16553128846153845 0.6010675192307692
3 0.16550448717948718 0.6135210576923077 0.19626152243589745 0.6129841923076923 0.1960314358974359 0.5998026057692308 0.16527440384615383 0.6003394711538461 0.16550448717948718 0.6135210576923077
2 0.14607408653846152 0.7173916089743589 0.2022178782051282 0.7164116153846154 0.19932902564102564 0.550909483974359 0.1431852371794872 0.5518894775641026 0.14607408653846152 0.7173916089743589
1 0.15001395512820512 0.6213609583333334 0.20371671153846155 0.6204235737179488 0.2029668044871795 0.5774613653846153 0.14926404487179487 0.5783987532051282 0.15001395512820512 0.6213609583333334
1 0.5613168333333334 0.5016156666666667 0.5959795224358975 0.5010106282051282 0.595289266025641 0.4614658685897436 0.5606265769230769 0.4620709102564102 0.5613168333333334 0.5016156666666667
0 0.3533066153846154 0.503293076923077 0.3650235801282051 0.5030885576923076 0.36486166666666664 0.49381262499999995 0.3531447019230769 0.49401714423076926 0.3533066153846154 0.503293076923077
0 0.27878565384615384 0.5146051314102564 0.2919672435897436 0.5143750480769231 0.2918138525641026 0.5055873237179487 0.27863226282051284 0.5058174102564102 0.27878565384615384 0.5146051314102564
0 0.47599251923076924 0.593450798076923 0.49161513782051286 0.5931781057692308 0.4913339230769231 0.5770672788461538 0.4757113044871795 0.5773399743589744 0.47599251923076924 0.593450798076923
0 0.48926784294871795 0.5985909903846154 0.5102607403846153 0.5982245576923076 0.5099624807692308 0.5811373141025641 0.48896958333333335 0.5815037467948718 0.48926784294871795 0.5985909903846154
0 0.425181766025641 0.6761372692307692 0.4427572115384616 0.6758304903846154 0.44248451923076926 0.6602078685897437 0.4249090705128205 0.6605146506410257 0.425181766025641 0.6761372692307692
0 0.2574772051282051 0.6927385256410257 0.3009276185897436 0.6919800961538461 0.30050153525641027 0.66756975 0.2570511217948718 0.6683281794871795 0.2574772051282051 0.6927385256410257
0 0.14250448397435897 0.6947453814102564 0.18351386217948717 0.694029560897436 0.18302812499999999 0.6662017660256411 0.14201874679487178 0.6669175897435897 0.14250448397435897 0.6947453814102564
0 0.15277634294871795 0.6677065224358975 0.18450978846153845 0.6671526153846153 0.18418596474358973 0.6486007532051282 0.15245251602564103 0.6491546634615385 0.15277634294871795 0.6677065224358975
0 0.16143334294871797 0.5481524647435898 0.17852058333333334 0.5478542051282052 0.17825641025641026 0.5327197916666666 0.1611691698717949 0.5330180512820514 0.16143334294871797 0.5481524647435898
0 0.44071268910256417 0.5027441089743591 0.44852400000000003 0.5026077628205129 0.44828539102564097 0.4889379679487179 0.4404740801282051 0.4890743141025641 0.44071268910256417 0.5027441089743591
0 0.4507264262820513 0.48889535897435893 0.46146698076923076 0.48870788461538456 0.4613050673076923 0.47943195192307697 0.45056451602564107 0.4796194294871795 0.4507264262820513 0.48889535897435893
0 0.45205469871794873 0.48105848397435896 0.4623070448717949 0.48087952884615387 0.46217922115384613 0.4735564262820513 0.45192687499999995 0.47373538141025645 0.45205469871794873 0.48105848397435896
0 0.5070150865384615 0.4962148846153846 0.5177556378205128 0.496027407051282 0.5175340737179487 0.4833340256410257 0.5067935224358974 0.4835215032051282 0.5070150865384615 0.4962148846153846
0 0.5192914583333333 0.5140697596153847 0.5329612499999999 0.5138311506410256 0.5328163814102564 0.5055316346153845 0.5191465897435897 0.5057702403846154 0.5192914583333333 0.5140697596153847
0 0.5274120192307692 0.5036725448717949 0.5366879487179487 0.5035106314102564 0.5365601249999999 0.49618752884615386 0.5272841955128205 0.49634944230769235 0.5274120192307692 0.5036725448717949
0 0.5536303205128206 0.4949128557692308 0.5629062532051282 0.49475094551282045 0.562701733974359 0.4830339775641026 0.5534258012820512 0.483195891025641 0.5536303205128206 0.4949128557692308
0 0.5356774519230769 0.5015748493589743 0.5498354487179488 0.5013277211538462 0.5496053621794872 0.4881461346153846 0.5354473653846153 0.4883932628205129 0.5356774519230769 0.5015748493589743
0 0.5288450256410256 0.4738578365384616 0.542026608974359 0.47362775320512823 0.5417709583333333 0.4589815480769231 0.528589375 0.45921163141025645 0.5288450256410256 0.4738578365384616
0 0.273813 0.4255670288461539 0.28894741346153846 0.425302858974359 0.28867471794871796 0.40968023717948715 0.2735403076923077 0.4099444102564102 0.273813 0.4255670288461539
0 0.28740609615384616 0.42093456089743586 0.2991230641025641 0.4207300384615385 0.29886741346153844 0.4060838333333333 0.2871504487179487 0.4062883557692308 0.28740609615384616 0.42093456089743586
0 0.3492123717948718 0.4086235480769231 0.3604411314102564 0.40842755128205127 0.36027069871794876 0.3986634134615385 0.3490419391025641 0.39885941025641025 0.3492123717948718 0.4086235480769231
0 0.2609917980769231 0.41846549038461534 0.27563800320512816 0.4182098397435898 0.2754334807692308 0.40649287500000003 0.2607872756410256 0.40674852564102565 0.2609917980769231 0.41846549038461534
0 0.3971863108974359 0.8768517435897436 0.3968369230769231 0.8568352596153846 0.3577803717948718 0.8575169935897435 0.3581297596153846 0.8775334775641025 0.3971863108974359 0.8768517435897436
3 0.4787551602564103 0.4439657564102564 0.49291316025641024 0.44371862500000003 0.4927256826923077 0.4329780737179487 0.4785676826923077 0.4332252019230769 0.4787551602564103 0.4439657564102564
0 0.8490403141025641 0.6601925705128205 0.8837029999999999 0.6595875320512821 0.8832257884615384 0.6322479455128205 0.8485630993589743 0.632852983974359 0.8490403141025641 0.6601925705128205
0 0.843365048076923 0.6707912788461539 0.871681044871795 0.6702970224358974 0.8712464391025642 0.6453984679487179 0.8429304423076923 0.6458927275641025 0.843365048076923 0.6707912788461539
0 0.8286749935897436 0.6825240512820513 0.8565027884615384 0.6820383173076923 0.8561022692307692 0.6590925897435898 0.8282744743589743 0.6595783269230769 0.8286749935897436 0.6825240512820513
2 0.5449700416666666 0.46151088782051286 0.521998641025641 0.4718340032051282 0.6361652147435897 0.5227592467948718 0.6492177371794872 0.5126092692307692 0.5449700416666666 0.46151088782051286