3 0.11083984294871795 0.7458496089743589 0.1572265641025641 0.7458496089743589 0.1572265641025641 0.7160644519230769 0.11083984294871795 0.7160644519230769 0.11083984294871795 0.7458496089743589
3 0.053710935897435905 0.650878907051282 0.091796875 0.650878907051282 0.091796875 0.6201171858974359 0.053710935897435905 0.6201171858974359 0.053710935897435905 0.650878907051282
3 0.10668945192307693 0.5646972660256411 0.12817382692307694 0.5646972660256411 0.12817382692307694 0.5490722660256411 0.10668945192307693 0.5490722660256411 0.10668945192307693 0.5646972660256411
3 0.1083984358974359 0.548339842948718 0.12646484294871796 0.548339842948718 0.12646484294871796 0.53515625 0.1083984358974359 0.53515625 0.1083984358974359 0.548339842948718
3 0.1279296858974359 0.544921875 0.1455078141025641 0.544921875 0.1455078141025641 0.530761717948718 0.1279296858974359 0.530761717948718 0.1279296858974359 0.544921875
3 0.20434570192307694 0.630859375 0.22729492307692306 0.630859375 0.22729492307692306 0.606933592948718 0.20434570192307694 0.606933592948718 0.20434570192307694 0.630859375
3 0.365478516025641 0.6003417980769231 0.39526367307692306 0.6003417980769231 0.39526367307692306 0.5773925769230769 0.365478516025641 0.5773925769230769 0.365478516025641 0.6003417980769231
3 0.29931640705128204 0.5349121089743589 0.318359375 0.5349121089743589 0.318359375 0.5202636730769231 0.29931640705128204 0.5202636730769231 0.29931640705128204 0.5349121089743589
3 0.27612304807692306 0.5251464839743589 0.292724608974359 0.5251464839743589 0.292724608974359 0.5085449230769231 0.27612304807692306 0.5085449230769231 0.27612304807692306 0.5251464839743589
3 0.40771484294871796 0.558105467948718 0.44140625 0.558105467948718 0.44140625 0.537597657051282 0.40771484294871796 0.537597657051282 0.40771484294871796 0.558105467948718
3 0.5324707019230769 0.5373535160256411 0.5490722660256411 0.5373535160256411 0.5490722660256411 0.5192871089743589 0.5324707019230769 0.5192871089743589 0.5324707019230769 0.5373535160256411
3 0.5837402339743589 0.544921875 0.6066894519230769 0.544921875 0.6066894519230769 0.5244140641025641 0.5837402339743589 0.5244140641025641 0.5837402339743589 0.544921875
3 0.541503907051282 0.532714842948718 0.564453125 0.532714842948718 0.564453125 0.516113282051282 0.541503907051282 0.516113282051282 0.541503907051282 0.532714842948718
3 0.5869140641025641 0.5234375 0.605957032051282 0.5234375 0.605957032051282 0.5068359358974359 0.5869140641025641 0.5068359358974359 0.5869140641025641 0.5234375
3 0.605957032051282 0.5244140641025641 0.6259765641025641 0.5244140641025641 0.6259765641025641 0.5078125 0.605957032051282 0.5078125 0.605957032051282 0.5244140641025641
3 0.21997070192307694 0.5275878910256411 0.24389648397435898 0.5275878910256411 0.24389648397435898 0.5134277339743589 0.21997070192307694 0.5134277339743589 0.21997070192307694 0.5275878910256411
3 0.35693359294871796 0.5078125 0.37451171794871796 0.5078125 0.37451171794871796 0.498046875 0.35693359294871796 0.498046875 0.35693359294871796 0.5078125
3 0.462890625 0.48779296794871796 0.478515625 0.48779296794871796 0.478515625 0.47216796794871796 0.462890625 0.47216796794871796 0.462890625 0.48779296794871796
3 0.5407714839743589 0.4794921858974359 0.5515136730769231 0.4794921858974359 0.5515136730769231 0.46484375 0.5407714839743589 0.46484375 0.5407714839743589 0.4794921858974359
3 0.548828125 0.48046875 0.558105467948718 0.48046875 0.558105467948718 0.4697265641025641 0.548828125 0.4697265641025641 0.548828125 0.48046875
3 0.5539550769230769 0.4880371089743589 0.5661621089743589 0.4880371089743589 0.5661621089743589 0.4680175769230769 0.5539550769230769 0.4680175769230769 0.5539550769230769 0.4880371089743589
3 0.5637207019230769 0.4912109358974359 0.5910644519230769 0.4912109358974359 0.5910644519230769 0.47216796794871796 0.5637207019230769 0.47216796794871796 0.5637207019230769 0.4912109358974359
3 0.5358886730769231 0.4929199230769231 0.5480957019230769 0.4929199230769231 0.5480957019230769 0.4846191410256411 0.5358886730769231 0.4846191410256411 0.5358886730769231 0.4929199230769231
3 0.5646972660256411 0.503417967948718 0.5803222660256411 0.503417967948718 0.5803222660256411 0.48876953205128204 0.5646972660256411 0.48876953205128204 0.5646972660256411 0.503417967948718
3 0.8505859358974359 0.6416015641025641 0.8803710929487178 0.6416015641025641 0.8803710929487178 0.62109375 0.8505859358974359 0.62109375 0.8505859358974359 0.6416015641025641
3 0.8549804679487178 0.6252441410256411 0.888671875 0.6252441410256411 0.888671875 0.6052246089743589 0.8549804679487178 0.6052246089743589 0.8549804679487178 0.6252441410256411
3 0.857177733974359 0.6103515641025641 0.892822266025641 0.6103515641025641 0.892822266025641 0.5927734358974359 0.857177733974359 0.5927734358974359 0.857177733974359 0.6103515641025641
3 0.14965820192307694 0.646484375 0.18530273397435898 0.646484375 0.18530273397435898 0.6259765641025641 0.14965820192307694 0.6259765641025641 0.14965820192307694 0.646484375
3 0.15698242307692306 0.625 0.19165039102564102 0.625 0.19165039102564102 0.615234375 0.15698242307692306 0.615234375 0.15698242307692306 0.625
3 0.15795898397435898 0.6135253910256411 0.18530273397435898 0.6135253910256411 0.18530273397435898 0.6062011730769231 0.15795898397435898 0.6062011730769231 0.15795898397435898 0.6135253910256411
3 0.1669921858974359 0.5739746089743589 0.19921875 0.5739746089743589 0.19921875 0.5573730480769231 0.1669921858974359 0.5573730480769231 0.1669921858974359 0.5739746089743589
3 0.16357421794871796 0.584472657051282 0.2041015641025641 0.584472657051282 0.2041015641025641 0.572265625 0.16357421794871796 0.572265625 0.16357421794871796 0.584472657051282
3 0.16381835897435898 0.595214842948718 0.19604492307692306 0.595214842948718 0.19604492307692306 0.585449217948718 0.16381835897435898 0.585449217948718 0.16381835897435898 0.595214842948718
3 0.16357421794871796 0.6076660160256411 0.1943359358974359 0.6076660160256411 0.1943359358974359 0.5944824230769231 0.16357421794871796 0.5944824230769231 0.16357421794871796 0.6076660160256411
2 0.14233398397435898 0.7111816410256411 0.19848632692307694 0.7111816410256411 0.19848632692307694 0.5456542980769231 0.14233398397435898 0.5456542980769231 0.14233398397435898 0.7111816410256411
1 0.14794921794871796 0.615234375 0.20166015705128204 0.615234375 0.20166015705128204 0.572265625 0.14794921794871796 0.572265625 0.14794921794871796 0.615234375
1 0.5612792980769231 0.5026855480769231 0.5959472660256411 0.5026855480769231 0.5959472660256411 0.4631347660256411 0.5612792980769231 0.4631347660256411 0.5612792980769231 0.5026855480769231
0 0.353271483974359 0.5007324230769231 0.364990233974359 0.5007324230769231 0.364990233974359 0.4914550769230769 0.353271483974359 0.4914550769230769 0.353271483974359 0.5007324230769231
0 0.27856445192307694 0.5107421858974359 0.29174804807692306 0.5107421858974359 0.29174804807692306 0.501953125 0.27856445192307694 0.501953125 0.27856445192307694 0.5107421858974359
0 0.4743652339743589 0.5930175769230769 0.4899902339743589 0.5930175769230769 0.4899902339743589 0.5769042980769231 0.4743652339743589 0.5769042980769231 0.4743652339743589 0.5930175769230769
0 0.4875488269230769 0.5983886730769231 0.5085449230769231 0.5983886730769231 0.5085449230769231 0.5812988269230769 0.4875488269230769 0.5812988269230769 0.4875488269230769 0.5983886730769231
0 0.4221191410256411 0.6748046858974359 0.4396972660256411 0.6748046858974359 0.4396972660256411 0.6591796858974359 0.4221191410256411 0.6591796858974359 0.4221191410256411 0.6748046858974359
0 0.254150391025641 0.6884765641025641 0.29760742307692306 0.6884765641025641 0.29760742307692306 0.6640625 0.254150391025641 0.6640625 0.254150391025641 0.6884765641025641
0 0.13916015705128204 0.6884765641025641 0.18017578205128204 0.6884765641025641 0.18017578205128204 0.660644532051282 0.13916015705128204 0.660644532051282 0.13916015705128204 0.6884765641025641
0 0.14990234294871796 0.661621092948718 0.181640625 0.661621092948718 0.181640625 0.643066407051282 0.14990234294871796 0.643066407051282 0.14990234294871796 0.661621092948718
0 0.16064453205128204 0.5422363269230769 0.177734375 0.5422363269230769 0.177734375 0.5270996089743589 0.16064453205128204 0.5270996089743589 0.16064453205128204 0.5422363269230769
0 0.4406738269230769 0.5017089839743589 0.4484863269230769 0.5017089839743589 0.4484863269230769 0.4880371089743589 0.4406738269230769 0.4880371089743589 0.4406738269230769 0.5017089839743589
0 0.4509277339743589 0.4880371089743589 0.4616699230769231 0.4880371089743589 0.4616699230769231 0.4787597660256411 0.4509277339743589 0.4787597660256411 0.4509277339743589 0.4880371089743589
0 0.4523925769230769 0.4802246089743589 0.4626464839743589 0.4802246089743589 0.4626464839743589 0.4729003910256411 0.4523925769230769 0.4729003910256411 0.4523925769230769 0.4802246089743589
0 0.5070800769230769 0.4963378910256411 0.5178222660256411 0.4963378910256411 0.5178222660256411 0.4836425769230769 0.5070800769230769 0.4836425769230769 0.5070800769230769 0.4963378910256411
0 0.519042967948718 0.5144042980769231 0.532714842948718 0.5144042980769231 0.532714842948718 0.5061035160256411 0.519042967948718 0.5061035160256411 0.519042967948718 0.5144042980769231
0 0.52734375 0.5041503910256411 0.536621092948718 0.5041503910256411 0.536621092948718 0.4968261730769231 0.52734375 0.4968261730769231 0.52734375 0.5041503910256411
0 0.5537109358974359 0.4958496089743589 0.562988282051282 0.4958496089743589 0.562988282051282 0.4841308589743589 0.5537109358974359 0.4841308589743589 0.5537109358974359 0.4958496089743589
0 0.535644532051282 0.5021972660256411 0.5498046858974359 0.5021972660256411 0.5498046858974359 0.4890136730769231 0.535644532051282 0.4890136730769231 0.535644532051282 0.5021972660256411
0 0.529296875 0.4743652339743589 0.542480467948718 0.4743652339743589 0.542480467948718 0.4597167980769231 0.529296875 0.4597167980769231 0.529296875 0.4743652339743589
0 0.275146483974359 0.4216308589743589 0.29028320192307694 0.4216308589743589 0.29028320192307694 0.406005858974359 0.275146483974359 0.406005858974359 0.275146483974359 0.4216308589743589
0 0.288818358974359 0.4172363269230769 0.300537108974359 0.4172363269230769 0.300537108974359 0.402587891025641 0.288818358974359 0.402587891025641 0.288818358974359 0.4172363269230769
0 0.35083007692307694 0.406005858974359 0.36206054807692306 0.406005858974359 0.36206054807692306 0.396240233974359 0.35083007692307694 0.396240233974359 0.35083007692307694 0.406005858974359
0 0.26245117307692306 0.4143066410256411 0.277099608974359 0.4143066410256411 0.277099608974359 0.402587891025641 0.26245117307692306 0.402587891025641 0.26245117307692306 0.4143066410256411
0 0.390625 0.875 0.390625 0.8549804679487178 0.3515625 0.8549804679487178 0.3515625 0.875 0.390625 0.875
3 0.4797363269230769 0.4436035160256411 0.4938964839743589 0.4436035160256411 0.4938964839743589 0.4328613269230769 0.4797363269230769 0.4328613269230769 0.4797363269230769 0.4436035160256411
0 0.8461914070512822 0.6662597660256411 0.880859375 0.6662597660256411 0.880859375 0.6389160160256411 0.8461914070512822 0.6389160160256411 0.8461914070512822 0.6662597660256411
0 0.8403320320512822 0.6767578141025641 0.8686523429487178 0.6767578141025641 0.8686523429487178 0.651855467948718 0.8403320320512822 0.651855467948718 0.8403320320512822 0.6767578141025641
0 0.8254394519230769 0.6882324230769231 0.853271483974359 0.6882324230769231 0.853271483974359 0.6652832019230769 0.8254394519230769 0.6652832019230769 0.8254394519230769 0.6882324230769231
2 0.5456349198717948 0.4623015865384615 0.5224868557692307 0.4722222211538462 0.6357472724358975 0.5251321923076923 0.6489749487179487 0.5152115576923076 0.5456349198717948 0.4623015865384615