3 0.09850640064102564 0.7251456121794871 0.14482954807692308 0.7275733044871795 0.14638838461538461 0.697828967948718 0.10006523397435897 0.6954012756410256 0.09850640064102564 0.7251456121794871
3 0.046426166666666664 0.6273151666666666 0.08445991025641025 0.6293084326923077 0.08606985576923078 0.5985888685897436 0.048036112179487174 0.5965956057692308 0.046426166666666664 0.6273151666666666
3 0.10384247756410257 0.5440243173076923 0.12529740705128203 0.5451487211538462 0.12611515705128204 0.5295451346153847 0.10466022756410255 0.5284207307692308 0.10384247756410257 0.5440243173076923
3 0.10640520192307691 0.5277787532051281 0.12444684935897435 0.5287242756410256 0.12513682371794874 0.5155587500000001 0.10709517628205127 0.5146132275641025 0.10640520192307691 0.5277787532051281
3 0.1260885673076923 0.5253876570512821 0.14364260256410255 0.526307625 0.1443836891025641 0.5121668717948717 0.12682965064102564 0.5112469038461539 0.1260885673076923 0.5253876570512821
3 0.19790223397435897 0.615206685897436 0.22082000641025643 0.6164077564102565 0.22207218269230766 0.5925147628205129 0.19915441346153848 0.5913136923076923 0.19790223397435897 0.615206685897436
3 0.3604113878205128 0.5931639711538461 0.3901557275641026 0.5947228076923077 0.39135679487179487 0.5718050384615385 0.36161245833333333 0.570246201923077 0.3604113878205128 0.5931639711538461
3 0.29776427884615386 0.524361294871795 0.3167811474358974 0.5253579262820514 0.31754778846153847 0.5107295673076923 0.29853091666666665 0.5097329358974358 0.29776427884615386 0.524361294871795
3 0.27511379807692304 0.5133952083333333 0.29169260897435895 0.5142640673076924 0.29256146474358974 0.49768525641025646 0.27598265705128205 0.49681639743589745 0.27511379807692304 0.5133952083333333
3 0.4048003108974359 0.5531960032051282 0.4384455448717948 0.5549592756410257 0.4395188429487179 0.5344795705128205 0.40587360576923076 0.532716298076923 0.4048003108974359 0.5531960032051282
3 0.5304712692307693 0.5390017083333333 0.5470500833333334 0.5398705673076923 0.5479956057692308 0.5218289198717948 0.5314167916666667 0.5209600608974359 0.5304712692307693 0.5390017083333333
3 0.5812744423076923 0.5492429358974359 0.6041922083333333 0.5504440064102564 0.6052655032051282 0.5299643012820513 0.5823477371794872 0.5287632307692308 0.5812744423076923 0.5492429358974359
3 0.5397348653846153 0.5348421538461539 0.5626526314102563 0.5360432243589743 0.5635214903846154 0.5194644166666667 0.5406037243589744 0.5182633461538462 0.5397348653846153 0.5348421538461539
3 0.5855683269230769 0.5279541089743589 0.6045851987179487 0.5289507435897436 0.6054540576923078 0.5123719294871795 0.5864371858974359 0.5113752980769231 0.5855683269230769 0.5279541089743589
3 0.6045340897435897 0.5299259679487179 0.6245261826923078 0.5309737083333333 0.6253950416666667 0.5143948974358974 0.6054029455128205 0.513347157051282 0.6045340897435897 0.5299259679487179
3 0.2189106346153846 0.5128944807692307 0.24280362500000002 0.5141466602564103 0.24354471153846155 0.5000059102564103 0.21965171794871793 0.4987537307692308 0.2189106346153846 0.5128944807692307
3 0.35672078525641027 0.5003142756410256 0.3742748205128205 0.5012342435897436 0.37478591346153844 0.49148200320512825 0.3572318782051282 0.49056203525641023 0.35672078525641027 0.5003142756410256
3 0.46358034935897435 0.4858675416666667 0.4791839358974359 0.4866852916666667 0.4800016858974359 0.4710817051282052 0.4643980993589744 0.4702639551282051 0.46358034935897435 0.4858675416666667
3 0.5417889038461539 0.4816541057692308 0.5525163717948718 0.4822163076923077 0.5532830128205128 0.46758794871794873 0.5425555448717949 0.4670257435897436 0.5417889038461539 0.4816541057692308
3 0.5497833942307693 0.48305098397435897 0.5590480224358974 0.48353652243589745 0.5596102243589743 0.4728090576923077 0.5503455961538462 0.4723235192307692 0.5497833942307693 0.48305098397435897
3 0.5545072211538461 0.4908772948717949 0.5666975256410256 0.4915161602564102 0.567745266025641 0.47152406410256414 0.5555549647435897 0.4708851987179487 0.5545072211538461 0.4908772948717949
3 0.564093358974359 0.4945578653846154 0.5913996346153846 0.4959889262820513 0.592396266025641 0.4769720544871795 0.5650899903846154 0.47554099358974355 0.564093358974359 0.4945578653846154
3 0.536210032051282 0.49480789423076926 0.5484003301282051 0.4954467596153846 0.5488347596153846 0.4871573557692308 0.5366444615384616 0.4865184871794872 0.536210032051282 0.49480789423076926
3 0.5644297179487179 0.5067992756410257 0.5800333044871795 0.5076170256410256 0.5807999455128205 0.4929886666666667 0.5651963589743589 0.4921709166666666 0.5644297179487179 0.5067992756410257
3 0.8426946153846154 0.6597557532051282 0.8724389551282052 0.6613145897435897 0.87351225 0.6408348814102565 0.8437679134615385 0.6392760448717949 0.8426946153846154 0.6597557532051282
3 0.8479392083333332 0.6436507403846153 0.8815844423076923 0.6454140128205128 0.8826321826923077 0.6254219166666667 0.8489869487179488 0.6236586442307692 0.8479392083333332 0.6436507403846153
3 0.8509128782051283 0.6288935705128206 0.8865085608974359 0.6307590608974359 0.8874285288461539 0.6132050224358974 0.8518328493589743 0.611339532051282 0.8509128782051283 0.6288935705128206
3 0.14247193269230768 0.6279481506410257 0.17806761538461538 0.6298136410256411 0.17914091025641027 0.6093339358974359 0.14354523076923079 0.6074684455128205 0.14247193269230768 0.6279481506410257
3 0.15091052243589745 0.6068765384615384 0.18553097756410258 0.6086909198717948 0.18604207371794873 0.5989386794871795 0.15142161538461538 0.5971242980769231 0.15091052243589745 0.6068765384615384
3 0.15248627884615384 0.595468766025641 0.17979255448717948 0.5968998269230769 0.18017587499999999 0.5895856442307692 0.15286959935897437 0.5881545833333334 0.15248627884615384 0.595468766025641
3 0.16357702884615385 0.5564449455128205 0.1957594294871795 0.5581315544871794 0.19662828846153846 0.5415527467948719 0.1644458878205128 0.5398661378205128 0.16357702884615385 0.5564449455128205
3 0.1596143205128205 0.5667497243589744 0.200086125 0.5688707628205127 0.2007249935897436 0.5566804583333334 0.1602531858974359 0.5545594230769231 0.1596143205128205 0.5667497243589744
3 0.15929592307692308 0.577489967948718 0.1914783237179487 0.5791765737179487 0.19198941666666666 0.5694243333333333 0.15980701923076923 0.5677377243589744 0.15929592307692308 0.577489967948718
3 0.15840047435897436 0.5899112980769231 0.18912003525641025 0.5915212435897436 0.1898100096153846 0.5783557179487179 0.15909044871794872 0.5767457724358974 0.15840047435897436 0.5899112980769231
2 0.13177175961538462 0.6921734294871795 0.18784714743589745 0.6951122179487179 0.1965101794871795 0.5298117243589743 0.14043479166666667 0.5268729358974359 0.13177175961538462 0.6921734294871795
1 0.14240079166666667 0.5966515352564102 0.1960381217948718 0.5994625480769231 0.1982869294871795 0.5565526858974359 0.14464959935897434 0.5537416730769231 0.14240079166666667 0.5966515352564102
1 0.561054766025641 0.5058889775641026 0.5956752243589744 0.5077033589743589 0.5977451506410256 0.468206782051282 0.5631246955128205 0.46639240064102566 0.561054766025641 0.5058889775641026
0 0.3534342371794872 0.4930522435897436 0.36513692948717946 0.49366555448717947 0.36562246794871794 0.484400923076923 0.35391977564102567 0.48378760897435896 0.3534342371794872 0.4930522435897436
0 0.27830571794871795 0.4991384230769231 0.2914712467948718 0.4998284006410256 0.2919312307692308 0.4910513846153846 0.2787657019230769 0.49036140705128206 0.27830571794871795 0.4991384230769231
0 0.46953220192307693 0.5915484807692308 0.4851357884615385 0.5923662275641026 0.48597909294871794 0.576275032051282 0.47037550641025644 0.5754572820512821 0.46953220192307693 0.5915484807692308
0 0.48241662499999993 0.5976021923076923 0.5033839487179487 0.5987010416666667 0.5042783621794872 0.5816346153846154 0.4833110384615385 0.580535766025641 0.48241662499999993 0.5976021923076923
0 0.4130773044871795 0.6704891538461538 0.43063133974358975 0.6714091217948718 0.4314490865384615 0.6558055352564102 0.41389505448717945 0.6548855673076923 0.4130773044871795 0.6704891538461538
0 0.24462321794871797 0.6753514903846154 0.2880206923076923 0.6776258557692307 0.2892984262820513 0.65324525 0.24590095192307693 0.6509708846153845 0.24462321794871797 0.6753514903846154
0 0.12979057371794872 0.6693333653846154 0.17074999038461539 0.6714799583333333 0.17220660576923078 0.6436860673076923 0.1312471891025641 0.6415394775641026 0.12979057371794872 0.6693333653846154
0 0.14192354487179487 0.6430769006410256 0.17361833012820513 0.6447379551282051 0.17458940705128206 0.6262086987179487 0.1428946217948718 0.6245476442307692 0.14192354487179487 0.6430769006410256
0 0.15889912820512822 0.5244179519230769 0.17596555128205127 0.5253123653846153 0.17675774358974358 0.5101963910256411 0.15969132371794872 0.5093019775641026 0.15889912820512822 0.5244179519230769
0 0.4406656891025641 0.49860175 0.4484674839743589 0.499010625 0.4491830128205129 0.4853574871794872 0.44138122115384615 0.4849486121794872 0.4406656891025641 0.49860175
0 0.45162107371794874 0.4854852596153846 0.46234854166666667 0.4860474615384615 0.46283408012820515 0.4767828333333334 0.4521066121794872 0.47622063141025645 0.45162107371794874 0.4854852596153846
0 0.45349278525641024 0.4777601314102564 0.46373264102564105 0.4782967788461539 0.46411595833333336 0.47098259935897435 0.45387610576923076 0.4704459487179487 0.45349278525641024 0.4777601314102564
0 0.5072620352564103 0.49671345192307687 0.5179895 0.49727565384615385 0.518653923076923 0.48459774038461534 0.5079264551282051 0.4840355352564103 0.5072620352564103 0.49671345192307687
0 0.5182630064102565 0.5153811891025641 0.5319161442307693 0.5160967211538462 0.5323505737179487 0.5078073141025641 0.5186974358974359 0.507091782051282 0.5182630064102565 0.5153811891025641
0 0.5270890608974359 0.5055757628205129 0.5363536891025641 0.5060613044871796 0.5367370096153846 0.4987471217948718 0.5274723814102564 0.49826158333333337 0.5270890608974359 0.5055757628205129
0 0.5538545416666667 0.4986663108974359 0.563119173076923 0.49915184935897433 0.5637324839743589 0.4874491602564102 0.5544678525641026 0.4869636217948718 0.5538545416666667 0.4986663108974359
0 0.5354806858974359 0.5040597467948718 0.5496214326923077 0.5048008301282051 0.5503114102564103 0.4916353044871795 0.5361706634615384 0.4908942211538462 0.5354806858974359 0.5040597467948718
0 0.5305983461538462 0.4759336442307692 0.5437638685897436 0.4766236217948718 0.5445305096153846 0.46199525961538457 0.5313649839743589 0.46130528525641024 0.5305983461538462 0.4759336442307692
0 0.2795561602564102 0.40997033653846154 0.2946721346153846 0.410762532051282 0.2954898846153846 0.3951589455128205 0.28037391025641023 0.39436675000000004 0.2795561602564102 0.40997033653846154
0 0.29343929166666666 0.406297358974359 0.30514198076923077 0.40691066987179486 0.30590862179487177 0.3922823108974359 0.29420593269230766 0.39166899679487177 0.29343929166666666 0.406297358974359
0 0.35595378205128203 0.39832772435897434 0.3671688621794872 0.3989154807692308 0.3676799551282051 0.38916324038461536 0.35646487499999996 0.388575483974359 0.35595378205128203 0.39832772435897434
0 0.2672615705128205 0.4019917371794872 0.2818899294871795 0.402758375 0.2825032435897436 0.3910556858974359 0.26787488141025645 0.3902890448717949 0.2672615705128205 0.4019917371794872
0 0.3711489102564103 0.8687618301282052 0.37219665384615386 0.8487697339743588 0.3331876858974359 0.8467253621794872 0.3321399455128205 0.8667174583333332 0.3711489102564103 0.8687618301282052
3 0.4827156602564102 0.4426202852564103 0.49685641346153847 0.4433613717948718 0.49741861538461535 0.4326339038461538 0.48327786538461537 0.4318928205128205 0.4827156602564102 0.4426202852564103
0 0.8370155993589743 0.6841501698717949 0.8716360576923077 0.6859645512820512 0.8730671185897437 0.6586582756410256 0.8384466602564101 0.6568438942307692 0.8370155993589743 0.6841501698717949
0 0.8306148301282053 0.6943271762820513 0.8588963269230769 0.6958093461538462 0.8601996153846153 0.6709411282051282 0.8319181185897435 0.6694589583333334 0.8306148301282053 0.6943271762820513
0 0.815142125 0.705006641025641 0.8429360128205128 0.7064632564102564 0.8441370833333333 0.6835454871794872 0.8163431955128205 0.6820888717948718 0.815142125 0.705006641025641
2 0.5475453621794871 0.46474159935897436 0.5239098141025641 0.4734371602564102 0.6342459166666666 0.5322022115384615 0.647974673076923 0.5229874583333334 0.5475453621794871 0.46474159935897436