0 0.48553176602564097 0.32859554166666666 0.5304468012820512 0.32781154487179487 0.5298247179487179 0.2921724423076923 0.4849096858974359 0.29295643910256414 0.48553176602564097 0.32859554166666666
0 0.35656035897435895 0.4658770769230769 0.4151451858974359 0.4648544743589743 0.4141992788461539 0.4106635096153846 0.3556144519230769 0.411686108974359 0.35656035897435895 0.4658770769230769
0 0.6156680961538462 0.8176097628205128 0.6898755416666668 0.816314467948718 0.6885546794871795 0.7406424006410257 0.614347233974359 0.7419376987179488 0.6156680961538462 0.8176097628205128
0 0.6801667948717949 0.81965825 0.7455865160256411 0.8185163429487179 0.7441463493589744 0.7360093782051282 0.6787266282051282 0.7371512852564103 0.6801667948717949 0.81965825
0 0.7385756891025641 0.8225455608974358 0.8132713397435898 0.8212417435897436 0.8118482179487179 0.7397111923076923 0.7371525673076923 0.7410150096153847 0.7385756891025641 0.8225455608974358
0 0.6752908557692308 0.3164928814102564 0.6992129903846154 0.3160753173076923 0.6987442980769231 0.2892239391025641 0.6748221634615384 0.2896415032051282 0.6752908557692308 0.3164928814102564
0 0.6756700705128206 0.3382180865384616 0.7005686185897435 0.33778348076923076 0.7001340128205128 0.31288493269230766 0.6752354647435898 0.3133195384615385 0.6756700705128206 0.3382180865384616
3 0.2246459487179487 0.42056497756410255 0.27834870512820514 0.41962758974358977 0.2775987980769231 0.3766653846153846 0.22389603846153847 0.37760276923076924 0.2246459487179487 0.42056497756410255
3 0.138652983974359 0.7119050576923076 0.20797835897435896 0.7106949775641025 0.20706653846153847 0.658456842948718 0.13774116346153845 0.6596669198717949 0.138652983974359 0.7119050576923076
3 0.6081047179487179 0.6780720737179488 0.6559489935897436 0.6772369487179487 0.655011608974359 0.6235341923076922 0.6071673333333333 0.6243693173076923 0.6081047179487179 0.6780720737179488
3 0.48841401282051283 0.4237745769230769 0.5303998044871795 0.42304171153846154 0.5299311121794872 0.39619033653846153 0.48794531730769225 0.39692319871794873 0.48841401282051283 0.4237745769230769
3 0.7644444262820513 0.4580249006410257 0.8098476698717949 0.45723238141025635 0.8091318461538461 0.41622300320512823 0.7637286057692307 0.41701552243589746 0.7644444262820513 0.4580249006410257
3 0.16343069551282052 0.48072452564102564 0.201022625 0.4800683557692308 0.20047723717948718 0.4488231153846154 0.1628853076923077 0.4494792852564103 0.16343069551282052 0.48072452564102564
2 0 0.504363407051282 0.000580576923076923 0.5376245801282051 0.4574308301282052 0.349182266025641 0.4260778910256411 0.30092472756410255 0 0.4589470769230769 0 0.504363407051282
1 0.34046956730769234 0.3986936121794872 0.31059567628205126 0.3356937307692308 0.15978563782051283 0.39291480128205125 0.19993853525641025 0.44793719871794874 0.34046956730769234 0.3986936121794872