9 0.27339777884615385 0.48556524038461535 0.27625858974358974 0.4986752051282052 0.24260440384615384 0.5308464006410256 0.25871296474358974 0.5489890801282051 0.2562654967948718 0.5595597211538461 0.2749133814102564 0.5723941217948718 0.25146241346153847 0.585963358974359 0.2490149455128205 0.5965339967948717 0.23567534294871798 0.586238923076923 0.23590498076923078 0.5993948108974358 0.20991469230769233 0.6182723301282051 0.2154526121794872 0.6339675448717949 0.23908728846153848 0.6309230224358975 0.24457928205128204 0.6439870576923077 0.27910608974358975 0.66180825 0.3106343012820513 0.6586259455128205 0.3261458044871795 0.6425633108974359 0.3395313333333333 0.6554895641025641 0.3473330128205128 0.6500894262820512 0.3738285032051282 0.6601548621794873 0.4396538846153846 0.661637858974359 0.4552113173076924 0.6482064038461538 0.5026643782051282 0.6526420641025641 0.5208070576923077 0.6365335032051282 0.5231626730769231 0.6207005064102564 0.5361807820512821 0.6125773365384616 0.5359052179487179 0.5967902692307693 0.49103740705128207 0.5896775 0.424201625 0.5303085865384615 0.4834327532051282 0.4555792692307693 0.5228085737179488 0.449628 0.5226248621794871 0.43910328846153845 0.4984849839743589 0.4132048525641026 0.49857683974358974 0.4184672115384615 0.4829275512820513 0.4266363108974359 0.44844667307692304 0.411446298076923 0.4719435673076923 0.40050823717948714 0.45329568269230774 0.38767383653846155 0.4557890801282052 0.379734375 0.4925796474358975 0.3764602147435897 0.5132616506410256 0.35504337179487183 0.49978426923076924 0.33685475961538464 0.47070352884615385 0.3294664262820513 0.4601788141025641 0.3296501346153846 0.43940495512820515 0.345804625 0.4078767435897436 0.3489869326923077 0.40025877564102563 0.36491178205128205 0.38447170512820517 0.3651873461538461 0.3665586570512821 0.3944517980769231 0.31707147435897437 0.42426737820512817 0.29602204807692306 0.42463479487179484 0.3013303333333333 0.4271741217948718 0.2780171506410256 0.44863689102564097 0.22335946474358975 0.4838066826923077 0.2261743525641026 0.4942854679487179 0.2627812083333333 0.4804865961538462 0.27339777884615385 0.48556524038461535
10 0.5402164166666666 0.39142058974358973 0.522073733974359 0.40752915064102563 0.5225330096153846 0.4338409358974359 0.5492122083333333 0.45443108653846154 0.57778775 0.4328764583333333 0.5773744006410256 0.40919585576923073 0.556003483974359 0.39114502564102566 0.5402164166666666 0.39142058974358973
10 0.14885978205128206 0.43773144230769234 0.19095863461538462 0.4369966057692308 0.19313053846153846 0.41063889743589743 0.1823761891025641 0.3976667147435897 0.1692202980769231 0.39789634935897433 0.1430922275641026 0.4088803397435897 0.14885978205128206 0.43773144230769234
10 0.09028495192307692 0.3992741730769231 0.06415688141025641 0.4102581602564103 0.06184719551282051 0.42872233333333337 0.0699244391025641 0.43910926602564104 0.11202328846153844 0.43837442628205125 0.11419519551282051 0.41201671794871797 0.10344084294871794 0.39904453525641026 0.09028495192307692 0.3992741730769231
10 0.09496954807692308 0.6676543461538461 0.105264625 0.6543147467948718 0.10480534935897436 0.6280029615384616 0.09141982051282052 0.6150767083333333 0.0756327532051282 0.6153522724358975 0.05984568269230769 0.6156278365384615 0.04691942948717948 0.6290133653846154 0.047240923076923076 0.6474316121794872 0.07922840384615384 0.6705610865384616 0.09496954807692308 0.6676543461538461
10 0.6553778814102564 0.5052175512820513 0.6656729583333334 0.49187795192307693 0.6677989326923076 0.46288906410256414 0.654413407051282 0.4499628108974359 0.6399419262820513 0.45021541025641026 0.6254704455128205 0.4504680128205128 0.6125901185897435 0.46648471794871793 0.613003467948718 0.4901653205128205 0.6290660993589743 0.5056768237179486 0.6553778814102564 0.5052175512820513
10 0.744837939102564 0.5036560192307693 0.7469639134615385 0.47466713141025646 0.7658873653846154 0.5032885993589743 0.7867071538461539 0.48976529166666666 0.7862019519230768 0.46082233333333333 0.772816423076923 0.44789607692307687 0.7583449423076923 0.44814867948717946 0.7438734647435897 0.44840127884615383 0.7284078878205128 0.4670950897435897 0.7287753044871794 0.488144516025641 0.744837939102564 0.5036560192307693
10 0.7229944294871795 0.6093164903846153 0.7287160608974359 0.6355364198717949 0.7387815 0.6090409262820513 0.7200876858974359 0.5935753525641027 0.7069317980769231 0.5938049903846154 0.7017153685897436 0.5965280192307691 0.7229944294871795 0.6093164903846153
11 0.7054028782051283 0.6569991923076923 0.721006233974359 0.6461989134615385 0.7258093205128205 0.6197952788461538 0.7070236506410256 0.5990673461538462 0.6925521730769231 0.5993199455128205 0.6780806923076923 0.5995725448717949 0.6625232628205128 0.613004 0.6603513557692308 0.6393617083333333 0.679091092948718 0.6574584647435897 0.7054028782051283 0.6569991923076923
11 0.8392255448717949 0.6336074711538462 0.8521977243589743 0.6228531185897436 0.8517384487179487 0.5965413397435898 0.8410300256410256 0.5862003333333333 0.826558548076923 0.586452935897436 0.8120870705128205 0.5867055352564103 0.8017460641025641 0.5974139583333333 0.8021594134615385 0.6210945641025641 0.8181761185897436 0.6339748878205128 0.8392255448717949 0.6336074711538462
11 0.846719048076923 0.45976600320512817 0.8333335192307693 0.44683975000000004 0.8188620416666667 0.4470923493589744 0.7914183782051283 0.4580992980769231 0.7892005448717949 0.4818258301282051 0.8053550352564103 0.5025996891025641 0.8316668173076923 0.5021404166666666 0.8472242467948717 0.4887089615384615 0.846719048076923 0.45976600320512817
11 0.07659722756410256 0.6706070128205128 0.047286849358974356 0.6500627884615385 0.02623742307692308 0.6504302083333333 0.002694602564102564 0.6587370897435897 0.003062022435897436 0.679786516025641 0.07673500961538461 0.6785005480769231 0.07659722756410256 0.6706070128205128
2 0.5855435 0.424845141025641 0.5851760833333334 0.40379571794871794 0.5718824102564103 0.3961318205128205 0.563988875 0.39626960256410254 0.5773284743589744 0.4065646762820513 0.5778336762820513 0.43550763461538455 0.554474564102564 0.4543392307692308 0.5253478942307692 0.4443197179487179 0.5176839967948718 0.45761339102564097 0.5835553044871795 0.4617275608974359 0.586356875 0.6222294294871795 0.6416575448717949 0.6238961346153846 0.641152342948718 0.5949531730769231 0.6138301602564102 0.5375265288461539 0.6149916634615384 0.4532829006410256 0.6015602083333332 0.437725467948718 0.6329506346153846 0.42664962500000003 0.5855435 0.424845141025641
2 0.5235531666666667 0.3917114487179487 0.49548638782051285 0.39220135576923076 0.49853091346153844 0.415836032051282 0.5145935448717949 0.43134753846153845 0.5224411538461539 0.42857857692307694 0.5220278076923077 0.4048979743589744 0.5375852371794873 0.39146651602564103 0.5235531666666667 0.3917114487179487
2 0.33470895833333336 0.379215858974359 0.31979807051282055 0.3794761282051282 0.24524889743589745 0.38077739102564107 0.22964554166666667 0.39157766666666666 0.08225363782051283 0.39151842307692303 0.040705913461538464 0.4238273974358974 0.01707123717948718 0.4268719230769231 0.0032832339743589746 0.4411498173076923 0.012268157051282052 0.4532755576923077 0.007097657051282051 0.45862976923076926 0.028193009615384616 0.4608935288461538 0.029892320512820512 0.5582471185897436 0.0020516185897435897 0.6219005961538462 0.0024649647435897436 0.6455811987179487 0.041978564102564106 0.647523467948718 0.041703 0.6317363974358974 0.05979975641025641 0.6129966602564102 0.06239832371794872 0.4602964711538462 0.2545202564102564 0.4595749519230769 0.3717291602564103 0.38909758653846155 0.3715913782051282 0.3812040512820513 0.33470895833333336 0.379215858974359
5 0.7554871185897436 0.6613889262820513 0.8027564679487179 0.6552998782051283 0.7998497243589744 0.6395587371794872 0.7729408878205128 0.6058126955128206 0.7712415737179488 0.5084591025641025 0.7893383269230769 0.48971936538461536 0.802723858974359 0.5026456185897435 0.8342979935897435 0.5020944903846154 0.8472242467948717 0.4887089615384615 0.8546585096153846 0.4622594006410256 0.8147315641025641 0.4366365256410256 0.8011704743589744 0.4368732371794872 0.6384426249999999 0.4397136602564103 0.6022950448717949 0.4798243173076923 0.6102345096153846 0.48231771474358975 0.6078329647435898 0.495519532051282 0.6290660993589743 0.5056768237179486 0.6553778814102564 0.5052175512820513 0.6657648141025642 0.4971403076923077 0.6763813782051282 0.5022189551282051 0.680620016025641 0.5942642628205128 0.6935921955128206 0.5835099134615385 0.6975685865384615 0.5097450673076923 0.7288671602564103 0.4934068717948718 0.7555922884615385 0.5166282019230769 0.7554871185897436 0.6613889262820513
5 0.6603972852564102 0.6419928878205129 0.6577661057692308 0.6420388141025641 0.6473791762820513 0.6501160608974359 0.6502399903846153 0.6632260224358975 0.6738287371794872 0.6575503205128205 0.6603972852564102 0.6419928878205129
2 0.9825625192307692 0.5521461185897436 0.9818143653846153 0.6600703525641025 0.9975555064102565 0.657163608974359 0.9942161217948717 0.3150645224358974 0.9797446442307691 0.31531712179487176 0.9652731634615385 0.31556972435897435 0.9446830128205129 0.3422489230769231 0.8843496249999999 0.35382996474358974 0.9087650673076922 0.39551547115384617 0.9352605576923076 0.405580907051282 0.9355228044871794 0.5713910576923077 0.8976166634615385 0.6615400288461538 0.9263759134615385 0.6505101121794872 0.9397155128205128 0.6608051891025641 0.9580878333333334 0.6578525192307693 0.936395423076923 0.6213834423076923 0.971945951923077 0.5470674743589744 0.9825625192307692 0.5521461185897436