14 0.27368421153846156 0.4816126858974359 0.2763157884615385 0.4947705801282052 0.24210526282051278 0.5263495288461539 0.2578947371794872 0.5447705801282051 0.25526315705128205 0.5552968974358975 0.27368421153846156 0.5684547916666667 0.25 0.5816126858974359 0.24736841987179486 0.592139 0.23421052564102565 0.5816126858974359 0.23421052564102565 0.5947705801282052 0.20789473717948717 0.6131916314102563 0.21315789423076922 0.6289811057692308 0.2368421057692308 0.6263495288461538 0.24210526282051278 0.6395074230769231 0.2763157884615385 0.6579284743589744 0.3078947371794872 0.6552968974358974 0.32368421153846155 0.6395074230769231 0.33684210576923074 0.6526653173076923 0.344736842948718 0.6474021602564103 0.3710526314102564 0.6579284743589744 0.43684210576923077 0.6605600544871795 0.45263158012820515 0.6474021602564103 0.5 0.6526653173076923 0.5184210512820513 0.6368758429487179 0.5210526314102564 0.6210863685897435 0.5342105256410257 0.6131916314102563 0.5342105256410257 0.5974021602564102 0.4894736826923077 0.5895074230769232 0.42368421153846153 0.5289811057692307 0.48421052564102557 0.4552968974358974 0.5236842115384616 0.4500337371794872 0.5236842115384616 0.4395074230769231 0.5 0.4131916314102564 0.5 0.41845479166666666 0.48421052564102557 0.42634952884615385 0.45 0.4105600544871795 0.4736842115384616 0.40003373717948715 0.455263157051282 0.38687584294871796 0.4578947371794872 0.3789811057692308 0.494736842948718 0.37634952884615386 0.5157894743589744 0.35529689743589743 0.5026315801282052 0.3368758429487179 0.4736842115384616 0.3289811057692308 0.46315789423076925 0.3289811057692308 0.4421052628205129 0.3447705801282051 0.41052631730769235 0.3474021602564103 0.40263158012820516 0.3631916314102564 0.3868421057692308 0.3631916314102564 0.36842105128205127 0.392139 0.3184210512820513 0.42108636858974363 0.29736841987179485 0.42108636858974363 0.3026315801282051 0.42371794871794866 0.27894736858974356 0.4447705801282051 0.22368421153846155 0.47898110576923075 0.22631578846153844 0.4895074230769231 0.2631578942307692 0.47634952884615384 0.27368421153846156 0.4816126858974359
16 0.5421052628205129 0.392139 0.5236842115384616 0.4079284743589744 0.5236842115384616 0.434244266025641 0.5499999999999999 0.4552968974358974 0.5789473685897436 0.434244266025641 0.5789473685897436 0.4105600544871795 0.5578947371794871 0.392139 0.5421052628205129 0.392139
16 0.15 0.43161268589743595 0.19210526282051282 0.43161268589743595 0.19473684294871793 0.4052968974358974 0.18421052564102564 0.392139 0.1710526314102564 0.392139 0.14473684294871797 0.40266531730769234 0.15 0.43161268589743595
16 0.09210526282051282 0.392139 0.06578947435897436 0.40266531730769234 0.06315789423076923 0.42108636858974363 0.0710526314102564 0.43161268589743595 0.11315789423076922 0.43161268589743595 0.11578947435897437 0.4052968974358974 0.10526315705128204 0.392139 0.09210526282051282 0.392139
16 0.09210526282051282 0.6605600544871795 0.10263158012820514 0.6474021602564103 0.10263158012820514 0.6210863685897435 0.0894736826923077 0.6079284743589743 0.07368421153846154 0.6079284743589743 0.057894737179487184 0.6079284743589743 0.04473684294871795 0.6210863685897435 0.04473684294871795 0.6395074230769231 0.07631578846153846 0.6631916314102564 0.09210526282051282 0.6605600544871795
16 0.655263157051282 0.5079284743589744 0.6657894743589744 0.4947705801282052 0.6684210512820513 0.4658232115384615 0.655263157051282 0.4526653173076923 0.6407894743589744 0.4526653173076923 0.6263157884615385 0.4526653173076923 0.6131578942307693 0.46845479166666665 0.6131578942307693 0.492139 0.6289473685897436 0.5079284743589744 0.655263157051282 0.5079284743589744
16 0.744736842948718 0.5079284743589744 0.7473684198717948 0.47898110576923075 0.7657894743589744 0.5079284743589744 0.7868421057692307 0.4947705801282052 0.7868421057692307 0.4658232115384615 0.7736842115384616 0.4526653173076923 0.7592105256410256 0.4526653173076923 0.744736842948718 0.4526653173076923 0.7289473685897436 0.4710863685897436 0.7289473685897436 0.492139 0.744736842948718 0.5079284743589744
16 0.7210526314102564 0.6131916314102563 0.7263157884615384 0.6395074230769231 0.7368421057692307 0.6131916314102563 0.7184210512820512 0.5974021602564102 0.7052631570512821 0.5974021602564102 0.7000000000000001 0.6000337371794872 0.7210526314102564 0.6131916314102563
17 0.7026315801282051 0.6605600544871795 0.7184210512820512 0.6500337371794872 0.7236842115384616 0.6237179487179487 0.7052631570512821 0.6026653173076922 0.6907894743589744 0.6026653173076922 0.6763157884615385 0.6026653173076922 0.6605263173076923 0.6158232115384615 0.6578947371794872 0.642139 0.6763157884615385 0.6605600544871795 0.7026315801282051 0.6605600544871795
17 0.8368421057692308 0.6395074230769231 0.85 0.6289811057692308 0.85 0.6026653173076922 0.8394736826923077 0.592139 0.825 0.592139 0.8105263173076923 0.592139 0.7999999999999999 0.6026653173076922 0.7999999999999999 0.6263495288461538 0.8157894743589744 0.6395074230769231 0.8368421057692308 0.6395074230769231
17 0.8473684198717948 0.4658232115384615 0.8342105256410256 0.4526653173076923 0.819736842948718 0.4526653173076923 0.7921052628205129 0.46319163141025643 0.7894736826923077 0.48687584294871794 0.805263157051282 0.5079284743589744 0.8315789487179487 0.5079284743589744 0.8473684198717948 0.4947705801282052 0.8473684198717948 0.4658232115384615
17 0 0.6710863685897436 0.07368421153846154 0.6710863685897436 0.07368421153846154 0.6631916314102564 0.04473684294871795 0.642139 0.02368421153846154 0.642139 0 0.6500337371794872 0 0.6710863685897436
7 0.5868421057692308 0.42634952884615385 0.5868421057692308 0.4052968974358974 0.5736842115384615 0.3974021602564103 0.5657894743589744 0.3974021602564103 0.5789473685897436 0.4079284743589744 0.5789473685897436 0.43687584294871795 0.555263157051282 0.4552968974358974 0.5263157884615384 0.4447705801282051 0.5184210512820513 0.4579284743589743 0.5842105256410256 0.46319163141025643 0.5842105256410256 0.6237179487179487 0.6394736826923078 0.6263495288461538 0.6394736826923078 0.5974021602564102 0.6131578942307693 0.539507423076923 0.6157894743589744 0.4552968974358974 0.6026315801282051 0.4395074230769231 0.6342105256410256 0.42898110576923076 0.5868421057692308 0.42634952884615385
7 0.5254394743589744 0.392139 0.49736841987179486 0.392139 0.5 0.4158232115384615 0.5157894743589744 0.43161268589743595 0.5236842115384616 0.42898110576923076 0.5236842115384616 0.4052968974358974 0.5394736826923077 0.392139 0.5254394743589744 0.392139
7 0 0.6368758429487179 0.03947368269230769 0.6395074230769231 0.03947368269230769 0.6237179487179487 0.057894737179487184 0.6052968974358974 0.06315789423076923 0.4526653173076923 0.25526315705128205 0.4552968974358974 0.37368421153846154 0.38687584294871796 0.37368421153846154 0.3789811057692308 0.33684210576923074 0.37634952884615386 0.32192894871794875 0.37634952884615386 0.24736841987179486 0.37634952884615386 0.23157894871794873 0.38687584294871796 0.08421052564102564 0.384244266025641 0.04210526282051282 0.4158232115384615 0.018421051282051282 0.41845479166666666 0.004385964743589744 0.43248987820512824 0.01315789423076923 0.4447705801282051 0.00789473717948718 0.4500337371794872 0.028947368589743592 0.4526653173076923 0.028947368589743592 0.5500337371794871 0 0.6131916314102563 0 0.6368758429487179
10 0.7526315801282052 0.6658232115384616 0.7999999999999999 0.6605600544871795 0.7973684198717949 0.6447705801282051 0.7710526314102564 0.6105600544871794 0.7710526314102564 0.5131916314102565 0.7894736826923077 0.4947705801282052 0.8026315801282051 0.5079284743589744 0.8342105256410256 0.5079284743589744 0.8473684198717948 0.4947705801282052 0.8552631570512821 0.46845479166666665 0.8157894743589744 0.44213900000000006 0.8022263173076923 0.44213900000000006 0.6394736826923078 0.44213900000000006 0.6026315801282051 0.4816126858974359 0.6105263173076922 0.4842442660256411 0.6078947371794872 0.4974021602564102 0.6289473685897436 0.5079284743589744 0.655263157051282 0.5079284743589744 0.6657894743589744 0.5000337371794872 0.6763157884615385 0.5052968974358975 0.6789473685897436 0.5974021602564102 0.6921052628205129 0.586875842948718 0.6973684198717949 0.5131916314102565 0.7289473685897436 0.4974021602564102 0.755263157051282 0.5210863685897436 0.7526315801282052 0.6658232115384616
10 0.6578947371794872 0.6447705801282051 0.655263157051282 0.6447705801282051 0.6447368429487179 0.6526653173076923 0.6473684198717949 0.6658232115384616 0.6710526314102564 0.6605600544871795 0.6578947371794872 0.6447705801282051
7 0.9815789487179487 0.5605600544871795 0.9789473685897436 0.6684547916666667 0.9947368429487179 0.6658232115384616 0.9973684198717948 0.32371794871794873 0.9828947371794872 0.32371794871794873 0.9684210512820511 0.32371794871794873 0.947368419871795 0.35003373717948716 0.8868421057692307 0.3605600544871795 0.9105263173076923 0.40266531730769234 0.9368421057692308 0.4131916314102564 0.9342105256410256 0.5789811057692307 0.8947368429487179 0.6684547916666667 0.9236842115384616 0.6579284743589744 0.9368421057692308 0.6684547916666667 0.9552631570512821 0.6658232115384616 0.9342105256410256 0.6289811057692308 0.9710526314102563 0.5552968974358975 0.9815789487179487 0.5605600544871795