3 0.3447265641025641 0.619140625 0.41552734294871796 0.619140625 0.41552734294871796 0.558105467948718 0.3447265641025641 0.558105467948718 0.3447265641025641 0.619140625
3 0.4880371089743589 0.125 0.4880371089743589 0.14892578205128204 0.5344238269230769 0.14892578205128204 0.5344238269230769 0.125 0.4880371089743589 0.125
3 0.8122558589743589 0.15161132692307694 0.8352050769230769 0.15161132692307694 0.8352050769230769 0.12524414102564102 0.8122558589743589 0.12524414102564102 0.8122558589743589 0.15161132692307694
3 0.8559570320512822 0.125 0.8559570320512822 0.15625 0.8852539070512822 0.15625 0.8852539070512822 0.125 0.8559570320512822 0.125
3 0.8332519519230769 0.125 0.8332519519230769 0.15234375 0.8581542980769231 0.15234375 0.8581542980769231 0.125 0.8332519519230769 0.125
3 0.5314941410256411 0.5095214839743589 0.5495605480769231 0.5095214839743589 0.5495605480769231 0.4753417980769231 0.5314941410256411 0.4753417980769231 0.5314941410256411 0.5095214839743589
3 0.4812011730769231 0.2529296858974359 0.5227050769230769 0.2529296858974359 0.5227050769230769 0.22705078205128204 0.4812011730769231 0.22705078205128204 0.4812011730769231 0.2529296858974359
3 0.4812011730769231 0.22827148397435898 0.5197753910256411 0.22827148397435898 0.5197753910256411 0.21069335897435898 0.4812011730769231 0.21069335897435898 0.4812011730769231 0.22827148397435898
0 0.47119140705128204 0.520996092948718 0.536621092948718 0.520996092948718 0.536621092948718 0.47021484294871796 0.47119140705128204 0.47021484294871796 0.47119140705128204 0.520996092948718
0 0.4638671858974359 0.46435546794871796 0.537597657051282 0.46435546794871796 0.537597657051282 0.42236328205128204 0.4638671858974359 0.42236328205128204 0.4638671858974359 0.46435546794871796
0 0.4724121089743589 0.4265136730769231 0.5354003910256411 0.4265136730769231 0.5354003910256411 0.38940429807692306 0.4724121089743589 0.38940429807692306 0.4724121089743589 0.4265136730769231
0 0.4787597660256411 0.386962891025641 0.5383300769230769 0.386962891025641 0.5383300769230769 0.355712891025641 0.4787597660256411 0.355712891025641 0.4787597660256411 0.386962891025641
0 0.4748535160256411 0.3564453141025641 0.5402832019230769 0.3564453141025641 0.5402832019230769 0.326171875 0.4748535160256411 0.326171875 0.4748535160256411 0.3564453141025641
0 0.4772949230769231 0.32763671794871796 0.5344238269230769 0.32763671794871796 0.5344238269230769 0.3076171858974359 0.4772949230769231 0.3076171858974359 0.4772949230769231 0.32763671794871796
0 0.4772949230769231 0.27587890705128204 0.5266113269230769 0.27587890705128204 0.5266113269230769 0.25439453205128204 0.4772949230769231 0.25439453205128204 0.4772949230769231 0.27587890705128204
0 0.4748535160256411 0.296630858974359 0.5344238269230769 0.296630858974359 0.5344238269230769 0.27270507692307694 0.4748535160256411 0.27270507692307694 0.4748535160256411 0.296630858974359
1 0.462890625 0.4514160160256411 0.562988282051282 0.4514160160256411 0.562988282051282 0.30346679807692306 0.462890625 0.30346679807692306 0.462890625 0.4514160160256411
2 0.4411621089743589 0.740234375 0.5715332019230769 0.740234375 0.5715332019230769 0.18359375 0.4411621089743589 0.18359375 0.4411621089743589 0.740234375