1 0.3907614903846154 0.3121674807692308 0.3894525608974359 0.38715605769230765 0.6269163878205128 0.3913010064102564 0.6282253205128205 0.31631242948717947 0.3907614903846154 0.3121674807692308
3 0.8195461057692308 0.45717289102564107 0.8820365865384616 0.4582636666666667 0.8833455160256409 0.38327508653846154 0.8208550352564102 0.3821843141025641 0.8195461057692308 0.45717289102564107
3 0.6452272243589743 0.4166244294871794 0.7202158012820513 0.4179333621794872 0.7215247307692307 0.34294478205128204 0.6465361538461538 0.34163585256410256 0.6452272243589743 0.4166244294871794
3 0.4844972147435897 0.31380364423076923 0.48340643910256414 0.376294125 0.5458969198717949 0.37738490064102564 0.5469876955128204 0.31489441987179484 0.4844972147435897 0.31380364423076923
3 0.4157576826923077 0.31260379166666663 0.4148850641025641 0.3625961762820513 0.5023717371794871 0.3641232628205128 0.5032443589743589 0.3141308782051282 0.4157576826923077 0.31260379166666663
3 0.717707016025641 0.561661467948718 0.8051936891025641 0.5631885512820514 0.8065026217948718 0.48819997435897433 0.7190159487179487 0.486672891025641 0.717707016025641 0.561661467948718
0 0.7571647019230769 0.4498330673076923 0.8321532788461539 0.4511419967948718 0.8334622083333334 0.37615341987179485 0.7584736314102565 0.37484449038461537 0.7571647019230769 0.4498330673076923
0 0.7137485961538461 0.4303223782051282 0.7762390769230769 0.4314131538461539 0.7775480096153846 0.35642457692307694 0.7150575288461538 0.3553338012820513 0.7137485961538461 0.4303223782051282
0 0.6017020416666666 0.40336279166666666 0.6641925224358974 0.40445356730769233 0.6655014519230769 0.32946499038461535 0.6030109711538462 0.32837421474358974 0.6017020416666666 0.40336279166666666
0 0.5394297147435898 0.3897739198717949 0.6144182916666667 0.39108284935897436 0.6155090673076923 0.3285923685897436 0.5405204903846154 0.3272834391025641 0.5394297147435898 0.3897739198717949
0 0.3407691057692308 0.3112948621794872 0.34055095192307694 0.3237929583333333 0.4030414326923077 0.324883733974359 0.40325958653846156 0.3123856378205128 0.3407691057692308 0.3112948621794872
0 0.640645967948718 0.6790844487179487 0.7531288333333332 0.6810478461538462 0.7548740737179488 0.581063076923077 0.6423912083333333 0.5790996794871796 0.640645967948718 0.6790844487179487
2 0.10330527884615386 0.3071499134615384 0.10046926282051281 0.4696251666666667 0.9253436121794871 0.4840234006410256 0.9281796282051281 0.32154815064102565 0.10330527884615386 0.3071499134615384