0 0.3031930544871795 0.49636359294871796 0.4644155256410257 0.5076373653846153 0.46934780448717955 0.43710253525641024 0.30812533012820514 0.42582876282051285 0.3031930544871795 0.49636359294871796
0 0.27025132371794874 0.605442516025641 0.44155019871794876 0.6174209006410256 0.45000552884615386 0.4965040448717949 0.27870665384615384 0.4845256602564103 0.27025132371794874 0.605442516025641
3 0.16240664423076923 0.9168600673076923 0.2732470961538462 0.9246107852564103 0.2866347019230769 0.7331590993589744 0.17579424999999999 0.7254083814102564 0.16240664423076923 0.9168600673076923
3 0.5505577243589743 0.3617758814102564 0.6916273878205128 0.3716404326923077 0.6979688846153846 0.28095279166666665 0.5568992211538462 0.2710882403846154 0.5505577243589743 0.3617758814102564
3 0.31386814423076925 0.41610466346153846 0.4851670224358974 0.4280830480769231 0.4908039070512821 0.3474718108974359 0.31950502884615384 0.33549342628205125 0.31386814423076925 0.41610466346153846
3 0.32454323397435897 0.33584573397435896 0.505918516025641 0.3485287275641025 0.5122600128205128 0.25784108333333333 0.33088473076923075 0.24515808974358974 0.32454323397435897 0.33584573397435896
1 0.35360960576923073 0.28218703205128204 0.5551376955128204 0.29627925 0.5685253012820513 0.10482756730769231 0.36699721153846154 0.09073534935897436 0.35360960576923073 0.28218703205128204
2 0.3125879903846154 0 0.26426213141025645 0.6910919551282051 0.5262486506410257 0.7094118397435897 0.5755714102564102 0.004063519230769231 0.517460375 0 0.3125879903846154 0
3 0.38161906089743586 0.24364294230769232 0.5226887243589743 0.25350749358974356 0.528325608974359 0.1728962596153846 0.3872559455128205 0.16303170833333333 0.38161906089743586 0.24364294230769232
3 0.3926464519230769 0.15834581089743588 0.5437925192307692 0.16891497115384616 0.5487247948717948 0.09838014102564104 0.39757872756410256 0.08781097756410257 0.3926464519230769 0.15834581089743588
3 0.418083842948718 0.0841819967948718 0.5490771025641026 0.09334193589743589 0.5526001538461538 0.04295991666666667 0.4216068974358974 0.033799974358974354 0.418083842948718 0.0841819967948718