3 0.3468295032051282 0.621832375 0.4176195 0.6205967307692308 0.4165542884615384 0.5595708685897436 0.34576429166666667 0.5608065128205129 0.3468295032051282 0.621832375
3 0.4814942788461538 0.12526589423076923 0.48191183974358975 0.14918803205128206 0.5282914935897436 0.14837847435897436 0.5278739326923076 0.12445633653846154 0.4814942788461538 0.12526589423076923
3 0.8061280801282051 0.14621477243589742 0.8290738012820512 0.14581425320512822 0.8286136314102563 0.11945108333333333 0.8056679102564103 0.11985160256410257 0.8061280801282051 0.14621477243589742
3 0.8493581666666667 0.1188448076923077 0.8499035544871796 0.15009004807692308 0.8791959647435897 0.1495787467948718 0.8786505801282052 0.11833350641025642 0.8493581666666667 0.1188448076923077
3 0.8266565448717947 0.11924106730769231 0.8271337564102564 0.14658065064102563 0.852032310897436 0.14614604487179486 0.8515550961538461 0.11880646153846154 0.8266565448717947 0.11924106730769231
3 0.531655516025641 0.5089703846153846 0.5497191730769231 0.5086550833333333 0.5491226538461539 0.47448060256410257 0.531059 0.4747959038461539 0.531655516025641 0.5089703846153846
3 0.4768920641025641 0.2532954006410256 0.5183896474358974 0.2525710576923077 0.5179379967948717 0.22669609615384614 0.47644041666666664 0.22742043910256413 0.4768920641025641 0.2532954006410256
3 0.47646172115384616 0.22864095512820512 0.5150300641025641 0.22796774038461537 0.514723282051282 0.2103922948717949 0.47615493910256407 0.21106550641025643 0.47646172115384616 0.22864095512820512
0 0.4715622275641026 0.521495673076923 0.5369819487179487 0.5203537692307693 0.5360956923076923 0.4695802532051282 0.47067597115384613 0.470722157051282 0.4715622275641026 0.521495673076923
0 0.46325060576923077 0.4649915 0.5369698493589744 0.4637047275641025 0.5362369839743589 0.4217189358974359 0.46251774038461535 0.4230057115384615 0.46325060576923077 0.4649915
0 0.47113379807692307 0.42700633974358976 0.5341124871794872 0.4259070448717948 0.5334648397435898 0.3888033205128205 0.4704861506410256 0.3899026185897436 0.47113379807692307 0.42700633974358976
0 0.47679023076923077 0.3873508012820513 0.5363514679487179 0.38631115384615383 0.5358060833333333 0.35506591346153843 0.47624484294871794 0.3561055608974359 0.47679023076923077 0.3873508012820513
0 0.4723519711538462 0.3569060448717949 0.5377716923076924 0.35576413782051286 0.5372433461538462 0.3254953108974359 0.4718236282051282 0.326637217948718 0.4723519711538462 0.3569060448717949
0 0.4742902275641026 0.32805922756410255 0.5314104294871794 0.3270621923076923 0.5310610416666667 0.30704570833333333 0.47394083653846153 0.3080427435897436 0.4742902275641026 0.32805922756410255
0 0.4733869294871795 0.2763093012820513 0.5226958205128205 0.27544860897435897 0.5223208685897436 0.25396750641025645 0.47301197435897435 0.2548281987179487 0.4733869294871795 0.2763093012820513
0 0.4713080641025641 0.29710069871794875 0.5308693044871795 0.2960610544871795 0.5304517403846154 0.2721389166666667 0.47089050320512815 0.2731785608974359 0.4713080641025641 0.29710069871794875
1 0.4620483685897436 0.45207106410256415 0.5621307820512821 0.4503241185897436 0.5595487115384615 0.3023974326923077 0.4594662980769231 0.3041443782051282 0.4620483685897436 0.45207106410256415
2 0.4453637371794872 0.7412246474358974 0.5757149743589743 0.738949358974359 0.5660002564102564 0.18239351282051283 0.4356490192307692 0.18466880448717948 0.4453637371794872 0.7412246474358974