1 0.39999999999999997 0.3141025641025641 0.39999999999999997 0.4016025641025641 0.6375000000000001 0.4016025641025641 0.6375000000000001 0.3141025641025641 0.39999999999999997 0.3141025641025641
3 0.81875 0.4828525641025641 0.89375 0.4828525641025641 0.89375 0.4078525641025641 0.81875 0.4078525641025641 0.81875 0.4828525641025641
3 0.65 0.4328525641025641 0.7374999999999999 0.4328525641025641 0.7374999999999999 0.3578525641025641 0.65 0.3578525641025641 0.65 0.4328525641025641
3 0.4875 0.3141025641025641 0.4875 0.3766025641025641 0.5625 0.3766025641025641 0.5625 0.3141025641025641 0.4875 0.3141025641025641
3 0.425 0.3141025641025641 0.425 0.3641025641025641 0.5125000000000001 0.3641025641025641 0.5125000000000001 0.3141025641025641 0.425 0.3141025641025641
3 0.71875 0.582852564102564 0.80625 0.582852564102564 0.80625 0.4953525641025641 0.71875 0.4953525641025641 0.71875 0.582852564102564
0 0.7625000000000001 0.4703525641025641 0.8375 0.4703525641025641 0.8375 0.3953525641025641 0.7625000000000001 0.3953525641025641 0.7625000000000001 0.4703525641025641
0 0.71875 0.4516025641025641 0.78125 0.4516025641025641 0.78125 0.3766025641025641 0.71875 0.3766025641025641 0.71875 0.4516025641025641
0 0.6124999999999999 0.4141025641025641 0.6749999999999999 0.4141025641025641 0.6749999999999999 0.3391025641025641 0.6124999999999999 0.3391025641025641 0.6124999999999999 0.4141025641025641
0 0.5499999999999999 0.3953525641025641 0.625 0.3953525641025641 0.625 0.3328525641025641 0.5499999999999999 0.3328525641025641 0.5499999999999999 0.3953525641025641
0 0.74375 0.6891025641025641 0.74375 0.5891025641025641 0.63125 0.5891025641025641 0.63125 0.6891025641025641 0.74375 0.6891025641025641
2 0.125 0.3141025641025641 0.125 0.5141025641025642 0.9375 0.5141025641025642 0.9375 0.3141025641025641 0.125 0.3141025641025641