1 0.3967708717948718 0.31587611858974357 0.3982979583333333 0.40336279166666666 0.6357617852564103 0.39921784615384615 0.634234701923077 0.3117311698717949 0.3967708717948718 0.31587611858974357
3 0.8184021891025641 0.4772922211538462 0.8933907660256409 0.4759832916666667 0.8920818365384616 0.4009947147435897 0.8170932596153846 0.40230364423076925 0.8184021891025641 0.4772922211538462
3 0.6488052692307692 0.43024492948717946 0.7362919423076922 0.4287178429487179 0.7349830128205128 0.35372926602564103 0.6474963397435898 0.3552563525641026 0.6488052692307692 0.43024492948717946
3 0.4842575448717949 0.31434903205128206 0.4853483205128205 0.3768395128205128 0.5603368974358974 0.37553058333333333 0.5592461217948718 0.3130401025641026 0.4842575448717949 0.31434903205128206
3 0.42176706410256404 0.31543980769230767 0.42263968589743595 0.3654321923076923 0.510126358974359 0.36390510576923074 0.5092537371794872 0.31391272115384616 0.42176706410256404 0.31543980769230767
3 0.7201626602564103 0.5790222307692308 0.8076493333333333 0.5774951442307692 0.8061222467948718 0.49000847115384616 0.7186355737179487 0.49153555769230767 0.7201626602564103 0.5790222307692308
0 0.7619425993589743 0.46577582371794873 0.8369311794871794 0.46446689102564104 0.8356222467948717 0.3894783141025641 0.7606336698717948 0.3907872467948718 0.7619425993589743 0.46577582371794873
0 0.7178720320512821 0.44779222115384615 0.7803625128205128 0.4467014455128205 0.7790535833333333 0.37171286858974356 0.7165631025641026 0.3728036442307692 0.7178720320512821 0.44779222115384615
0 0.6109837499999999 0.41215225 0.6734742307692309 0.4110614743589744 0.672165298076923 0.3360728974358974 0.6096748173076924 0.3371636730769231 0.6109837499999999 0.41215225
0 0.5481660352564103 0.3944958814102564 0.6231546121794872 0.3931869519230769 0.6220638365384615 0.33069647115384615 0.5470752596153846 0.3320054006410256 0.5481660352564103 0.3944958814102564
0 0.7470131698717949 0.6848197403846153 0.7452679294871795 0.584834967948718 0.6327850641025642 0.5867983653846154 0.6345303044871795 0.6867831346153846 0.7470131698717949 0.6848197403846153
2 0.12181275641025642 0.32067552884615386 0.1253032371794872 0.5206450673076923 0.9376794903846153 0.5064649871794872 0.9341890096153846 0.3064954487179487 0.12181275641025642 0.32067552884615386