3 0.5881567916666667 0.6114188012820513 0.6648052724358974 0.6127567051282051 0.6659983076923077 0.5444077403846154 0.5893498269230769 0.5430698365384615 0.5881567916666667 0.6114188012820513
3 0.43255821794871796 0.15306701282051283 0.4813789038461538 0.1539191826923077 0.48187316346153847 0.1256031858974359 0.4330524743589743 0.12475101602564102 0.43255821794871796 0.15306701282051283
3 0.13317482692307692 0.18227032692307693 0.15856158333333334 0.1827134551282051 0.1590643621794872 0.15390925 0.13367760576923077 0.1534661217948718 0.13317482692307692 0.18227032692307693
3 0.08271908012820513 0.19115673397435898 0.11542894551282053 0.19172768589743588 0.11602546153846155 0.15755320512820511 0.08331559935897435 0.1569822532051282 0.08271908012820513 0.19115673397435898
3 0.10993386538461539 0.18479479166666665 0.13776166025641023 0.18528052564102565 0.13828148076923077 0.15549990705128205 0.1104536891025641 0.15501416987179487 0.10993386538461539 0.18479479166666665
3 0.4479901570512821 0.5139870096153846 0.4694712628205128 0.5143619647435898 0.4701018685897436 0.47823465705128204 0.4486207628205128 0.477859701923077 0.4479901570512821 0.5139870096153846
3 0.45322617948717947 0.2559824551282051 0.4971647980769231 0.2567494070512821 0.4976931442307692 0.22648058012820513 0.4537545224358975 0.2257136314102564 0.45322617948717947 0.2559824551282051
3 0.4548813044871795 0.23110520833333334 0.49491426602564104 0.2318039871794872 0.49528922115384616 0.21032288461538462 0.4552562564102564 0.20962410576923077 0.4548813044871795 0.23110520833333334
0 0.4600248974358975 0.523964189102564 0.5303266891025641 0.5251913108974359 0.5313322467948718 0.46758290064102564 0.4610304551282051 0.46635577884615387 0.4600248974358975 0.523964189102564
0 0.455146407051282 0.4677181378205128 0.5327713044871795 0.4690730865384616 0.5336319935897436 0.41976419230769235 0.45600709615384616 0.41840924358974363 0.455146407051282 0.4677181378205128
0 0.45433795833333335 0.43010064423076927 0.5207340929487179 0.4312595929487179 0.5215010448717948 0.38732097435897433 0.4551049102564102 0.38616202564102564 0.45433795833333335 0.43010064423076927
0 0.4486772628205128 0.39068921153846153 0.5111677435897436 0.39177998717948714 0.511815391025641 0.3546762596153846 0.44932491025641025 0.35358548397435896 0.4486772628205128 0.39068921153846153
0 0.4440836955128205 0.3600868012820513 0.5124326602564102 0.3612798365384615 0.5130717852564103 0.3246643205128205 0.44472282371794875 0.3234712852564102 0.4440836955128205 0.3600868012820513
0 0.4487404967948718 0.33111092628205124 0.5073253205128205 0.3321335288461538 0.5077769711538461 0.3062585608974359 0.44919214423076925 0.30523596153846155 0.4487404967948718 0.33111092628205124
0 0.4516008814102564 0.2791509807692308 0.5028626025641026 0.2800457564102564 0.5033312948717948 0.253194375 0.4520695737179487 0.25229959935897434 0.4516008814102564 0.2791509807692308
0 0.44561581089743585 0.30028998076923075 0.5071298750000001 0.3013637115384616 0.5076496987179487 0.27158309294871796 0.44613563461538464 0.27050935897435896 0.44561581089743585 0.30028998076923075
1 0.41773343269230767 0.45680962500000005 0.5324620512820513 0.4588122211538462 0.5352060352564103 0.3016096057692308 0.42047741346153844 0.2996070096153846 0.41773343269230767 0.45680962500000005
2 0.39122027884615385 0.7447208365384616 0.5791799262820513 0.7480016826923076 0.5890821217948717 0.18070528525641025 0.40112247435897436 0.1774244358974359 0.39122027884615385 0.7447208365384616