0 0.5358965224358975 0.5038000512820513 0.697414233974359 0.4981597275641026 0.694946592948718 0.4274957307692308 0.5334288814102565 0.4331360544871795 0.5358965224358975 0.5038000512820513
0 0.5550927916666667 0.6193621217948718 0.7368002147435897 0.6130167596153846 0.7322174519230769 0.4817836217948718 0.5505100288461539 0.488128983974359 0.5550927916666667 0.6193621217948718
3 0.8165656217948718 0.7264637115384616 0.7156170544871795 0.7299889134615385 0.7223149358974359 0.9217911923076924 0.8232635032051281 0.9182659935897436 0.8165656217948718 0.7264637115384616
3 0.308874391025641 0.3702274967948718 0.4502023846153846 0.36529221474358975 0.4466771826923077 0.26434364743589744 0.3053491891025641 0.2692789294871795 0.308874391025641 0.3702274967948718
3 0.513062907051282 0.42879366346153847 0.6846754711538462 0.42280082051282053 0.6815027916666667 0.331947108974359 0.5098902275641025 0.3379399519230769 0.513062907051282 0.42879366346153847
3 0.4951004615384615 0.34856358974358975 0.6768078846153847 0.3422182275641026 0.6732826826923077 0.24126965705128206 0.49157525961538456 0.24761501923076926 0.4951004615384615 0.34856358974358975
1 0.43763988782051283 0.2949807371794872 0.6496318814102564 0.2875778108974359 0.6429339967948717 0.09577553525641025 0.4309420064102564 0.10317845833333333 0.43763988782051283 0.2949807371794872
2 0.49127243910256413 0 0.42741680448717945 0.0022298878205128207 0.4517406955128205 0.6987750096153845 0.7343966858974359 0.6889044455128205 0.7103396121794872 0 0.49127243910256413 0
3 0.4717380673076923 0.25841491666666666 0.6231609166666667 0.2531271153846154 0.6199882371794871 0.16227340384615385 0.4685653846153846 0.16756120512820513 0.4717380673076923 0.25841491666666666
3 0.45324683974358976 0.1630425576923077 0.6147645512820513 0.15740223397435896 0.6122969102564102 0.08673823717948717 0.45077919871794875 0.09237855769230768 0.45324683974358976 0.1630425576923077
3 0.45060293910256416 0.0873311314102564 0.5818360769230769 0.0827483717948718 0.5800734743589744 0.03227408653846154 0.44884033653846156 0.03685684615384615 0.45060293910256416 0.0873311314102564