22 0.2524979423076923 0.5333773237179488 0.2969247692307692 0.5326018493589744 0.296370858974359 0.5008684038461538 0.25194403525641024 0.501643875 0.2524979423076923 0.5333773237179488
17 0.21443898397435895 0.6331778365384616 0.25984222435897436 0.6323853205128205 0.25911788141025643 0.5908877371794872 0.21371464102564103 0.5916802564102565 0.21443898397435895 0.6331778365384616
17 0.2307914423076923 0.6607286762820512 0.2703362019230769 0.6600384198717949 0.2696459455128205 0.6204936602564103 0.23010118589743586 0.6211839166666666 0.2307914423076923 0.6607286762820512
17 0.584750891025641 0.4032913205128205 0.6062319935897437 0.4029163653846154 0.6058144326923077 0.37899422756410256 0.5843333269230769 0.3793691826923077 0.584750891025641 0.4032913205128205
17 0.6270148717948718 0.4045070224358974 0.6450785256410256 0.40419172115384616 0.6446439198717949 0.3792931666666667 0.626580266025641 0.37960846794871794 0.6270148717948718 0.4045070224358974
24 0.7037199807692307 0.3924243044871795 0.7320359775641025 0.39193004807692305 0.7316184134615386 0.36800791346153844 0.7033024166666666 0.3685021698717949 0.7037199807692307 0.3924243044871795
24 0.7014877243589743 0.40442798076923075 0.7312683461538462 0.40390816025641024 0.7309871314102564 0.3877973301282051 0.7012065096153847 0.38831715384615384 0.7014877243589743 0.40442798076923075
24 0.6956407884615385 0.41918071153846154 0.7224921666666666 0.41871201923076923 0.7222365160256411 0.40406581089743593 0.695385141025641 0.4045345032051282 0.6956407884615385 0.41918071153846154
16 0.13671553846153847 0.5869198333333333 0.18260698397435898 0.5861187948717949 0.18193376923076923 0.5475504487179487 0.13604232371794872 0.5483514871794872 0.13671553846153847 0.5869198333333333
18 0.33345327884615383 0.4990002403846154 0.36665134615384615 0.49842076282051284 0.36613152564102563 0.4686401442307692 0.3329334551282051 0.4692196185897436 0.33345327884615383 0.4990002403846154
18 0.36061816987179485 0.488514782051282 0.39235161858974354 0.487960875 0.39183179487179487 0.4581802532051282 0.36009834615384617 0.45873416346153845 0.36061816987179485 0.488514782051282
18 0.425834608974359 0.46173775641025644 0.4614737083333333 0.4611156730769231 0.4609453653846154 0.43084684615384616 0.4253062660256411 0.43146892948717946 0.425834608974359 0.46173775641025644
18 0.5010209391025641 0.4325891025641026 0.5293369358974359 0.43209484294871797 0.5289108525641025 0.4076845 0.5005948557692308 0.4081787596153846 0.5010209391025641 0.4325891025641026
18 0.5345026955128205 0.420284141025641 0.5608658653846154 0.4198239679487179 0.5603801282051283 0.39199617948717946 0.5340169583333333 0.3924563493589744 0.5345026955128205 0.420284141025641
16 0.6107847403846154 0.3979533397435897 0.627871983974359 0.39765508012820516 0.6274970288461539 0.3761739775641026 0.6104097852564103 0.3764722371794872 0.6107847403846154 0.3979533397435897
19 0.7023643493589743 0.37071614102564104 0.7326331794871794 0.3701877980769231 0.7323775288461538 0.35554159294871795 0.7021086987179488 0.35606993589743585 0.7023643493589743 0.37071614102564104
19 0.7110808782051282 0.3524948365384616 0.7291445288461538 0.35217953525641027 0.7288207051282051 0.3336276730769231 0.7107570512820514 0.33394297435897435 0.7110808782051282 0.3524948365384616
19 0.7119690480769231 0.33343346153846154 0.733938358974359 0.3330499871794872 0.7337253141025641 0.3208448173076923 0.7117560064102564 0.3212282948717949 0.7119690480769231 0.33343346153846154
7 0.5538560608974359 0.4246950961538462 0.5503977275641025 0.41303981410256413 0.5175520673076923 0.3960386794871795 0.23432583974358975 0.5051252243589744 0.20759285576923076 0.5347310544871794 0.22294916346153848 0.5619515705128205 0.5538560608974359 0.4246950961538462
10 0.6455958141025641 0.671638951923077 0.6500091153846154 0.7120129006410256 0.9411027115384616 0.7179970064102564 0.9188882307692308 0.676077048076923 0.8685851057692309 0.6658899294871795 0.8450770384615385 0.661743907051282 0.6992218846153846 0.6597334615384616 0.6455958141025641 0.671638951923077
9 0.8512887916666667 0.8684369967948717 0.7953384262820513 0.7211923108974359 0.7263325705128205 0.721095342948718 0.7662621923076923 0.8699211442307692 0.8512887916666667 0.8684369967948717
14 0.6851737692307692 0.6008075512820513 0.8075701506410257 0.5641736730769231 0.8028090256410256 0.4405870641025641 0.7396976378205128 0.40523878846153844 0.6256612211538461 0.42487896474358977 0.6118577179487179 0.5402521891025641 0.6851737692307692 0.6008075512820513
13 1 0.5236144743589743 0.9996609967948717 0.5041929487179487 0.9352476153846154 0.4790545 0.8998370897435897 0.5170005448717949 0.9085470993589744 0.5311680769230769 1 0.5638049551282052 1 0.5236144743589743