0 0.5356484487179488 0.5056735224358975 0.6972399967948718 0.5084941121794871 0.6984740064102564 0.4377978108974359 0.5368824551282051 0.4349772211538462 0.5356484487179488 0.5056735224358975
0 0.5487703557692308 0.622081875 0.7305608461538461 0.6252550416666667 0.7328525769230769 0.49396190705128207 0.5510620865384616 0.4907887435897436 0.5487703557692308 0.622081875
3 0.8042795833333333 0.7427211153846154 0.7032848685897436 0.7409582467948719 0.6999354166666667 0.9328482083333333 0.8009301314102564 0.934611076923077 0.8042795833333333 0.7427211153846154
3 0.31592808974358977 0.36040260256410256 0.4573206923076923 0.36287061858974357 0.4590835608974359 0.26187590384615383 0.31769095833333333 0.25940788782051283 0.31592808974358977 0.36040260256410256
3 0.516771657051282 0.4295749102564103 0.6884626730769231 0.4325717884615385 0.6900492564102564 0.34167654166666667 0.5183582403846153 0.3386796666666667 0.516771657051282 0.4295749102564103
3 0.5030327435897436 0.3485147051282051 0.6848232371794872 0.3516878717948718 0.6865861057692307 0.2506931538461538 0.5047956153846154 0.24751998717948717 0.5030327435897436 0.3485147051282051
1 0.44845523076923083 0.29199803205128205 0.6605441346153845 0.2957000576923077 0.6638935865384615 0.10381009935897435 0.4518046826923077 0.10010807371794872 0.44845523076923083 0.29199803205128205
2 0.45355207371794876 0 0.4414037532051282 0.6959768974358974 0.7241889583333333 0.7009129326923077 0.7363527564102564 0.004049387820512821 0.5043633878205128 0 0.45355207371794876 0
3 0.4844203846153846 0.2572668846153846 0.6359124583333333 0.2599111891025641 0.6374990416666666 0.16901594551282054 0.48600696794871795 0.16637164102564103 0.4844203846153846 0.2572668846153846
3 0.47094590384615387 0.16105747435897436 0.632537451923077 0.1638780641025641 0.6337714583333334 0.09318176282051283 0.47217991025641026 0.09036117307692307 0.47094590384615387 0.16105747435897436
3 0.4722680544871795 0.0853114391025641 0.6035611858974359 0.08760316987179487 0.6044426217948717 0.0371058108974359 0.47314949038461535 0.03481408012820513 0.4722680544871795 0.0853114391025641