1 0.37792505769230766 0.32024512499999996 0.3818502532051282 0.3951423397435897 0.6190247692307692 0.3827125512820513 0.6150995705128205 0.30781533653846155 0.37792505769230766 0.32024512499999996
3 0.8157802371794872 0.43498680448717947 0.8781945833333333 0.4317158076923077 0.8742693878205128 0.3568185929487179 0.8118550416666667 0.3600895897435898 0.8157802371794872 0.43498680448717947
3 0.6390574711538461 0.4066969903846154 0.7139546858974359 0.40277179166666666 0.7100294903846154 0.3278745769230769 0.6351322756410257 0.33179977564102564 0.6390574711538461 0.4066969903846154
3 0.47154657692307694 0.3153386282051282 0.4748175737179487 0.37775297435897437 0.5372319198717949 0.37448197756410256 0.5339609230769231 0.3120676314102564 0.47154657692307694 0.3153386282051282
3 0.40289079487179486 0.3189367275641026 0.40550759294871797 0.3688682019230769 0.4928876762820513 0.3642888076923077 0.49027088141025643 0.3143573301282051 0.40289079487179486 0.3189367275641026
3 0.7214779807692308 0.5463247884615385 0.8088580641025641 0.541745391025641 0.8049328685897437 0.4668481762820513 0.717552782051282 0.47142757371794874 0.7214779807692308 0.5463247884615385
0 0.7530387916666667 0.43201636858974357 0.8279360064102564 0.4280911698717949 0.8240108108974358 0.3531939551282051 0.7491135961538462 0.35711915384615384 0.7530387916666667 0.43201636858974357
0 0.7083674519230769 0.4155817628205128 0.7707817980769232 0.41231076602564104 0.7668565993589743 0.3374135480769231 0.7044422532051282 0.34068454807692305 0.7083674519230769 0.4155817628205128
0 0.5947132307692308 0.3965038173076923 0.657127576923077 0.39323282051282055 0.6532023782051282 0.31833560576923076 0.590788032051282 0.32160660256410256 0.5947132307692308 0.3965038173076923
0 0.5316446826923077 0.38729194551282053 0.6065419006410256 0.38336675000000003 0.6032709006410256 0.32095240384615387 0.5283736858974358 0.32487759935897437 0.5316446826923077 0.38729194551282053
0 0.3279935801282051 0.3228619230769231 0.3286477788461538 0.33534479166666664 0.391062125 0.33207379487179484 0.3904079262820513 0.31959092628205127 0.3279935801282051 0.3228619230769231
0 0.6527956602564102 0.6688372435897436 0.7651414807692307 0.6629494487179487 0.7599078878205129 0.5630864935897436 0.6475620641025641 0.5689742884615385 0.6527956602564102 0.6688372435897436
2 0.0908190673076923 0.33529171153846155 0.09932366025641026 0.49756901282051286 0.9231930256410257 0.4543918493589743 0.9146884326923077 0.2921145480769231 0.0908190673076923 0.33529171153846155