3 0.3511746987179487 0.6271037307692308 0.4218784487179488 0.6233983044871795 0.4186841153846154 0.5624467948717948 0.34798036538461535 0.5661522211538461 0.3511746987179487 0.6271037307692308
3 0.4684275192307692 0.12614001282051282 0.4696796987179487 0.1500330064102564 0.5160028461538462 0.1476053141025641 0.5147506666666667 0.12371232051282052 0.4684275192307692 0.12614001282051282
3 0.7935946698717949 0.1357465737179487 0.8165124358974359 0.1345455032051282 0.815132483974359 0.10821445192307692 0.792214717948718 0.10941552243589743 0.7935946698717949 0.1357465737179487
3 0.8358432211538462 0.10688457371794872 0.8374787211538461 0.1380917467948718 0.8667354455128206 0.13655846474358974 0.8650999455128205 0.10535129166666667 0.8358432211538462 0.10688457371794872
3 0.8131692596153847 0.10807286538461537 0.8146003205128205 0.13537914102564103 0.8394685384615383 0.13407585256410257 0.8380374775641025 0.10676957692307693 0.8131692596153847 0.10807286538461537
3 0.5319492948717949 0.5078601602564102 0.5499909423076923 0.5069146378205128 0.5482021153846154 0.4727817916666666 0.530160467948718 0.4737273141025641 0.5319492948717949 0.5078601602564102
3 0.46829627564102566 0.25425214102564103 0.5097432980769231 0.2520799967948718 0.5083889006410256 0.22623655769230772 0.4669418782051282 0.2284087051282051 0.46829627564102566 0.25425214102564103
3 0.4670057660256411 0.22962773397435896 0.5055271185897435 0.22760891346153847 0.5046071506410257 0.2100548782051282 0.4660857980769231 0.21207369871794873 0.4670057660256411 0.22962773397435896
0 0.47232974038461545 0.5224750448717949 0.5376697564102564 0.5190507179487179 0.5350120705128205 0.46833906410256415 0.46967205448717947 0.47176338782051286 0.47232974038461545 0.5224750448717949
0 0.46205121474358973 0.46629536217948714 0.5356806410256411 0.462436608974359 0.5334829391025641 0.4205019711538462 0.45985351282051284 0.4243607243589743 0.46205121474358973 0.46629536217948714
0 0.4686039391025641 0.4280582211538462 0.5315058974358974 0.4247616698717949 0.5295637435897436 0.38770315384615384 0.4666617852564103 0.3909997051282051 0.4686039391025641 0.4280582211538462
0 0.4728729711538462 0.3882294326923077 0.5323616410256411 0.38511176282051285 0.5307261442307692 0.35390458974358974 0.4712374711538462 0.35702225961538464 0.4728729711538462 0.3882294326923077
0 0.467374907051282 0.35795811538461536 0.532714923076923 0.35453379166666665 0.5311305352564103 0.3243018397435898 0.46579051602564103 0.32772616666666665 0.467374907051282 0.35795811538461536
0 0.46830524358974357 0.32906122756410255 0.5253558525641026 0.3260713333333333 0.5243081121794873 0.3060792371794872 0.46725749999999994 0.30906913141025644 0.46830524358974357 0.32906122756410255
0 0.4655964487179487 0.27737434935897437 0.514845266025641 0.2747933269230769 0.513720858974359 0.2533383974358974 0.46447204166666667 0.2559194166666667 0.4655964487179487 0.27737434935897437
0 0.4642444615384615 0.2982256346153846 0.5237331314102565 0.29510796474358975 0.522480951923077 0.27121497435897435 0.462992282051282 0.27433264102564103 0.4642444615384615 0.2982256346153846
1 0.46039879166666664 0.4534247532051282 0.5603592692307692 0.4481860480769231 0.5526162051282052 0.30043958653846153 0.4526557275641026 0.3056782948717949 0.46039879166666664 0.4534247532051282
2 0.4538156410256411 0.7429844807692307 0.5840080641025641 0.7361613846153846 0.5548757435897436 0.1802836153846154 0.4246833205128205 0.18710671153846153 0.4538156410256411 0.7429844807692307