0 0.5357420352564102 0.5050505064102564 0.6973581987179488 0.5050505064102564 0.6973581987179488 0.4343434358974359 0.5357420352564102 0.4343434358974359 0.5357420352564102 0.5050505064102564
0 0.5508935512820512 0.6212121217948718 0.732711733974359 0.6212121217948718 0.732711733974359 0.48989899038461543 0.5508935512820512 0.48989899038461543 0.5508935512820512 0.6212121217948718
3 0.8084693076923077 0.7373737371794872 0.7074592083333333 0.7373737371794872 0.7074592083333333 0.9292929294871795 0.8084693076923077 0.9292929294871795 0.8084693076923077 0.7373737371794872
3 0.3135198141025641 0.3636363621794872 0.4549339551282051 0.3636363621794872 0.4549339551282051 0.2626262628205128 0.3135198141025641 0.2626262628205128 0.3135198141025641 0.3636363621794872
3 0.515540016025641 0.42929292948717945 0.6872571858974359 0.42929292948717945 0.6872571858974359 0.3383838397435897 0.515540016025641 0.3383838397435897 0.515540016025641 0.42929292948717945
3 0.5003885 0.34848484935897434 0.6822066826923078 0.34848484935897434 0.6822066826923078 0.24747474679487177 0.5003885 0.24747474679487177 0.5003885 0.34848484935897434
1 0.44483294551282054 0.2929292916666667 0.656954157051282 0.2929292916666667 0.656954157051282 0.10101010256410256 0.44483294551282054 0.10101010256410256 0.44483294551282054 0.2929292916666667
2 0.44483294551282054 0 0.44483294551282054 0.6969696955128205 0.7276612275641026 0.6969696955128205 0.7276612275641026 0 0.44483294551282054 0
3 0.4801864807692308 0.25757575641025643 0.6317016314102565 0.25757575641025643 0.6317016314102565 0.16666666666666666 0.4801864807692308 0.16666666666666666 0.4801864807692308 0.25757575641025643
3 0.4650349647435898 0.16161616025641026 0.6266511282051282 0.16161616025641026 0.6266511282051282 0.09090908974358974 0.4650349647435898 0.09090908974358974 0.4650349647435898 0.16161616025641026
3 0.4650349647435898 0.08585858653846154 0.5963480961538462 0.08585858653846154 0.5963480961538462 0.03535353525641026 0.4650349647435898 0.03535353525641026 0.4650349647435898 0.08585858653846154