0 0.30318603525641025 0.5032342724358975 0.46470374358974365 0.508874592948718 0.46717138461538465 0.43821059615384617 0.30565367628205126 0.43257027243589746 0.30318603525641025 0.5032342724358975
0 0.2740711730769231 0.6133963974358974 0.44568373717948717 0.6193892403846154 0.4499139775641026 0.4982509583333333 0.2783014134615384 0.4922581153846154 0.2740711730769231 0.6133963974358974
3 0.1771605032051282 0.9283879647435896 0.2882039294871795 0.9322656858974359 0.2949018108974359 0.7404634070512821 0.18385838461538462 0.7365856858974359 0.1771605032051282 0.9283879647435896
3 0.5457029743589744 0.36009564423076923 0.6870309711538461 0.3650309262820513 0.6902036506410256 0.27417721474358975 0.548875657051282 0.26924193269230773 0.5457029743589744 0.36009564423076923
3 0.311053625 0.4226516762820513 0.48266619230769225 0.42864451923076924 0.4854863525641026 0.34788566666666665 0.3138737852564103 0.3418928237179487 0.311053625 0.4226516762820513
3 0.3189212147435897 0.34206908333333336 0.5006286378205128 0.3484144455128205 0.5038013205128206 0.25756073397435897 0.32209389743589745 0.2512153685897436 0.3189212147435897 0.34206908333333336
1 0.34609721794871795 0.2874286698717949 0.5479943557692308 0.29447907371794874 0.5546922371794871 0.10267679487179486 0.35279510256410257 0.09562639102564102 0.34609721794871795 0.2874286698717949
2 0.2954914487179487 0 0.27107475 0.6992026826923077 0.5335410288461538 0.7083682051282051 0.558217439102564 0.001728224358974359 0.5087275576923077 0 0.2954914487179487 0
3 0.3727444423076923 0.2479305448717949 0.5140724358974359 0.2528658269230769 0.5168925993589744 0.17210697115384616 0.37556460256410257 0.1671716891025641 0.3727444423076923 0.2479305448717949
3 0.3807882884615385 0.16230051923076924 0.532211141025641 0.1675883237179487 0.534678782051282 0.09692432692307693 0.3832559294871795 0.09163652243589744 0.3807882884615385 0.16230051923076924
3 0.4036219038461539 0.08729413461538461 0.5348550416666666 0.09187689423076922 0.5366176442307692 0.041402615384615385 0.40538450320512825 0.03681985256410256 0.4036219038461539 0.08729413461538461