0 0.3034188044871795 0.5101010096153846 0.4650349647435898 0.5101010096153846 0.4650349647435898 0.43939393910256414 0.3034188044871795 0.43939393910256414 0.3034188044871795 0.5101010096153846
0 0.27816627884615386 0.6212121217948718 0.4498834487179488 0.6212121217948718 0.4498834487179488 0.5 0.27816627884615386 0.5 0.27816627884615386 0.6212121217948718
3 0.19230769230769232 0.9393939391025642 0.3034188044871795 0.9393939391025642 0.3034188044871795 0.7474747467948718 0.19230769230769232 0.7474747467948718 0.19230769230769232 0.9393939391025642
3 0.5407925416666667 0.35858585897435896 0.6822066826923078 0.35858585897435896 0.6822066826923078 0.2676767692307692 0.5407925416666667 0.2676767692307692 0.5407925416666667 0.35858585897435896
3 0.3084693076923077 0.42929292948717945 0.4801864807692308 0.42929292948717945 0.4801864807692308 0.34848484935897434 0.3084693076923077 0.34848484935897434 0.3084693076923077 0.42929292948717945
3 0.3135198141025641 0.34848484935897434 0.4953379967948718 0.34848484935897434 0.4953379967948718 0.25757575641025643 0.3135198141025641 0.25757575641025643 0.3135198141025641 0.34848484935897434
1 0.3387723397435897 0.2929292916666667 0.5407925416666667 0.2929292916666667 0.5407925416666667 0.10101010256410256 0.3387723397435897 0.10101010256410256 0.3387723397435897 0.2929292916666667
2 0.27816627884615386 0 0.27816627884615386 0.7070707083333334 0.5407925416666667 0.7070707083333334 0.5407925416666667 0 0.27816627884615386 0
3 0.36402486538461537 0.2525252532051282 0.5054390064102564 0.2525252532051282 0.5054390064102564 0.17171717307692308 0.36402486538461537 0.17171717307692308 0.36402486538461537 0.2525252532051282
3 0.3690753685897436 0.16666666666666666 0.5205905192307692 0.16666666666666666 0.5205905192307692 0.09595959615384615 0.3690753685897436 0.09595959615384615 0.3690753685897436 0.16666666666666666
3 0.3892773878205128 0.09090908974358974 0.5205905192307692 0.09090908974358974 0.5205905192307692 0.04040404166666667 0.3892773878205128 0.04040404166666667 0.3892773878205128 0.09090908974358974