3 0.582204766025641 0.615879875 0.6586781826923077 0.6212274166666667 0.6634466923076924 0.553034560897436 0.5869732756410256 0.5476870192307692 0.582204766025641 0.615879875
3 0.45080771153846155 0.15001284294871794 0.49951689423076917 0.15341891987179487 0.5014924198717948 0.12516759615384615 0.4527832371794872 0.12176151923076922 0.45080771153846155 0.15001284294871794
3 0.15030623397435897 0.1635076185897436 0.1756350096153846 0.16527877884615386 0.17764459294871796 0.1365403621794872 0.15231582051282053 0.13476920192307693 0.15030623397435897 0.1635076185897436
3 0.0994545576923077 0.1697411955128205 0.13208971153846155 0.17202326923076922 0.13447396794871794 0.13792684294871796 0.10183881089743589 0.13564476923076924 0.0994545576923077 0.1697411955128205
3 0.1269650032051282 0.16481228525641026 0.15472924038461539 0.16675375 0.1568069455128205 0.13704114743589743 0.12904271153846153 0.13509968269230768 0.1269650032051282 0.16481228525641026
3 0.44732941025641026 0.5112458557692308 0.4687614551282051 0.512744532051282 0.471281951923077 0.4766997371794872 0.44984991025641025 0.4752010641025641 0.44732941025641026 0.5112458557692308
3 0.46606117307692313 0.2538689198717949 0.5098994358974359 0.25693439102564103 0.5120112051282052 0.2267346987179487 0.4681729391025641 0.2236692275641026 0.46606117307692313 0.2538689198717949
3 0.46901600320512815 0.22911239102564102 0.508957532051282 0.231905375 0.5104562051282051 0.21047333333333335 0.4705146762820513 0.20768034935897434 0.46901600320512815 0.22911239102564102
0 0.4588254935897436 0.5218392115384616 0.5289667147435897 0.5267439647435898 0.5329858878205128 0.46926713141025644 0.46284466346153846 0.46436237820512816 0.4588254935897436 0.5218392115384616
0 0.45689738141025643 0.4654149262820512 0.5343449807692308 0.47083058974358977 0.5377851217948718 0.4216343141025641 0.4603375192307692 0.41621865064102564 0.45689738141025643 0.4654149262820512
0 0.4580587852564103 0.4278066698717949 0.5243032724358974 0.4324389358974359 0.5273687435897436 0.38860067628205125 0.4611242564102564 0.3839684102564102 0.4580587852564103 0.4278066698717949
0 0.45446848397435896 0.3881529935897436 0.5168162371794872 0.39251277243589744 0.5194048557692308 0.35549379166666667 0.4570571025641026 0.3511340096153846 0.45446848397435896 0.3881529935897436
0 0.4514828205128205 0.3573521121794872 0.5196756730769231 0.3621206217948718 0.522230233974359 0.32558873717948716 0.4540373782051282 0.32082022756410256 0.4514828205128205 0.3573521121794872
0 0.45764971474358973 0.3286596666666667 0.516100733974359 0.33274696153846156 0.5179059551282051 0.30693109294871795 0.45945493910256413 0.3028438012820513 0.45764971474358973 0.3286596666666667
0 0.4632255576923077 0.2769206314102564 0.5143701955128205 0.2804970128205128 0.5162435384615385 0.2537069615384615 0.46509890064102566 0.2501305801282051 0.4632255576923077 0.2769206314102564
0 0.4561423557692308 0.2977174262820513 0.5175159262820512 0.30200908653846154 0.5195936314102564 0.27229648397435896 0.4582200641025641 0.2680048269230769 0.4561423557692308 0.2977174262820513
1 0.4201065865384615 0.4525633141025641 0.5345731666666668 0.46056759935897434 0.5455407371794871 0.30372403525641023 0.43107415705128205 0.29571975 0.4201065865384615 0.4525633141025641
2 0.37856166025641025 0.7386923653846154 0.5660920064102565 0.7518057628205128 0.6056706314102563 0.1858050641025641 0.41814028205128206 0.1726916666666667 0.37856166025641025 0.7386923653846154