3 0.32588244551282053 0.5989331314102565 0.403412766025641 0.6029963237179486 0.40704152884615385 0.5337554070512821 0.3295112083333333 0.5296922147435897 0.32588244551282053 0.5989331314102565
3 0.5487483782051282 0.1575996217948718 0.5979971987179488 0.16018064423076922 0.5995304775641025 0.13092391987179489 0.550281657051282 0.1283428974358974 0.5487483782051282 0.1575996217948718
3 0.8677582275641026 0.21416775641025643 0.8936016634615385 0.21552215384615386 0.8951349455128206 0.18626542628205128 0.8692915064102564 0.18491103205128206 0.8677582275641026 0.21416775641025643
3 0.909874858974359 0.2268874487179487 0.9430324775641026 0.22862516666666666 0.9448468589743589 0.19400470833333333 0.9116892403846154 0.1922669903846154 0.909874858974359 0.2268874487179487
3 0.8880590512820513 0.21865433653846153 0.9163405512820513 0.22013650641025642 0.9179249423076923 0.18990455769230769 0.8896434391025642 0.18842238782051282 0.8880590512820513 0.21865433653846153
3 0.5291703942307693 0.5171751987179487 0.5511129358974359 0.518325157051282 0.5530039807692307 0.48224186217948717 0.5310614391025641 0.48109190384615386 0.5291703942307693 0.5171751987179487
3 0.5239029679487179 0.258488358974359 0.5682756698717949 0.2608138365384616 0.5698856153846155 0.2300942756410256 0.5255129134615384 0.2277688012820513 0.5239029679487179 0.258488358974359
3 0.5286195416666667 0.23379902884615383 0.5686037307692308 0.2358945096153846 0.5697536923076922 0.21395196474358974 0.5297695 0.21185648397435897 0.5286195416666667 0.23379902884615383
0 0.4677077916666667 0.5237331057692308 0.5384115416666666 0.5274385320512821 0.5414781025641026 0.4689250833333334 0.47077434935897433 0.465219657051282 0.4677077916666667 0.5237331057692308
0 0.4701589647435897 0.4676321634615385 0.5481768974358975 0.4717209102564103 0.5508345833333333 0.42100925320512816 0.4728166506410257 0.4169205064102564 0.4701589647435897 0.4676321634615385
0 0.48529219871794876 0.43077600961538465 0.5520950544871795 0.434277 0.5544460833333333 0.3894166858974359 0.48764322756410255 0.38591569871794873 0.48529219871794876 0.43077600961538465
0 0.49830784615384616 0.39234202243589744 0.5612098044871795 0.3956385737179487 0.5632030705128205 0.3576048301282051 0.500301108974359 0.35430827884615385 0.49830784615384616 0.39234202243589744
0 0.49989223397435895 0.3621100737179487 0.5686455352564103 0.36571327884615384 0.5706388012820514 0.32767953846153847 0.5018855 0.32407633333333336 0.49989223397435895 0.3621100737179487
0 0.5072768589743589 0.3331600064102564 0.5662779198717949 0.3362521217948718 0.5676834262820513 0.30943345512820514 0.5086823685897436 0.30634133974358974 0.5072768589743589 0.3331600064102564
0 0.5163501666666667 0.28131772435897434 0.5675494326923077 0.28400096153846155 0.5689804935897437 0.2566946858974359 0.5177812275641026 0.2540114455128205 0.5163501666666667 0.28131772435897434
0 0.510349641025641 0.30251710897435896 0.5722763717948718 0.30576255128205126 0.5738863173076922 0.2750429903846154 0.5119595833333334 0.2717975480769231 0.510349641025641 0.30251710897435896
1 0.47140147756410256 0.45791825320512825 0.588428375 0.464051375 0.596733641025641 0.30557744871794873 0.47970674358974363 0.29944432692307693 0.47140147756410256 0.45791825320512825
2 0.3995301955128205 0.7423884519230769 0.5965254743589744 0.7527125384615385 0.6262711057692307 0.18513208012820512 0.4292758269230769 0.1748079967948718 0.3995301955128205 0.7423884519230769