0 0.30362503205128205 0.5135302852564103 0.4652165769230769 0.5107096955128204 0.46398256730769233 0.44001339423076924 0.30239102243589744 0.4428339839743589 0.30362503205128205 0.5135302852564103
0 0.2803155096153846 0.6250651923076923 0.45200652564102567 0.6220683141025641 0.4498910801282051 0.5008746538461539 0.2782000641025641 0.5038715320512821 0.2803155096153846 0.6250651923076923
3 0.20002303846153846 0.9446969871794871 0.31111722756410254 0.9427578333333333 0.30776777564102564 0.7508678685897435 0.19667358653846154 0.7528070256410256 0.20002303846153846 0.9446969871794871
3 0.5383183108974359 0.35789546794871796 0.6797109134615384 0.35542745192307695 0.6781243333333333 0.2645322083333333 0.5367317307692308 0.26700022435897436 0.5383183108974359 0.35789546794871796
3 0.3072644711538462 0.4326463685897436 0.4789554903846154 0.42964949358974364 0.47754519551282054 0.34885371794871795 0.30585417628205125 0.3518505961538462 0.3072644711538462 0.4326463685897436
3 0.31090391346153845 0.35176245512820514 0.4926944038461538 0.3485892884615384 0.4911078205128205 0.2576940416666667 0.3093173301282051 0.2608672083333333 0.31090391346153845 0.35176245512820514
1 0.3351830128205128 0.29577464102564105 0.5371724455128205 0.29224890064102566 0.5338229935897436 0.10035894230769231 0.33183356089743593 0.1038846826923077 0.3351830128205128 0.29577464102564105
2 0.4956365737179487 0 0.26947386217948716 0.0039476858974358976 0.2818139487179487 0.7109107019230769 0.5444002115384615 0.7063272435897436 0.5320712211538462 0 0.4956365737179487 0
3 0.3597265448717949 0.25493603846153845 0.5011191474358975 0.25246802243589744 0.4997088525641026 0.17167224679487178 0.35831625 0.17414026602564103 0.3597265448717949 0.25493603846153845
3 0.36327783974358974 0.1690023846153846 0.5147699134615384 0.16635808012820513 0.513535907051282 0.09566177884615386 0.3620438301282051 0.09830608333333334 0.36327783974358974 0.1690023846153846
3 0.3821546314102564 0.09290377243589742 0.5134477628205129 0.09061204166666667 0.5125663269230769 0.040114685897435894 0.3812731955128205 0.04240641666666667 0.3821546314102564 0.09290377243589742