3 0.5900878910256411 0.609863282051282 0.6667480480769231 0.609863282051282 0.6667480480769231 0.541503907051282 0.5900878910256411 0.541503907051282 0.5900878910256411 0.609863282051282
3 0.4265136730769231 0.154296875 0.4753417980769231 0.154296875 0.4753417980769231 0.1259765641025641 0.4265136730769231 0.1259765641025641 0.4265136730769231 0.154296875
3 0.12768554807692306 0.18872070192307694 0.15307617307692306 0.18872070192307694 0.15307617307692306 0.15991210897435898 0.12768554807692306 0.15991210897435898 0.12768554807692306 0.18872070192307694
3 0.07739257692307693 0.19848632692307694 0.11010742307692307 0.19848632692307694 0.11010742307692307 0.16430664102564102 0.07739257692307693 0.16430664102564102 0.07739257692307693 0.19848632692307694
3 0.1044921858974359 0.19165039102564102 0.13232421794871796 0.19165039102564102 0.13232421794871796 0.16186523397435898 0.1044921858974359 0.16186523397435898 0.1044921858974359 0.19165039102564102
3 0.4482421858974359 0.5148925769230769 0.4697265641025641 0.5148925769230769 0.4697265641025641 0.4787597660256411 0.4482421858974359 0.4787597660256411 0.4482421858974359 0.5148925769230769
3 0.4489746089743589 0.2568359358974359 0.4929199230769231 0.2568359358974359 0.4929199230769231 0.2265625 0.4489746089743589 0.2265625 0.4489746089743589 0.2568359358974359
3 0.4501953141025641 0.23193359294871796 0.490234375 0.23193359294871796 0.490234375 0.21044921794871796 0.4501953141025641 0.21044921794871796 0.4501953141025641 0.23193359294871796
0 0.46044921794871796 0.5246582019230769 0.530761717948718 0.5246582019230769 0.530761717948718 0.4670410160256411 0.46044921794871796 0.4670410160256411 0.46044921794871796 0.5246582019230769
0 0.45458984294871796 0.4685058589743589 0.5322265641025641 0.4685058589743589 0.5322265641025641 0.4191894519230769 0.45458984294871796 0.4191894519230769 0.45458984294871796 0.4685058589743589
0 0.453125 0.4309082019230769 0.51953125 0.4309082019230769 0.51953125 0.386962891025641 0.453125 0.386962891025641 0.453125 0.4309082019230769
0 0.44677734294871796 0.3916015641025641 0.509277342948718 0.3916015641025641 0.509277342948718 0.3544921858974359 0.44677734294871796 0.3544921858974359 0.44677734294871796 0.3916015641025641
0 0.4416503910256411 0.361083983974359 0.5100097660256411 0.361083983974359 0.5100097660256411 0.324462891025641 0.4416503910256411 0.324462891025641 0.4416503910256411 0.361083983974359
0 0.44580078205128204 0.33203125 0.504394532051282 0.33203125 0.504394532051282 0.30615234294871796 0.44580078205128204 0.30615234294871796 0.44580078205128204 0.33203125
0 0.44775390705128204 0.28002929807692306 0.4990234358974359 0.28002929807692306 0.4990234358974359 0.25317382692307694 0.44775390705128204 0.25317382692307694 0.44775390705128204 0.28002929807692306
0 0.4421386730769231 0.30126953205128204 0.5036621089743589 0.30126953205128204 0.5036621089743589 0.271484375 0.4421386730769231 0.271484375 0.4421386730769231 0.30126953205128204
1 0.4169921858974359 0.4582519519230769 0.531738282051282 0.4582519519230769 0.531738282051282 0.301025391025641 0.4169921858974359 0.301025391025641 0.4169921858974359 0.4582519519230769
2 0.3955078141025641 0.746582032051282 0.583496092948718 0.746582032051282 0.583496092948718 0.17919921794871796 0.3955078141025641 0.17919921794871796 0.3955078141025641 0.746582032051282