3 0.6119680576923077 0.7378742435897436 0.6578035961538462 0.7354721057692307 0.6549670288461539 0.6813471666666667 0.6091314903846153 0.6837493044871794 0.6119680576923077 0.7378742435897436
3 0.5763595993589744 0.7394959326923077 0.6231703589743589 0.7370426858974358 0.620666 0.6892566987179487 0.5738552403846153 0.6917099487179487 0.5763595993589744 0.7394959326923077
3 0.5610443685897436 0.7131617660256411 0.6102931891025641 0.7105807467948717 0.6078399423076923 0.6637699871794872 0.5585911217948718 0.6663510064102564 0.5610443685897436 0.7131617660256411
3 0.48768262500000004 0.4375708012820513 0.5164517371794872 0.43606307692307694 0.5147395737179488 0.4033930673076923 0.48597046474358974 0.40490079487179487 0.48768262500000004 0.4375708012820513
3 0.733046125 0.4031979871794872 0.7545010544871794 0.4020735833333333 0.75365775 0.3859823846153846 0.7322028205128205 0.38710679166666667 0.733046125 0.4031979871794872
3 0.9612240320512822 0.5587055256410256 0.992431205128205 0.5570700288461539 0.9911279166666668 0.5322018076923077 0.9599207467948718 0.5338373076923077 0.9612240320512822 0.5587055256410256
3 0.9441341282051281 0.5498221442307692 0.9743660769230769 0.5482377532051282 0.9729094615384616 0.5204438653846154 0.9426775128205128 0.5220282532051282 0.9441341282051281 0.5498221442307692
3 0.09708775 0.36440683012820513 0.13170821153846154 0.3625924487179487 0.13007271153846153 0.33138527564102566 0.0954522532051282 0.333199657051282 0.09708775 0.36440683012820513
3 0.09084686858974358 0.38526985897435895 0.1332691185897436 0.38304660256410256 0.13163361858974357 0.3518394294871795 0.08921136858974359 0.3540626858974359 0.09084686858974358 0.38526985897435895
3 0.10059392628205129 0.4079842275641026 0.13423915705128206 0.4062209551282051 0.13265476923076924 0.37598900320512824 0.09900953846153845 0.37775227564102565 0.10059392628205129 0.4079842275641026
3 0.0490226891025641 0.6974569198717949 0.10899897435897436 0.6943136955128205 0.10600907692307693 0.6372630833333334 0.04603279166666666 0.6404063076923077 0.0490226891025641 0.6974569198717949
2 0.9622001185897435 0.7581181121794872 0.7767212243589743 0.8081379583333332 0.8197762307692308 0.8587558685897435 0.9238480961538462 0.8533016923076923 0.9470093493589744 0.8442692500000001 0.9622001185897435 0.7581181121794872
2 0.6616617307692307 0.34520520833333335 0.40919740384615383 0.3154307532051282 0.4013688814102564 0.35179165384615385 0.6577844294871795 0.38005315384615385 0.6616617307692307 0.34520520833333335
1 0.5015727083333333 0.3230251762820513 0.5092068557692307 0.35687903846153846 0.5894016762820513 0.3585455641025641 0.5826644006410256 0.3308557724358974 0.5015727083333333 0.3230251762820513
0 0.48221426282051283 0.3892067307692308 0.5090329262820513 0.3878012211538462 0.5074996474358974 0.35854449679487177 0.48068098397435893 0.3599500032051282 0.48221426282051283 0.3892067307692308
0 0.6327451442307692 0.4392584775641025 0.6595638108974359 0.437852967948718 0.6581583012820513 0.4110343012820513 0.6313396346153847 0.41243981089743587 0.6327451442307692 0.4392584775641025
0 0.6774338301282051 0.400978516025641 0.7008392115384615 0.399751891025641 0.699638141025641 0.376834125 0.6762327628205128 0.37806075 0.6774338301282051 0.400978516025641
0 0.09827363461538462 0.3403860641025641 0.1299684198717949 0.3387250128205128 0.12843514102564102 0.30946828846153845 0.09674035256410256 0.31112933974358975 0.09827363461538462 0.3403860641025641
0 0.0957513173076923 0.3155817371794872 0.12842132692307692 0.3138695737179487 0.127092483974359 0.2885137467948718 0.09442247435897436 0.29022590705128204 0.0957513173076923 0.3155817371794872
0 0.09794971794871794 0.29688637500000004 0.13354540064102563 0.2950208846153846 0.1323954391025641 0.27307833974358975 0.09679975641025641 0.27494383012820517 0.09794971794871794 0.29688637500000004
0 0.383035641025641 0.2834125064102564 0.4010772884615385 0.282466983974359 0.40023398397435894 0.26637578525641026 0.3821923365384616 0.26732130769230766 0.383035641025641 0.2834125064102564
3 0.35981225641025644 0.27411713782051284 0.378829125 0.2731205064102564 0.37780693910256413 0.2536160224358974 0.3587900673076923 0.25461265384615384 0.35981225641025644 0.27411713782051284
3 0.3711029583333333 0.27963731089743593 0.38475609615384615 0.2789217788461538 0.38416833974358977 0.26770670192307694 0.3705152019230769 0.268422233974359 0.3711029583333333 0.27963731089743593