3 0.25537109294871796 0.5900878910256411 0.2861328141025641 0.5900878910256411 0.2861328141025641 0.5607910160256411 0.25537109294871796 0.5607910160256411 0.25537109294871796 0.5900878910256411
3 0.554199217948718 0.453125 0.580078125 0.453125 0.580078125 0.431640625 0.554199217948718 0.431640625 0.554199217948718 0.453125
3 0.5744628910256411 0.4455566410256411 0.5969238269230769 0.4455566410256411 0.5969238269230769 0.4206542980769231 0.5744628910256411 0.4206542980769231 0.5744628910256411 0.4455566410256411
3 0.6962890641025641 0.4501953141025641 0.718261717948718 0.4501953141025641 0.718261717948718 0.42822265705128204 0.6962890641025641 0.42822265705128204 0.6962890641025641 0.4501953141025641
0 0.7990722660256411 0.6494140641025641 0.8425292980769231 0.6494140641025641 0.8425292980769231 0.6123046858974359 0.7990722660256411 0.6123046858974359 0.7990722660256411 0.6494140641025641
0 0.836181641025641 0.6467285160256411 0.8762207019230769 0.6467285160256411 0.8762207019230769 0.6105957019230769 0.836181641025641 0.6105957019230769 0.836181641025641 0.6467285160256411
0 0.872802733974359 0.645996092948718 0.911865233974359 0.645996092948718 0.911865233974359 0.611816407051282 0.872802733974359 0.611816407051282 0.872802733974359 0.645996092948718
0 1 0.5827636730769231 0.98828125 0.5827636730769231 0.98828125 0.6164550769230769 1 0.6164550769230769 1 0.5827636730769231
0 0.8549804679487178 0.505859375 0.88671875 0.505859375 0.88671875 0.4755859358974359 0.8549804679487178 0.4755859358974359 0.8549804679487178 0.505859375
0 0.406005858974359 0.5871582019230769 0.4421386730769231 0.5871582019230769 0.4421386730769231 0.5583496089743589 0.406005858974359 0.5583496089743589 0.406005858974359 0.5871582019230769
0 0.42529296794871796 0.5241699230769231 0.44970703205128204 0.5241699230769231 0.44970703205128204 0.4982910160256411 0.42529296794871796 0.4982910160256411 0.42529296794871796 0.5241699230769231
2 0.5933747532051282 0.4086344262820513 0.3480714294871795 0.5262700897435898 0.36355977243589743 0.558931548076923 0.6184910705128205 0.44272247115384616 0.5933747532051282 0.4086344262820513
1 0.5686770833333333 0.4622326378205129 0.5431418653846154 0.43250248076923076 0.4531416185897436 0.46522247115384613 0.46695560576923073 0.5062001474358975 0.5686770833333333 0.4622326378205129