2 0.2802579358974359 0.5780424102564102 0.877976189102564 0.33746701282051283 0.8002646314102565 0.28786383974358976 0.24553571474358973 0.49040997115384616 0.2802579358974359 0.5780424102564102
1 0.7390873012820512 0.39285714423076923 0.6779099711538462 0.32919965384615385 0.49933854166666664 0.39533730128205125 0.5596892371794872 0.4672619038461539 0.7390873012820512 0.39285714423076923
3 0.5895996089743589 0.5373535160256411 0.6447753910256411 0.5373535160256411 0.6447753910256411 0.4846191410256411 0.5895996089743589 0.4846191410256411 0.5895996089743589 0.5373535160256411
3 0.6745605480769231 0.21166992307692306 0.7067871089743589 0.21166992307692306 0.7067871089743589 0.17700195192307694 0.6745605480769231 0.17700195192307694 0.6745605480769231 0.21166992307692306
0 0.7109375 0.2275390641025641 0.740722657051282 0.2275390641025641 0.740722657051282 0.19873046794871796 0.7109375 0.19873046794871796 0.7109375 0.2275390641025641
0 0.2353515641025641 0.125 0.2353515641025641 0.14892578205128204 0.2744140641025641 0.14892578205128204 0.2744140641025641 0.125 0.2353515641025641 0.125
0 0.27294921794871796 0.125 0.27294921794871796 0.1572265641025641 0.3076171858974359 0.1572265641025641 0.3076171858974359 0.125 0.27294921794871796 0.125
3 0.30419921794871796 0.125 0.30419921794871796 0.16796875 0.34228515705128204 0.16796875 0.34228515705128204 0.125 0.30419921794871796 0.125
3 0.37451171794871796 0.18701171794871796 0.4052734358974359 0.18701171794871796 0.4052734358974359 0.1455078141025641 0.37451171794871796 0.1455078141025641 0.37451171794871796 0.18701171794871796
3 0.34228515705128204 0.17456054807692306 0.37548828205128204 0.17456054807692306 0.37548828205128204 0.13403320192307694 0.34228515705128204 0.13403320192307694 0.34228515705128204 0.17456054807692306
0 1 0.277099608974359 0.9663085929487178 0.277099608974359 0.9663085929487178 0.312744141025641 1 0.312744141025641 1 0.277099608974359