2 0.2846435096153846 0.5894358653846153 0.8689518653846153 0.3179080128205128 0.7887507788461539 0.2724399294871795 0.24538254487179487 0.5037407467948718 0.2846435096153846 0.5894358653846153
1 0.733152217948718 0.3804911185897436 0.6687271538461539 0.32012264102564103 0.49386182692307695 0.39551535576923075 0.5578940544871795 0.46418287820512827 0.733152217948718 0.3804911185897436
3 0.5914317467948718 0.5326130416666667 0.6465319134615385 0.5297253653846153 0.6437720096153846 0.4770632628205128 0.588671842948718 0.47995093910256414 0.5914317467948718 0.5326130416666667
3 0.6592312884615384 0.20292927564102564 0.6914136826923077 0.20124266987179487 0.6895993012820513 0.16662220833333333 0.6574169070512821 0.16830881730769232 0.6592312884615384 0.20292927564102564
0 0.6963889134615384 0.21687284615384614 0.72613325 0.21531401282051282 0.7246255256410257 0.18654489743589744 0.6948811891025641 0.18810373076923076 0.6963889134615384 0.21687284615384614
0 0.21608827243589743 0.1393645544871795 0.2173404519230769 0.16325754487179486 0.25634941666666666 0.16121317307692307 0.2550972371794872 0.13732017948717948 0.21608827243589743 0.1393645544871795
0 0.25363440064102566 0.13739684294871796 0.2553210064102564 0.16957924358974358 0.2899414647435897 0.1677648621794872 0.28825485576923077 0.13558246153846154 0.25363440064102566 0.13739684294871796
3 0.2848415737179487 0.13576134615384616 0.2870903846153846 0.17867120833333333 0.3251241282051282 0.1766779455128205 0.3228753173076923 0.13376808012820512 0.2848415737179487 0.13576134615384616
3 0.35830315384615385 0.19400820833333332 0.38902271474358974 0.1923982628205128 0.3868505673076923 0.1509512371794872 0.3561310064102564 0.1525611826923077 0.35830315384615385 0.19400820833333332
3 0.32546911538461537 0.18326070833333333 0.3586267371794872 0.1815229903846154 0.3565056987179487 0.1410511858974359 0.32334807692307693 0.14278890384615384 0.32546911538461537 0.18326070833333333
0 0.9876490608974359 0.25123710897435897 0.954003826923077 0.25300038141025644 0.9558693173076923 0.2885960641025641 0.9895145544871795 0.2868327916666667 0.9876490608974359 0.25123710897435897