3 0.2586641378205128 0.598570439102564 0.2894071185897436 0.5974968685897436 0.28838467307692306 0.5682178397435897 0.25764168910256413 0.5692914102564103 0.2586641378205128 0.598570439102564
3 0.5525302884615385 0.45126202884615385 0.5783934294871795 0.4503588685897436 0.5776436346153846 0.42888758012820516 0.5517804935897436 0.42979074358974356 0.5525302884615385 0.45126202884615385
3 0.572517483974359 0.44299108974358975 0.5949647371794872 0.4422072147435897 0.5940956570512821 0.4173200416666667 0.5716484038461538 0.41810391666666663 0.572517483974359 0.44299108974358975
3 0.6944313301282051 0.4433752628205128 0.7163905993589744 0.4426084294871795 0.715623766025641 0.42064915705128203 0.6936644967948719 0.4214159935897436 0.6944313301282051 0.4433752628205128
0 0.8041045544871794 0.6388855737179487 0.8475351153846153 0.6373689455128205 0.846240016025641 0.6002821730769231 0.8028094551282051 0.6017988012820512 0.8041045544871794 0.6388855737179487
0 0.8410975993589744 0.6349065641025641 0.8811122692307694 0.6335092211538461 0.8798512532051282 0.5973984166666667 0.8398365833333334 0.5987957596153846 0.8410975993589744 0.6349065641025641
0 0.8776708237179488 0.6328965288461539 0.9167095256410257 0.631533266025641 0.9155166730769232 0.5973744006410256 0.8764779679487179 0.5987376634615384 0.8776708237179488 0.6328965288461539
0 1 0.5653537371794872 0.9908722115384615 0.5656724871794871 0.9920480256410256 0.5993433653846153 1 0.5990656762820513 1 0.5653537371794872
0 0.8549687115384617 0.4934671666666667 0.8866876602564102 0.49235951602564104 0.8856311314102564 0.4621045192307693 0.8539121858974358 0.46321216987179487 0.8549687115384617 0.4934671666666667
0 0.40910489423076923 0.5903854551282052 0.4452156987179487 0.5891244391025641 0.4442102916666667 0.5603333942307692 0.40809949038461535 0.5615944134615385 0.40910489423076923 0.5903854551282052
0 0.4261819967948718 0.526762435897436 0.4505811858974359 0.5259103974358974 0.44967802564102566 0.5000472564102564 0.42527883333333333 0.5008992948717949 0.4261819967948718 0.526762435897436
2 0.5901292596153846 0.40543135256410257 0.34908079166666667 0.5315563173076924 0.3656995705128205 0.5636573429487179 0.6164199326923077 0.4386220833333333 0.5901292596153846 0.40543135256410257
1 0.5673171858974358 0.4598588493589744 0.5407599551282052 0.43103796794871796 0.45195644551282055 0.4668789903846154 0.4671921185897436 0.5073496025641026 0.5673171858974358 0.4598588493589744