2 0.6599584775641026 0.6380099615384616 0.4300294743589744 0.4230316346153846 0.37719956730769233 0.45945721474358975 0.6009333525641026 0.6690741346153846 0.6599584775641026 0.6380099615384616
1 0.4647683814102564 0.4558542852564103 0.42250727884615386 0.4964096666666667 0.5079706762820513 0.5626486153846154 0.550241875 0.5165173173076923 0.4647683814102564 0.4558542852564103
3 0.32486343589743594 0.8503197243589744 0.3897652820512821 0.8480533012820513 0.3881634487179487 0.8021828237179487 0.3232616025641026 0.8044492467948718 0.32486343589743594 0.8503197243589744
3 0.3940192628205128 0.8789295064102564 0.3923663076923077 0.831595076923077 0.338200108974359 0.8334866025641026 0.3398530608974359 0.8808210320512821 0.3940192628205128 0.8789295064102564
3 0.34717281730769234 0.880565423076923 0.3459970064102564 0.8468945384615384 0.2820711282051282 0.8491268782051282 0.2832469423076923 0.8827977628205128 0.34717281730769234 0.880565423076923
3 0.4286420448717949 0.4572983269230769 0.4442575288461539 0.45675302243589744 0.4436610993589743 0.4396735897435897 0.42804561858974355 0.44021889423076926 0.4286420448717949 0.4572983269230769
3 0.4214012916666667 0.44582528846153846 0.4394566955128205 0.4451947788461538 0.4389795512820513 0.43153123397435894 0.4209241506410257 0.43216174038461536 0.4214012916666667 0.44582528846153846
3 0.44969583333333335 0.4445929294871795 0.4706791378205128 0.44386017628205127 0.47003158653846155 0.42531679487179486 0.4490482852564102 0.4260495480769231 0.44969583333333335 0.4445929294871795
3 0.440404 0.4373444358974359 0.4565074647435897 0.4367820897435898 0.455842875 0.4177507243589743 0.4397394102564103 0.4183130673076923 0.440404 0.4373444358974359
3 0.43308966666666665 0.4307597564102564 0.4491931314102564 0.43019741025641023 0.44859670512820515 0.41311797435897435 0.43249323717948723 0.41368032051282055 0.43308966666666665 0.4307597564102564
3 0.3577480673076923 0.4558653685897436 0.3748275 0.4552689423076923 0.37417995192307696 0.4367255608974359 0.35710051923076924 0.43732198717948717 0.3577480673076923 0.4558653685897436
3 0.36988492307692306 0.4466471217948718 0.3845244358974359 0.44613590064102565 0.3838257628205128 0.4261285641025641 0.36918625 0.4266397852564103 0.36988492307692306 0.4466471217948718
3 0.3765431858974359 0.4344444294871795 0.39508657051282053 0.43379687820512824 0.3945583044871795 0.4186693814102564 0.3760149230769231 0.4193169294871795 0.3765431858974359 0.4344444294871795
3 0.3079427371794872 0.4637118461538462 0.31526249358974356 0.463456233974359 0.3147342307692308 0.4483287371794872 0.30741447435897434 0.44858434935897434 0.3079427371794872 0.4637118461538462
3 0.2986338621794872 0.45597536858974363 0.31083345833333337 0.45554934935897434 0.31020295192307695 0.4374939455128205 0.29800335576923076 0.4379199647435898 0.2986338621794872 0.45597536858974363
3 0.0757035032051282 0.507976657051282 0.09327091987179487 0.5073631891025641 0.09255520833333333 0.48686786858974357 0.07498779166666668 0.48748133653846154 0.0757035032051282 0.507976657051282
3 0.012481721153846154 0.5233760384615385 0.03883284294871795 0.5224558397435898 0.03781039743589744 0.49317681089743587 0.011459272435897436 0.49409701282051277 0.012481721153846154 0.5233760384615385
3 0 0.5087275416666667 0.0006624423076923077 0.5276974102564103 0.014325990384615385 0.5272202660256411 0.013473951923076922 0.502821076923077 0 0.5032915961538462 0 0.5087275416666667
0 0.4268705833333334 0.42755687499999995 0.44492598397435895 0.42692636858974364 0.4443295576923077 0.40984693589743587 0.42627415384615386 0.4104774455128205 0.4268705833333334 0.42755687499999995
0 0.40848056730769233 0.4325962820512821 0.42653596474358974 0.43196577243589745 0.425871375 0.4129344038461538 0.40781597756410254 0.41356491346153845 0.40848056730769233 0.4325962820512821
0 0.39249328525641025 0.42949022756410254 0.40957271794871797 0.4288938012820513 0.40909557692307696 0.4152302532051282 0.39201614423076925 0.41582667948717944 0.39249328525641025 0.42949022756410254
0 0.3903686217948718 0.4386031314102564 0.40939998717948717 0.4379385416666666 0.40890580448717945 0.42378701282051284 0.38987443910256414 0.4244516025641026 0.3903686217948718 0.4386031314102564
0 0.3864198269230769 0.4514440769230769 0.40642716346153845 0.450745407051282 0.40567736858974357 0.4292741185897436 0.38567003205128203 0.4299727916666667 0.3864198269230769 0.4514440769230769
0 0.34951740705128204 0.45102271474358974 0.3656208717948718 0.4504603685897436 0.3649392403846154 0.43094101602564105 0.34883577564102564 0.4315033621794872 0.34951740705128204 0.45102271474358974
0 0.34310235256410254 0.4422080192307693 0.35530194871794873 0.441782 0.35480776923076923 0.42763047435897433 0.3426081730769231 0.4280564935897436 0.34310235256410254 0.4422080192307693
0 0.3375563717948718 0.3813293333333333 0.3546358044871795 0.38073290705128204 0.35422682692307694 0.36902129487179486 0.3371473942307692 0.36961772115384617 0.3375563717948718 0.3813293333333333
0 0.2800564006410256 0.4556469519230769 0.29811179807692306 0.4550164423076923 0.29753241025641025 0.4384249903846154 0.2794770128205128 0.43905550000000004 0.2800564006410256 0.4556469519230769
0 0.272983733974359 0.46297832692307694 0.2803034903846154 0.4627227147435897 0.27963890064102565 0.4436913461538462 0.2723191442307692 0.4439469583333333 0.272983733974359 0.46297832692307694
0 0.2814498653846154 0.4675684679487179 0.30389712179487177 0.466784592948718 0.30311324358974356 0.44433733974358974 0.28066598717948715 0.44512121474358973 0.2814498653846154 0.4675684679487179
0 0.02892367948717949 0.5464979487179488 0.05820270833333333 0.5454755032051282 0.05724842307692308 0.5181484102564102 0.027969397435897436 0.5191708557692307 0.02892367948717949 0.5464979487179488