1 0.6146549871794872 0.5061928653846154 0.5703285256410257 0.537465532051282 0.6179950576923077 0.5933879743589744 0.6670993878205128 0.5624907467948719 0.6146549871794872 0.5061928653846154
2 0.79100575 0.679813657051282 0.5689546794871795 0.4620990224358974 0.5192043237179487 0.48678139102564105 0.722272717948718 0.7159277051282051 0.79100575 0.679813657051282
22 0.5557390096153846 0.5241698205128206 0.5982130128205129 0.5249112051282052 0.5988606602564103 0.48780748397435897 0.556386657051282 0.4870660961538461 0.5557390096153846 0.5241698205128206
22 0.5410093782051282 0.5007158205128205 0.5761602724358974 0.5013293814102564 0.5767567916666666 0.4671549038461538 0.5416058974358975 0.46654133974358974 0.5410093782051282 0.5007158205128205
17 0.810937032051282 0.8021034711538462 0.8558520673076924 0.8028874647435897 0.8566531057692308 0.7569960192307692 0.8117380705128205 0.7562120256410256 0.810937032051282 0.8021034711538462
17 0.4362384262820513 0.4598185865384616 0.4601605641025641 0.4602361506410257 0.4606292564102564 0.4333847724358974 0.4367071185897436 0.43296720833333335 0.4362384262820513 0.4598185865384616
16 0.2715026891025641 0.4549896923076923 0.3056771730769231 0.45558620833333335 0.3062566474358975 0.42238814102564104 0.27208216346153846 0.421791625 0.2715026891025641 0.4549896923076923
16 0.10119709935897436 0.5174566538461538 0.1426946858974359 0.5181809967948718 0.1434786794871795 0.4732659583333333 0.10198109615384615 0.4725416153846154 0.10119709935897436 0.5174566538461538
16 0.6416935032051282 0.7197915256410256 0.6905141891025641 0.7206436923076923 0.6913152275641026 0.6747522435897435 0.6424945416666666 0.6739000769230769 0.6416935032051282 0.7197915256410256
16 0.6960179166666667 0.8250036858974358 0.7340980512820513 0.8256683782051283 0.7348479583333333 0.7827061698717949 0.6967678237179487 0.7820414807692307 0.6960179166666667 0.8250036858974358
18 0.22464539423076926 0.6214335961538462 0.28762408333333334 0.6225328942307693 0.2885699903846154 0.5683419294871794 0.22559130128205127 0.5672426346153846 0.22464539423076926 0.6214335961538462
18 0.1992914871794872 0.6051194871794872 0.24908858974358972 0.6059886987179487 0.25001745512820517 0.5527741474358974 0.20022035256410256 0.5519049358974359 0.1992914871794872 0.6051194871794872
18 0.17199327564102562 0.5882830801282051 0.21934934294871794 0.5891096826923077 0.2201674262820513 0.5422418237179487 0.1728113557692308 0.5414152211538461 0.17199327564102562 0.5882830801282051
11 0.12646640064102566 0.4445003205128205 0.23243041346153845 0.4528587307692308 0.24619901602564104 0.44724074679487175 0.2442773653846154 0.40815389423076925 0.1208802403846154 0.3970137596153846 0.1063598846153846 0.44024398076923077 0.12646640064102566 0.4445003205128205
8 0.4394707147435898 0.45126529807692306 0.473289766025641 0.34120399358974357 0.44420460256410255 0.33917117307692307 0.4258724871794872 0.4471225608974359 0.4394707147435898 0.45126529807692306
14 0.5238470641025641 0.42803120512820514 0.46691061217948715 0.4372386346153846 0.4781704326923077 0.4714945608974359 0.5039063237179487 0.4888667692307692 0.5548607179487179 0.4786910224358974 0.5238470641025641 0.42803120512820514