2 0.1220238108974359 0.33746701282051283 0.7197420641025641 0.5780424102564102 0.7544642852564102 0.49040997115384616 0.1997353685897436 0.28786383974358976 0.1220238108974359 0.33746701282051283
1 0.32209002884615384 0.32919965384615385 0.26091269871794875 0.39285714423076923 0.44031076282051285 0.4672619038461539 0.5006614583333333 0.39533730128205125 0.32209002884615384 0.32919965384615385
3 0.355224608974359 0.5373535160256411 0.4104003910256411 0.5373535160256411 0.4104003910256411 0.4846191410256411 0.355224608974359 0.4846191410256411 0.355224608974359 0.5373535160256411
3 0.293212891025641 0.21166992307692306 0.32543945192307694 0.21166992307692306 0.32543945192307694 0.17700195192307694 0.293212891025641 0.17700195192307694 0.293212891025641 0.21166992307692306
0 0.25927734294871796 0.2275390641025641 0.2890625 0.2275390641025641 0.2890625 0.19873046794871796 0.25927734294871796 0.19873046794871796 0.25927734294871796 0.2275390641025641
0 0.7255859358974359 0.125 0.7255859358974359 0.14892578205128204 0.7646484358974359 0.14892578205128204 0.7646484358974359 0.125 0.7255859358974359 0.125
0 0.6923828141025641 0.125 0.6923828141025641 0.1572265641025641 0.727050782051282 0.1572265641025641 0.727050782051282 0.125 0.6923828141025641 0.125
3 0.657714842948718 0.125 0.657714842948718 0.16796875 0.695800782051282 0.16796875 0.695800782051282 0.125 0.657714842948718 0.125
3 0.5947265641025641 0.18701171794871796 0.625488282051282 0.18701171794871796 0.625488282051282 0.1455078141025641 0.5947265641025641 0.1455078141025641 0.5947265641025641 0.18701171794871796
3 0.624511717948718 0.17456054807692306 0.657714842948718 0.17456054807692306 0.657714842948718 0.13403320192307694 0.624511717948718 0.13403320192307694 0.624511717948718 0.17456054807692306
0 0 0.312744141025641 0.03369140705128205 0.312744141025641 0.03369140705128205 0.277099608974359 0 0.277099608974359 0 0.312744141025641