2 0.6046602211538461 0.3891370192307692 0.3460441282051282 0.3741785288461538 0.3414724871794872 0.4090815576923077 0.5975810833333334 0.4233004743589744 0.6046602211538461 0.3891370192307692
1 0.4972339487179487 0.41605060256410253 0.5123732051282052 0.37581520192307694 0.42199837820512814 0.3698718653846154 0.41116315064102565 0.4149203076923077 0.4972339487179487 0.41605060256410253
2 0.011828112179487179 0.8474403205128206 0.11087664102564102 0.8885688974358974 0.1588264391025641 0.8166631826923076 0.007875378205128205 0.7342489006410257 0.011828112179487179 0.8474403205128206
0 0.5291481153846154 0.41128221794871794 0.5525713365384615 0.41046425961538463 0.5517533814102564 0.3870410384615385 0.5283301570512821 0.3878589935897436 0.5291481153846154 0.41128221794871794
0 0.4363343685897436 0.404751766025641 0.45829363782051286 0.40398493269230773 0.4575097628205128 0.38153767628205126 0.43555049038461535 0.3823045096153846 0.4363343685897436 0.404751766025641
0 0.41599783333333334 0.40301903846153847 0.4340532371794872 0.40238853205128206 0.4333545641025641 0.3823811923076923 0.4152991634615385 0.38301170192307693 0.41599783333333334 0.40301903846153847
0 0.4137469198717949 0.4504897948717949 0.43619417628205126 0.44970591987179487 0.4354443814102564 0.4282346314102564 0.412997125 0.42901850641025635 0.4137469198717949 0.4504897948717949
0 0.39499749038461535 0.4032638076923077 0.4150048269230769 0.4025651346153846 0.4142379935897436 0.3806058685897436 0.3942306570512821 0.38130453846153844 0.39499749038461535 0.4032638076923077
0 0.3710010801282051 0.4016588878205128 0.3919843846153846 0.4009261346153846 0.3913027564102564 0.38140678205128203 0.37031944871794875 0.38213953525641026 0.3710010801282051 0.4016588878205128
0 0.348216108974359 0.39976737179487176 0.36919941346153845 0.3990346185897436 0.36848370192307695 0.37853929807692305 0.34750039743589745 0.37927205128205127 0.348216108974359 0.39976737179487176
0 0.31720203205128206 0.4350509262820512 0.33867331730769235 0.43430113461538467 0.33805985256410254 0.4167337211538461 0.3165885641025641 0.41748351282051277 0.31720203205128206 0.4350509262820512
0 0.35415247435897435 0.42985195833333334 0.37611174679487175 0.429085125 0.37558348076923076 0.41395762820512816 0.3536242115384615 0.4147244615384616 0.35415247435897435 0.42985195833333334
0 0.2730790096153846 0.5076799647435898 0.30138207371794873 0.5066916025641026 0.3008708493589744 0.4920520897435897 0.27256778846153845 0.49304045192307694 0.2730790096153846 0.5076799647435898
0 0.27725553205128206 0.5153513814102565 0.30409464102564104 0.5144141378205128 0.3037708685897436 0.5051424455128205 0.27693175961538463 0.5060796891025641 0.27725553205128206 0.5153513814102565
0 0.200205983974359 0.4635654647435898 0.22118928525641024 0.46283271153846156 0.22050765705128206 0.44331335897435903 0.19952435256410256 0.44404611217948714 0.200205983974359 0.4635654647435898
3 0.31431053525641023 0.4222045608974359 0.3304139967948718 0.4216422179487179 0.32997093910256414 0.40895463782051283 0.3138674743589744 0.409516983974359 0.31431053525641023 0.4222045608974359
3 0.2827302532051282 0.5671938525641026 0.3164011378205128 0.5660180384615384 0.31536165064102567 0.5362510256410256 0.281690766025641 0.5374268397435897 0.2827302532051282 0.5671938525641026
3 0.27972179166666666 0.537007016025641 0.3119287243589744 0.5358823269230769 0.31146862179487184 0.522706766025641 0.2792616891025641 0.5238314551282052 0.27972179166666666 0.537007016025641
3 0.27999366666666664 0.5238058942307692 0.30829672435897437 0.5228175288461538 0.30804111538461537 0.5154977724358975 0.2797380544871795 0.5164861378205128 0.27999366666666664 0.5238058942307692
3 0.2624479230769231 0.4201070128205128 0.2736715512820513 0.41971507692307686 0.27314328525641024 0.40458757692307695 0.2619196602564103 0.40497951602564103 0.2624479230769231 0.4201070128205128
3 0.34482966025641026 0.428711782051282 0.35751724038461535 0.4282687243589744 0.35695489423076926 0.41216525961538464 0.3442673141025641 0.41260832051282054 0.34482966025641026 0.428711782051282
3 0.8692488269230768 0.5176417243589744 0.8985278525641025 0.5166192788461539 0.8976076538461538 0.490268157051282 0.868328625 0.49129060256410256 0.8692488269230768 0.5176417243589744
3 0.8688847724358973 0.4932254967948718 0.901579685897436 0.492083766025641 0.9008639743589745 0.4715884423076923 0.8681690608974358 0.4727301762820513 0.8688847724358973 0.4932254967948718
3 0.8730403782051283 0.4723157788461539 0.9023194070512821 0.47129333333333334 0.9015355320512821 0.44884607692307693 0.8722565032051282 0.4498685224358975 0.8730403782051283 0.4723157788461539
0 0.8068597467948718 0.8017304134615385 0.8615139326923077 0.7998218493589744 0.8596905705128205 0.7476075833333333 0.8050363846153846 0.7495161474358975 0.8068597467948718 0.8017304134615385
0 0.9215297532051283 0.8605084358974359 0.9200472083333333 0.8180538461538461 0.8488015705128206 0.8205417980769232 0.8502841185897435 0.8629963878205127 0.9215297532051283 0.8605084358974359
0 0.8793647916666666 0.40857966987179484 0.9144996282051283 0.407352733974359 0.9139543237179487 0.3917372532051282 0.8788194871794872 0.3929641858974359 0.8793647916666666 0.40857966987179484
0 0.8786932371794871 0.4313220352564103 0.90846025 0.4302825512820513 0.9076082115384616 0.4058833621794872 0.8778411987179487 0.4069228493589744 0.8786932371794871 0.4313220352564103
0 0.8779535192307691 0.4521124711538461 0.9052806121794871 0.4511581891025641 0.904547858974359 0.4301748846153846 0.877220766025641 0.4311291666666667 0.8779535192307691 0.4521124711538461
0 0.6149689679487179 0.35747308333333333 0.6291204935897436 0.3569789006410256 0.6287967211538461 0.34770720833333335 0.6146451923076922 0.348201391025641 0.6149689679487179 0.35747308333333333
3 0.635520826923077 0.35138102884615385 0.6560161506410257 0.3506653173076923 0.6555560480769231 0.3374897532051282 0.6350607275641026 0.33820546474358976 0.635520826923077 0.35138102884615385
3 0.6306100096153846 0.3576597532051282 0.6403696858974359 0.3573189358974359 0.6401140737179487 0.34999917948717946 0.6303543974358974 0.35033999679487177 0.6306100096153846 0.3576597532051282
3 0.6494794903846154 0.3523593173076923 0.6567992467948718 0.3521037083333333 0.6566629198717948 0.34819983653846154 0.6493431634615384 0.34845544871794876 0.6494794903846154 0.3523593173076923
3 0.005204567307692308 0.524851608974359 0.031067705128205125 0.5239484487179487 0.03047127884615385 0.506869016025641 0.004608137820512821 0.5077721762820513 0.005204567307692308 0.524851608974359
3 0.0007817275641025641 0.5311132948717948 0.011517368589743589 0.5307383974358975 0.01080165705128205 0.5102430801282052 0.00006601602564102564 0.5106179775641025 0.0007817275641025641 0.5311132948717948
0 0.019904496794871794 0.5470571923076923 0.04576763782051282 0.5461540320512821 0.045068967948717946 0.5261466987179487 0.019205826923076923 0.527049858974359 0.019904496794871794 0.5470571923076923