7 0.910003282051282 0.530108858974359 0.6876970256410256 0.36246184935897435 0.6433330897435897 0.3745063205128205 0.8719470769230769 0.5502876057692307 0.910003282051282 0.530108858974359
16 0.3213727307692308 0.8433703685897436 0.37263445512820514 0.8442651474358974 0.3735803621794872 0.7900741794871795 0.32231863782051284 0.7891794038461538 0.3213727307692308 0.8433703685897436
18 0.38811114423076926 0.5031747051282052 0.40959224679487183 0.5035496602564102 0.41000981089743593 0.4796275256410256 0.3885287083333333 0.4792525705128205 0.38811114423076926 0.5031747051282052
18 0.36550024038461537 0.5115704326923076 0.3943044455128205 0.5120732115384615 0.39463679166666665 0.49303314423076927 0.36583258653846157 0.4925303653846154 0.36550024038461537 0.5115704326923076
18 0.34055179166666666 0.5279832243589743 0.37814372435897436 0.5286393942307692 0.37857833012820513 0.503740842948718 0.3409863974358974 0.5030846762820513 0.34055179166666666 0.5279832243589743
16 0.7032815416666667 0.4928044711538462 0.7350149871794872 0.49335837820512823 0.7355688974358975 0.46162493269230775 0.7038354487179488 0.4610710224358975 0.7032815416666667 0.4928044711538462
18 0.8540717628205129 0.5271796378205129 0.8853170032051282 0.5277250256410256 0.8859049999999999 0.49403874999999997 0.8546597596153845 0.4934933621794872 0.8540717628205129 0.5271796378205129
16 0.6246765256410257 0.44967800641025646 0.6564099711538461 0.45023191666666673 0.6568616217948717 0.42435695192307693 0.6251281762820512 0.42380304166666666 0.6246765256410257 0.44967800641025646
22 0.7389327435897436 0.43677750961538464 0.7638312980769231 0.43721211538461535 0.7642403365384615 0.4137781826923077 0.7393417852564103 0.41334357692307694 0.7389327435897436 0.43677750961538464
17 0.18514601602564104 0.4083094358974359 0.21248560256410257 0.40878664743589743 0.21302246794871793 0.3780296153846154 0.1856828846153846 0.3775524006410257 0.18514601602564104 0.4083094358974359
17 0.6334184903846154 0.36851938461538464 0.6500175224358974 0.3688091217948718 0.6505032564102564 0.34098133333333336 0.6339042243589744 0.34069159615384614 0.6334184903846154 0.36851938461538464
22 0.7878265480769231 0.48939665064102567 0.8263948910256411 0.49006986538461544 0.8271021923076923 0.44954869230769234 0.7885338493589743 0.4488754807692308 0.7878265480769231 0.48939665064102567
22 0.8269963493589743 0.5115680096153846 0.8675175224358974 0.5122753108974358 0.8681651698717948 0.47517158653846153 0.8276439967948718 0.4744642884615385 0.8269963493589743 0.5115680096153846
17 0 0.7146951666666667 0.014729342948717949 0.7149522692307693 0.015470727564102563 0.6724782692307693 0 0.6722082275641026 0 0.7146951666666667
14 0 0.7172639166666667 0.1836626858974359 0.7204697628205128 0.18633201602564103 0.5675438365384615 0 0.5642913974358975 0 0.7172639166666667
13 0.3910728237179487 0.40722203525641026 0.36772983653846153 0.3794163653846154 0.2691542948717949 0.3857662884615385 0.2650647596153846 0.4252736858974359 0.3910728237179487 0.40722203525641026
8 0.025652163461538462 0.28542123076923076 0.003509724358974359 0.29456450320512817 0.0028569647435897436 0.3319611506410256 0.02902158653846154 0.43366130128205127 0.06632824358974358 0.4122749551282051 0.025652163461538462 0.28542123076923076
14 0.23683903525641023 0.291356875 0.26507782051282053 0.30844508653846153 0.2644678044871795 0.377526016025641 0.3496786730769231 0.37603538461538466 0.36321671474358974 0.3512556762820513 0.33801462820512823 0.32758664743589744 0.330311516025641 0.2911195064102564 0.23683903525641023 0.291356875
14 0.4707040705128205 0.3704045256410256 0.4805338044871795 0.3533034551282051 0.46767133653846155 0.33937958653846156 0.4595908685897436 0.29039809294871793 0.38921636858974357 0.26630977564102565 0.39695338141025643 0.3637570096153846 0.4707040705128205 0.3704045256410256
9 0.47273296794871794 0.598296907051282 0.447065233974359 0.5770200192307693 0.4368231217948718 0.5670780384615385 0.33251227884615386 0.5385706025641026 0.2896612564102564 0.5757678685897436 0.45202497756410254 0.6285270224358974 0.47273296794871794 0.598296907051282
10 0.3309688173076923 0.5151118717948717 0.2990625416666667 0.5407703653846153 0.281902 0.5663263237179488 0.3076724487179487 0.5817466923076923 0.43221547435897434 0.4953993012820513 0.42016819551282053 0.47696407371794874 0.3732098237179487 0.48200272756410256 0.3309688173076923 0.5151118717948717