3 0.25383609935897433 0.5858048076923077 0.2845931378205128 0.5863416730769231 0.2851044391025641 0.5570492596153847 0.2543474006410256 0.5565123942307693 0.25383609935897433 0.5858048076923077
3 0.5550090448717949 0.4540780448717949 0.5808840096153847 0.4545296955128205 0.5812589647435897 0.433048592948718 0.555384 0.4325969423076923 0.5550090448717949 0.4540780448717949
3 0.575401717948718 0.44686449038461534 0.597859233974359 0.4472564871794872 0.5982938397435897 0.4223579358974359 0.5758363237179487 0.4219659391025641 0.575401717948718 0.44686449038461534
3 0.6971283814102563 0.4536286153846154 0.7190976858974358 0.4540120929487179 0.7194811634615385 0.43204278205128205 0.6975118557692307 0.43165930448717954 0.6971283814102563 0.4536286153846154
0 0.7964190801282052 0.6546108397435898 0.8398694935897436 0.6553692692307692 0.8405171410256411 0.6182655416666667 0.7970667275641026 0.6175071121794872 0.7964190801282052 0.6546108397435898
0 0.8335696730769231 0.6525733461538461 0.8736026346153847 0.653272125 0.8742332403846154 0.617144814102564 0.8342002788461539 0.6164460352564103 0.8335696730769231 0.6525733461538461
0 0.8701979711538461 0.6524801634615385 0.9092545224358974 0.6531618974358974 0.9098510384615384 0.6189874166666667 0.8707944903846154 0.6183056826923077 0.8701979711538461 0.6524801634615385
0 0.9984794230769231 0.5914772724358974 0.9867624583333333 0.59127275 0.9861744615384617 0.6249590224358974 0.9978914262820513 0.6251635448717949 0.9984794230769231 0.5914772724358974
0 0.854824141025641 0.5120537467948718 0.8865575897435898 0.5126076538461538 0.8870859358974358 0.4823388269230769 0.8553524871794872 0.4817849166666666 0.854824141025641 0.5120537467948718
0 0.4044990544871795 0.5855045032051281 0.44062636538461536 0.5861351089743589 0.44112914423076927 0.5573309038461538 0.40500183333333334 0.5567002980769231 0.4044990544871795 0.5855045032051281
0 0.4248825224358974 0.522862423076923 0.44929286858974354 0.5232885096153846 0.44974451923076925 0.4974135416666667 0.42533417307692306 0.49698745833333335 0.4248825224358974 0.522862423076923
2 0.5949550801282051 0.41027795512820514 0.34763609294871795 0.5236145705128206 0.3625520544871795 0.5565413621794872 0.6194726538461538 0.4447991506410256 0.5949550801282051 0.41027795512820514
1 0.5693257564102564 0.46343697115384613 0.5443132884615385 0.43326568910256413 0.4537557083333333 0.46440997756410257 0.4668524326923077 0.5056225 0.5693257564102564 0.46343697115384613