2 0.6065791057692308 0.3909804775641026 0.3482634615384615 0.3715107916666667 0.34308337499999997 0.40632872115384616 0.598904810897436 0.4250151794871795 0.6065791057692308 0.3909804775641026
1 0.4986994903846154 0.4160151153846154 0.5145386442307692 0.3760500576923077 0.42428130769230765 0.3685303685897436 0.41266152564102565 0.41338284935897435 0.4986994903846154 0.4160151153846154
2 0.005838791666666667 0.8388676282051282 0.1041544455128205 0.8817185801282051 0.1533518685897436 0.8106606538461538 0.0038621249999999997 0.7256244647435898 0.005838791666666667 0.8388676282051282
0 0.5306920128205128 0.41180443269230765 0.5541259455128205 0.41139539423076926 0.5537169038461538 0.38796146153846156 0.5302829743589743 0.3883705032051282 0.5306920128205128 0.41180443269230765
0 0.43800637499999995 0.40365515384615386 0.4599756858974359 0.40327167948717946 0.4595836891025641 0.3808141602564103 0.4376143782051282 0.3811976378205128 0.43800637499999995 0.40365515384615386
0 0.41770317948717955 0.4015677692307692 0.4357668333333333 0.40125246794871794 0.4354174455128205 0.381235983974359 0.41735379166666664 0.38155128525641024 0.41770317948717955 0.4015677692307692
0 0.41462412820512823 0.4489920128205128 0.43708164743589745 0.4486000128205128 0.4367066923076923 0.42711891025641024 0.4142491730769231 0.4275109102564103 0.41462412820512823 0.4489920128205128
0 0.39670176282051284 0.4014459935897436 0.41671824679487185 0.40109660576923073 0.41633476923076923 0.3791272980769231 0.3963182884615385 0.3794766858974359 0.39670176282051284 0.4014459935897436
0 0.372737016025641 0.39942252564102565 0.39372991346153846 0.3990560929487179 0.39338904807692304 0.3795278173076923 0.37239614743589744 0.37989425 0.372737016025641 0.39942252564102565
0 0.34998852884615383 0.39713364423076924 0.3709814230769231 0.39676721153846156 0.3706235128205128 0.3762625224358974 0.3496306185897436 0.37662895192307694 0.34998852884615383 0.39713364423076924
0 0.31836339102564104 0.43187055448717954 0.33984449358974356 0.4314956025641026 0.3395377115384615 0.41392015705128204 0.31805660897435895 0.41429511217948717 0.31836339102564104 0.43187055448717954
0 0.3553989391025641 0.4273172532051282 0.37736825 0.42693377564102564 0.3771040769230769 0.41179936538461537 0.35513476602564104 0.4121828397435897 0.3553989391025641 0.4273172532051282
0 0.2729795384615385 0.5037184775641026 0.3012955384615385 0.5032242211538461 0.30103988782051283 0.48857801602564105 0.2727238878205128 0.48907227243589746 0.2729795384615385 0.5037184775641026
0 0.27702153846153843 0.5114616153846153 0.30387291666666666 0.510992923076923 0.30371100641025645 0.5017169935897435 0.2768596282051282 0.502185685897436 0.27702153846153843 0.5114616153846153
0 0.20088751282051281 0.45833888782051285 0.22188041025641025 0.4579724551282051 0.2215395416666667 0.43844417948717945 0.20054664743589745 0.43881061217948714 0.20088751282051281 0.45833888782051285
3 0.31569653205128206 0.4189756826923077 0.331807358974359 0.41869446794871795 0.3315857948717949 0.4060010897435898 0.31547497115384615 0.4062823044871795 0.31569653205128206 0.4189756826923077
3 0.2815906506410257 0.5633917371794872 0.3152769262820513 0.5628037403846153 0.31475710256410255 0.5330231217948718 0.2810708269230769 0.5336111185897436 0.2815906506410257 0.5633917371794872
3 0.27910947756410254 0.5331569967948718 0.3113311346153846 0.5325945641025641 0.31110104807692307 0.5194129807692308 0.27887939423076924 0.5199754102564103 0.27910947756410254 0.5331569967948718
3 0.2796117051282051 0.5199626282051282 0.3079277019230769 0.5194683717948718 0.3077998782051282 0.5121452692307692 0.2794838782051282 0.5126395256410257 0.2796117051282051 0.5199626282051282
3 0.2638784294871795 0.4159733269230769 0.27510718589743594 0.4157773269230769 0.2748430128205128 0.40064291346153846 0.26361425641025643 0.40083891346153844 0.2638784294871795 0.4159733269230769
3 0.3460974455128205 0.42601454487179485 0.3587908237179487 0.4257929807692308 0.35850960897435896 0.409682157051282 0.3458162275641025 0.40990372115384616 0.3460974455128205 0.42601454487179485
3 0.8688846955128204 0.5240833205128205 0.8981771089743591 0.5235720192307692 0.8977169391025642 0.4972088493589744 0.8684245256410256 0.49772015064102565 0.8688846955128204 0.5240833205128205
3 0.8689468205128205 0.4996644551282051 0.9016566794871795 0.4990935032051282 0.9012987692307692 0.4785888108974359 0.8685889102564102 0.47915976282051287 0.8689468205128205 0.4996644551282051
3 0.8734667179487179 0.47883044551282045 0.9027591314102563 0.4783191474358975 0.9023671346153846 0.45586162820512816 0.8730747211538462 0.45637292948717945 0.8734667179487179 0.47883044551282045
0 0.8015470897435898 0.8070399006410256 0.8562262596153846 0.8060854711538462 0.8553144391025642 0.7538473365384615 0.8006352692307692 0.7548017660256411 0.8015470897435898 0.8070399006410256
0 0.915173814102564 0.8678102371794872 0.9144324262820512 0.8253362403846154 0.8431542211538462 0.8265804038461538 0.8438956057692308 0.8690544038461538 0.915173814102564 0.8678102371794872
0 0.8809025192307692 0.41521441987179486 0.9160534134615386 0.414600858974359 0.9157807211538462 0.3989782403846154 0.8806298237179487 0.3995918012820513 0.8809025192307692 0.41521441987179486
0 0.8798341570512821 0.43794160576923075 0.9096147788461538 0.437421782051282 0.9091886923076924 0.4130114391025641 0.8794080737179487 0.4135312628205128 0.8798341570512821 0.43794160576923075
0 0.8787317083333333 0.4587159647435898 0.9060712948717949 0.45823875000000003 0.9057048621794872 0.43724585256410253 0.8783652756410256 0.4377230673076923 0.8787317083333333 0.4587159647435898
0 0.6174388942307693 0.3595012756410257 0.6315968910256411 0.35925414743589745 0.6314349775641025 0.3499782179487179 0.6172769807692308 0.35022534615384615 0.6174388942307693 0.3595012756410257
3 0.6380939455128205 0.3537688301282051 0.6585986378205129 0.35341091987179485 0.6583685512820513 0.3402293301282051 0.6378638621794871 0.3405872403846154 0.6380939455128205 0.3537688301282051
3 0.6330742980769231 0.35996089102564105 0.6428384326923078 0.35979045833333334 0.6427106089743589 0.3524673557692308 0.6329464711538462 0.3526377884615384 0.6330742980769231 0.35996089102564105
3 0.6520334070512821 0.3549905801282051 0.6593565096153846 0.3548627564102564 0.6592883365384615 0.35095710256410256 0.6519652339743589 0.3510849262820513 0.6520334070512821 0.3549905801282051
3 0.004846205128205128 0.516212451923077 0.030721166666666664 0.5157608044871795 0.03042290705128205 0.4986735641025641 0.004547945512820513 0.4991252147435898 0.004846205128205128 0.516212451923077
3 0 0.5043634102564102 0.0003147596153846154 0.5223959967948718 0.011055310897435897 0.5222085192307693 0.010697397435897437 0.5017038301282052 0 0.5018905544871795 0 0.5043634102564102
0 0.01915635576923077 0.5386712051282051 0.04503132371794872 0.5382195544871795 0.04468193269230769 0.5182030769230769 0.01880696794871795 0.5186547243589744 0.01915635576923077 0.5386712051282051