22 0.5568847660256411 0.5148925769230769 0.5979003910256411 0.5148925769230769 0.5979003910256411 0.4807128910256411 0.5568847660256411 0.4807128910256411 0.5568847660256411 0.5148925769230769
22 0.5400390641025641 0.4938964839743589 0.5732421858974359 0.4938964839743589 0.5732421858974359 0.4616699230769231 0.5400390641025641 0.4616699230769231 0.5400390641025641 0.4938964839743589
17 0.83984375 0.7646484358974359 0.8823242179487178 0.7646484358974359 0.8823242179487178 0.7216796858974359 0.83984375 0.7216796858974359 0.83984375 0.7646484358974359
17 0.4318847660256411 0.4650878910256411 0.4543457019230769 0.4650878910256411 0.4543457019230769 0.4392089839743589 0.4318847660256411 0.4392089839743589 0.4318847660256411 0.4650878910256411
16 0.267578125 0.4768066410256411 0.2998046858974359 0.4768066410256411 0.2998046858974359 0.4450683589743589 0.267578125 0.4450683589743589 0.267578125 0.4768066410256411
16 0.1044921858974359 0.5563964839743589 0.14306640705128204 0.5563964839743589 0.14306640705128204 0.5134277339743589 0.1044921858974359 0.5134277339743589 0.1044921858974359 0.5563964839743589
16 0.6628417980769231 0.7004394519230769 0.7092285160256411 0.7004394519230769 0.7092285160256411 0.6574707019230769 0.6628417980769231 0.6574707019230769 0.6628417980769231 0.7004394519230769
16 0.7282714839743589 0.8000488269230769 0.7639160160256411 0.8000488269230769 0.7639160160256411 0.7590332019230769 0.7282714839743589 0.7590332019230769 0.7282714839743589 0.8000488269230769
18 0.23754882692307694 0.645019532051282 0.29809570192307694 0.645019532051282 0.29809570192307694 0.5947265641025641 0.23754882692307694 0.5947265641025641 0.23754882692307694 0.645019532051282
18 0.2109375 0.6325683589743589 0.2578125 0.6325683589743589 0.2578125 0.5817871089743589 0.2109375 0.5817871089743589 0.2109375 0.6325683589743589
18 0.18212890705128204 0.618652342948718 0.22705078205128204 0.618652342948718 0.22705078205128204 0.574707032051282 0.18212890705128204 0.574707032051282 0.18212890705128204 0.618652342948718
11 0.23937402243589745 0.4813608397435898 0.23278222756410258 0.4376958012820513 0.11126464743589744 0.43736572115384614 0.10753662179487179 0.4764174807692308 0.23937402243589745 0.4813608397435898
14 0.46051318269230773 0.45838232371794874 0.5067568365384616 0.48465625 0.5438359391025641 0.4760053717948718 0.5566079102564102 0.45952832051282055 0.5154086923076923 0.42410156089743584 0.4667934583333333 0.43604785256410256 0.46051318269230773 0.45838232371794874
7 0.7552065416666667 0.6846708974358975 0.7807499999999999 0.6624267564102564 0.7630341794871794 0.6323554679487179 0.5590981442307693 0.465521483974359 0.5291264647435897 0.4800175769230769 0.7552065416666667 0.6846708974358975
10 0.32179101602564103 0.6632504871794872 0.33085498076923076 0.6348271474358974 0.3081953108974359 0.6195854487179487 0.2822397467948718 0.5911616217948719 0.17512207051282053 0.5619145512820513 0.13639453205128205 0.5627382820512821 0.13081841025641028 0.591660592948718 0.32179101602564103 0.6632504871794872
9 0.10631982371794872 0.7427260737179487 0.14957812499999998 0.766234375 0.2974833974358974 0.6504804679487179 0.24062841666666665 0.6311196282051282 0.13927832051282052 0.6957934583333333 0.10673095833333332 0.742753907051282 0.10631982371794872 0.7427260737179487
8 0.4367016602564103 0.44972607371794876 0.4529736314102564 0.35536083974358973 0.43084374999999997 0.34625 0.4178256826923077 0.44451953205128203 0.4367016602564103 0.44972607371794876