2 0.7606646826923077 0.6410409230769231 0.5662202371794872 0.42371131089743586 0.5245535705128206 0.43278769871794875 0.6961805544871795 0.6747814967948718 0.7606646826923077 0.6410409230769231
1 0.5999503974358975 0.5556969262820513 0.6485615064102564 0.5060783717948718 0.5915178557692308 0.4538690480769231 0.5493551602564103 0.4882155256410256 0.5999503974358975 0.5556969262820513
3 0.645996092948718 0.6083984358974359 0.69921875 0.6083984358974359 0.69921875 0.5615234358974359 0.645996092948718 0.5615234358974359 0.645996092948718 0.6083984358974359
3 0.5070800769230769 0.6042480480769231 0.5334472660256411 0.6042480480769231 0.5334472660256411 0.5681152339743589 0.5070800769230769 0.5681152339743589 0.5070800769230769 0.6042480480769231
3 0.5729980480769231 0.4992675769230769 0.6003417980769231 0.4992675769230769 0.6003417980769231 0.4650878910256411 0.5729980480769231 0.4650878910256411 0.5729980480769231 0.4992675769230769
3 0.4912109358974359 0.5974121089743589 0.5 0.5974121089743589 0.5 0.5720214839743589 0.4912109358974359 0.5720214839743589 0.4912109358974359 0.5974121089743589
3 0.4130859358974359 0.5588378910256411 0.45068359294871796 0.5588378910256411 0.45068359294871796 0.5319824230769231 0.4130859358974359 0.5319824230769231 0.4130859358974359 0.5588378910256411
3 0.38232421794871796 0.5710449230769231 0.41357421794871796 0.5710449230769231 0.41357421794871796 0.5339355480769231 0.38232421794871796 0.5339355480769231 0.38232421794871796 0.5710449230769231
0 0.07885742307692307 0.4895019519230769 0.10961914102564102 0.4895019519230769 0.10961914102564102 0.4641113269230769 0.07885742307692307 0.4641113269230769 0.07885742307692307 0.4895019519230769
0 0.22998046794871796 0.5446777339743589 0.26318359294871796 0.5446777339743589 0.26318359294871796 0.5153808589743589 0.22998046794871796 0.5153808589743589 0.22998046794871796 0.5446777339743589
0 0.13208007692307694 0.6203613269230769 0.17407226602564102 0.6203613269230769 0.17407226602564102 0.5866699230769231 0.13208007692307694 0.5866699230769231 0.13208007692307694 0.6203613269230769
0 0.107421875 0.642089842948718 0.1318359358974359 0.642089842948718 0.1318359358974359 0.598144532051282 0.107421875 0.598144532051282 0.107421875 0.642089842948718
0 0.06591796794871795 0.6638183589743589 0.10546875 0.6638183589743589 0.10546875 0.6179199230769231 0.06591796794871795 0.6179199230769231 0.06591796794871795 0.6638183589743589