17 0.7321586955128205 0.5793484583333334 0.7594857884615385 0.5783941762820513 0.7582418108974359 0.5427713589743589 0.7309147179487179 0.5437256442307693 0.7321586955128205 0.5793484583333334
17 0.8021115384615385 0.4488979871794872 0.8304146025641026 0.4479096217948718 0.8292217467948717 0.4137507532051282 0.8009186858974359 0.4147391185897436 0.8021115384615385 0.4488979871794872
17 0.8918610769230769 0.6055291570512821 0.9294358301282051 0.6042170160256409 0.9281748141025642 0.568106217948718 0.8906000608974358 0.5694183557692307 0.8918610769230769 0.6055291570512821
22 0.6933763685897436 0.5320891698717949 0.7231433782051282 0.5310496826923077 0.7219505256410256 0.4968908173076923 0.692183516025641 0.49793030448717945 0.6933763685897436 0.5320891698717949
22 0.6649059967948718 0.5352819807692308 0.6976009134615385 0.53414025 0.6966807147435897 0.5077891217948718 0.6639857948717949 0.5089308557692308 0.6649059967948718 0.5352819807692308
22 0.6153020576923077 0.5418999775641026 0.6401892307692307 0.5410308974358974 0.639354233974359 0.5171196923076923 0.6144670608974359 0.5179887724358974 0.6153020576923077 0.5418999775641026
17 0.4467353942307692 0.408785766025641 0.46479079166666665 0.4081552564102564 0.4640069166666667 0.385708 0.44595151923076926 0.38633850961538463 0.4467353942307692 0.408785766025641
24 0.5277012019230769 0.41182132371794866 0.5481965224358974 0.41110561217948716 0.5476341762820512 0.39500214423076924 0.5271388557692307 0.39571785897435896 0.5277012019230769 0.41182132371794866
24 0.5281148237179487 0.39568377564102564 0.5466582083333333 0.39503622756410256 0.5462151474358975 0.3823486474358974 0.527671766025641 0.3829961955128205 0.5281148237179487 0.39568377564102564
24 0.5277143685897436 0.38421615705128204 0.5433298493589743 0.38367085256410255 0.5428356666666667 0.36951932051282055 0.5272201858974359 0.370064625 0.5277143685897436 0.38421615705128204
19 0.5259490993589743 0.3686432788461539 0.5454684519230769 0.36796164743589743 0.5450424326923077 0.3557620512820513 0.5255230801282051 0.3564436826923077 0.5259490993589743 0.3686432788461539
19 0.5283828237179488 0.3543895032051282 0.5430223365384615 0.3538782788461538 0.5425281538461538 0.3397267467948718 0.527888641025641 0.34023797115384613 0.5283828237179488 0.3543895032051282
19 0.5276531698717949 0.34049048397435894 0.5422926858974358 0.3399792596153846 0.5419348269230769 0.3297315993589744 0.5272953141025641 0.3302428237179487 0.5276531698717949 0.34049048397435894
18 0.19385290705128205 0.5194853141025642 0.22361991987179486 0.518445826923077 0.2226826762820513 0.49160671474358975 0.19291566346153846 0.4926462019230769 0.19385290705128205 0.5194853141025642
18 0.2197013301282051 0.5041695897435898 0.24654043910256407 0.5032323461538462 0.2457054423076923 0.4793211378205128 0.2188663333333333 0.48025838141025645 0.2197013301282051 0.5041695897435898
18 0.24473566987179488 0.49352379166666666 0.2759666314102564 0.4924331826923077 0.2751997980769231 0.4704739102564102 0.24396883333333333 0.47156451923076925 0.24473566987179488 0.49352379166666666
18 0.2786273076923077 0.47768290384615386 0.3064423846153846 0.47671158012820514 0.3055221826923077 0.4503604551282051 0.27770710576923074 0.4513317788461539 0.2786273076923077 0.47768290384615386
18 0.3026771602564103 0.4668271955128205 0.3221965096153846 0.46614556410256414 0.3214126346153846 0.4436983108974359 0.301893282051282 0.44437994230769234 0.3026771602564103 0.4668271955128205
18 0.32157762179487176 0.4554184423076923 0.3493926987179487 0.45444711858974357 0.3486429070512821 0.43297583333333334 0.32082782692307693 0.43394715705128206 0.32157762179487176 0.4554184423076923
18 0.5609290448717948 0.5518602756410257 0.5921600096153846 0.5507696666666667 0.5911546025641026 0.5219786217948718 0.5599236410256411 0.5230692307692307 0.5609290448717948 0.5518602756410257
18 0.5901569519230769 0.5493738782051282 0.616020092948718 0.5484707179487179 0.6149806057692307 0.5187037051282051 0.5891174647435898 0.5196068653846154 0.5901569519230769 0.5493738782051282
18 0.6424076217948718 0.5346019070512821 0.6663188301282051 0.533766907051282 0.6656031153846154 0.5132715865384616 0.6416919102564103 0.5141065865384615 0.6424076217948718 0.5346019070512821
16 0.9178597692307693 0.5875210032051282 0.9481147628205128 0.5864644743589743 0.9471775224358974 0.5596253653846154 0.9169225288461539 0.5606818942307692 0.9178597692307693 0.5875210032051282
16 0.14161229166666667 0.4226166602564103 0.161131641025641 0.42193502884615386 0.16068858333333333 0.4092474487179487 0.14116923076923077 0.4099290801282051 0.14161229166666667 0.4226166602564103
14 0.5645468429487179 0.4814675032051282 0.5431940705128205 0.4629875801282051 0.4058364807692308 0.5218483942307692 0.43156546474358976 0.669004467948718 0.571171233974359 0.6429313557692308 0.5776580032051282 0.6027742564102565 0.5579881826923077 0.5901507884615385 0.5611711346153846 0.5683486891025641 0.5645468429487179 0.4814675032051282
14 0.8799630320512821 0.5483426602564102 0.9408611666666666 0.5575545000000001 0.9712782564102564 0.5673377884615385 0.9703200897435897 0.511665439102564 0.9868788493589744 0.47756481730769235 0.9876859134615384 0.45831105769230773 0.9748821955128205 0.4587581730769231 0.9844544935897437 0.40814033974358976 0.8722038173076923 0.4042180384615385 0.8379165993589743 0.544388217948718 0.8618630512820513 0.5524255608974359 0.8799630320512821 0.5483426602564102
10 0.722011185897436 0.5025034455128204 0.5722257275641025 0.5214089038461538 0.570476233974359 0.5594257371794872 0.732631483974359 0.5268776314102563 0.722011185897436 0.5025034455128204
9 0.619432032051282 0.5490639166666667 0.5808119134615384 0.5621340576923077 0.6500098621794872 0.6543641378205128 0.6940063365384616 0.6330681474358973 0.6724105 0.5927973012820512 0.619432032051282 0.5490639166666667
17 0.23653983974358977 0.40159073397435896 0.23294674999999998 0.39194853846153843 0.1811120705128205 0.39961914743589744 0.16919898397435898 0.3941746602564103 0.16439933012820512 0.4035808044871795 0.1649490480769231 0.4216732275641026 0.23653983974358977 0.40159073397435896
7 0.19041298717948718 0.5144812211538462 0.20334325961538463 0.5298723461538462 0.4269912435897436 0.4157759583333333 0.4340543525641026 0.4059463237179487 0.4225385 0.40678427884615387 0.40699753846153847 0.39839673717948715 0.2212604743589744 0.48154866025641024 0.19041298717948718 0.5144812211538462