3 0.15747070192307694 0.6767578141025641 0.19311523397435898 0.6767578141025641 0.19311523397435898 0.637207032051282 0.15747070192307694 0.637207032051282 0.15747070192307694 0.6767578141025641
3 0.22802734294871796 0.6628417980769231 0.2705078141025641 0.6628417980769231 0.2705078141025641 0.6223144519230769 0.22802734294871796 0.6223144519230769 0.22802734294871796 0.6628417980769231
3 0.42431640705128204 0.6262207019230769 0.455078125 0.6262207019230769 0.455078125 0.5939941410256411 0.42431640705128204 0.5939941410256411 0.42431640705128204 0.6262207019230769
3 0.7019042980769231 0.6867675769230769 0.7409667980769231 0.6867675769230769 0.7409667980769231 0.6496582019230769 0.7019042980769231 0.6496582019230769 0.7019042980769231 0.6867675769230769
3 0.740234375 0.694824217948718 0.7744140641025641 0.694824217948718 0.7744140641025641 0.654785157051282 0.740234375 0.654785157051282 0.740234375 0.694824217948718
3 0.7736816410256411 0.6916503910256411 0.8112792980769231 0.6916503910256411 0.8112792980769231 0.6535644519230769 0.7736816410256411 0.6535644519230769 0.7736816410256411 0.6916503910256411
3 0.29638671794871796 0.5556640641025641 0.3330078141025641 0.5556640641025641 0.3330078141025641 0.521972657051282 0.29638671794871796 0.521972657051282 0.29638671794871796 0.5556640641025641
3 0.323974608974359 0.5451660160256411 0.353759766025641 0.5451660160256411 0.353759766025641 0.5187988269230769 0.323974608974359 0.5187988269230769 0.323974608974359 0.5451660160256411
3 0.48974609294871796 0.490234375 0.5087890641025641 0.490234375 0.5087890641025641 0.46630859294871796 0.48974609294871796 0.46630859294871796 0.48974609294871796 0.490234375
3 0.5070800769230769 0.48291015705128204 0.5270996089743589 0.48291015705128204 0.5270996089743589 0.46142578205128204 0.5070800769230769 0.46142578205128204 0.5070800769230769 0.48291015705128204
3 0.5222167980769231 0.4768066410256411 0.5432128910256411 0.4768066410256411 0.5432128910256411 0.4562988269230769 0.5222167980769231 0.4562988269230769 0.5222167980769231 0.4768066410256411
3 0.5393066410256411 0.47607421794871796 0.5544433589743589 0.47607421794871796 0.5544433589743589 0.4501953141025641 0.5393066410256411 0.4501953141025641 0.5393066410256411 0.47607421794871796
3 0.7189941410256411 0.4890136730769231 0.7434082019230769 0.4890136730769231 0.7434082019230769 0.4704589839743589 0.7189941410256411 0.4704589839743589 0.7189941410256411 0.4890136730769231
3 0.699707032051282 0.4841308589743589 0.716796875 0.4841308589743589 0.716796875 0.4680175769230769 0.699707032051282 0.4680175769230769 0.699707032051282 0.4841308589743589
3 0.6486816410256411 0.47119140705128204 0.6657714839743589 0.47119140705128204 0.6657714839743589 0.451171875 0.6486816410256411 0.451171875 0.6486816410256411 0.47119140705128204
3 0.6623535160256411 0.41259765705128204 0.6755371089743589 0.41259765705128204 0.6755371089743589 0.3955078141025641 0.6623535160256411 0.3955078141025641 0.6623535160256411 0.41259765705128204
3 0.8896484358974359 0.539550782051282 0.9174804679487178 0.539550782051282 0.9174804679487178 0.515136717948718 0.8896484358974359 0.515136717948718 0.8896484358974359 0.539550782051282
3 0.961181641025641 0.5593261730769231 0.984130858974359 0.5593261730769231 0.984130858974359 0.5427246089743589 0.961181641025641 0.5427246089743589 0.961181641025641 0.5593261730769231
3 1 0.5422363269230769 0.984375 0.5422363269230769 0.984375 0.5642089839743589 1 0.5642089839743589 1 0.5422363269230769
2 0.5459809038461538 0.4340513397435897 0.2780374487179487 0.5426999006410257 0.29914260897435896 0.5757442948717948 0.5735094262820513 0.4722408237179487 0.5459809038461538 0.4340513397435897
1 0.5053000993589744 0.5013640865384615 0.48939459294871795 0.46311830448717944 0.41522073397435894 0.48173809615384616 0.4343377980769231 0.5264533717948718 0.5053000993589744 0.5013640865384615
0 0.35083007692307694 0.5349121089743589 0.377197266025641 0.5349121089743589 0.377197266025641 0.5124511730769231 0.35083007692307694 0.5124511730769231 0.35083007692307694 0.5349121089743589
0 0.37158203205128204 0.5283203141025641 0.3974609358974359 0.5283203141025641 0.3974609358974359 0.5068359358974359 0.37158203205128204 0.5068359358974359 0.37158203205128204 0.5283203141025641
0 0.396240233974359 0.5231933589743589 0.4196777339743589 0.5231933589743589 0.4196777339743589 0.4973144519230769 0.396240233974359 0.4973144519230769 0.396240233974359 0.5231933589743589
0 0.4150390641025641 0.5148925769230769 0.44482421794871796 0.5148925769230769 0.44482421794871796 0.4895019519230769 0.4150390641025641 0.4895019519230769 0.4150390641025641 0.5148925769230769
0 0.4372558589743589 0.508300782051282 0.4602050769230769 0.508300782051282 0.4602050769230769 0.4833984358974359 0.4372558589743589 0.4833984358974359 0.4372558589743589 0.508300782051282
0 0.4538574230769231 0.5026855480769231 0.4758300769230769 0.5026855480769231 0.4758300769230769 0.4758300769230769 0.4538574230769231 0.4758300769230769 0.4538574230769231 0.5026855480769231
0 0.4729003910256411 0.4963378910256411 0.4938964839743589 0.4963378910256411 0.4938964839743589 0.4699707019230769 0.4729003910256411 0.4699707019230769 0.4729003910256411 0.4963378910256411
0 0.555175782051282 0.46875 0.576171875 0.46875 0.576171875 0.4443359358974359 0.555175782051282 0.4443359358974359 0.555175782051282 0.46875
0 0.6843261730769231 0.478515625 0.7004394519230769 0.478515625 0.7004394519230769 0.46240234294871796 0.6843261730769231 0.46240234294871796 0.6843261730769231 0.478515625
0 0.7307128910256411 0.4267578141025641 0.7458496089743589 0.4267578141025641 0.7458496089743589 0.4150390641025641 0.7307128910256411 0.4150390641025641 0.7307128910256411 0.4267578141025641
0 0.8127441410256411 0.6955566410256411 0.857666016025641 0.6955566410256411 0.857666016025641 0.6569824230769231 0.8127441410256411 0.6569824230769231 0.8127441410256411 0.6955566410256411
0 0.8679199230769231 0.7004394519230769 0.9133300769230769 0.7004394519230769 0.9133300769230769 0.6569824230769231 0.8679199230769231 0.6569824230769231 0.8679199230769231 0.7004394519230769
0 0.9448242179487178 0.5881347660256411 0.9741210929487178 0.5881347660256411 0.9741210929487178 0.5588378910256411 0.9448242179487178 0.5588378910256411 0.9448242179487178 0.5881347660256411