3 0.10430624679487178 0.4372127564102564 0.13258774679487179 0.43869492628205126 0.13404436538461537 0.4109010384615384 0.10576286217948717 0.4094188653846154 0.10430624679487178 0.4372127564102564
3 0.12865714743589743 0.4203977307692308 0.15742625961538462 0.4219054583333333 0.15860177564102562 0.3994753012820513 0.12983266346153846 0.3979675737179487 0.12865714743589743 0.4203977307692308
3 0.26114190064102566 0.4068050064102564 0.2811339935897436 0.40785274679487177 0.2822839519230769 0.3859102019230769 0.26229185897435897 0.38486246153846154 0.26114190064102566 0.4068050064102564
3 0.6565445480769231 0.5451199775641026 0.6955535160256411 0.5471643525641026 0.6964990384615385 0.5291227051282051 0.6574900705128205 0.5270783301282052 0.6565445480769231 0.5451199775641026
3 0.6946687660256411 0.5500516923076924 0.7244131057692308 0.5516105288461538 0.7256652852564103 0.5277175352564103 0.6959209455128205 0.5261587019230769 0.6946687660256411 0.5500516923076924
3 0.7700331634615385 0.6234324615384615 0.8090421282051282 0.6254768365384615 0.8115209326923077 0.5781784647435898 0.7725119647435897 0.5761340897435898 0.7700331634615385 0.6234324615384615
3 0.9950599166666666 0.6073553878205128 0.9467863205128205 0.6048254743589744 0.9443841826923077 0.6506610128205128 0.9926577756410256 0.6531909262820513 0.9950599166666666 0.6073553878205128
3 0.871407076923077 0.522398326923077 0.9099284294871796 0.5244171442307692 0.911487266025641 0.4946728108974359 0.8729659102564102 0.4926539935897436 0.871407076923077 0.522398326923077
0 0.8869498846153846 0.5383703846153847 0.9225455673076924 0.540235875 0.9238488557692307 0.5153676602564102 0.8882531730769231 0.5135021698717949 0.8869498846153846 0.5383703846153847
0 0.8966040544871794 0.5594122916666666 0.9312245128205129 0.5612266730769231 0.9329366762820512 0.5285566666666667 0.8983162179487179 0.5267422852564102 0.8966040544871794 0.5594122916666666
0 0.9104561121794871 0.5889863814102565 0.9577544839743589 0.5914651826923077 0.9601566217948718 0.5456296442307692 0.9128582500000001 0.543150842948718 0.9104561121794871 0.5889863814102565
0 0.5241260929487179 0.5107989455128205 0.5597217756410257 0.5126644358974358 0.5618172564102564 0.4726802467948718 0.5262215737179486 0.47081475641025644 0.5241260929487179 0.5107989455128205
0 0.4129605448717949 0.4348084903846154 0.438803983974359 0.4361628878205128 0.44054170192307696 0.403005266025641 0.4146982596153846 0.4016508685897436 0.4129605448717949 0.4348084903846154
0 0.3948947403846154 0.5556105865384615 0.4275647532051282 0.5573227467948717 0.4290213685897436 0.529528858974359 0.39635135897435897 0.5278166955128205 0.3948947403846154 0.5556105865384615
0 0.4229303621794872 0.5477897948717949 0.45267470192307696 0.5493486314102564 0.45405465384615384 0.5230175769230769 0.4243103141025641 0.5214587403846155 0.4229303621794872 0.5477897948717949
0 0.44602597435897434 0.5409324871794872 0.4791835993589743 0.5426702051282052 0.4805124423076923 0.5173143782051282 0.44735481730769233 0.5155766602564102 0.44602597435897434 0.5409324871794872