2 0.6550445576923076 0.643508358974359 0.43275825641025645 0.4206365865384616 0.3786892980769231 0.4551962403846154 0.594971266025641 0.6724936634615385 0.6550445576923076 0.643508358974359
1 0.46633050641025636 0.4546516121794872 0.42267978525641026 0.4937073974358975 0.5057794166666667 0.562888625 0.5496348237179487 0.518260673076923 0.46633050641025636 0.4546516121794872
3 0.312744141025641 0.843994141025641 0.37768554807692306 0.843994141025641 0.37768554807692306 0.7980957019230769 0.312744141025641 0.7980957019230769 0.312744141025641 0.843994141025641
3 0.380859375 0.875 0.380859375 0.8276367179487178 0.32666015705128204 0.8276367179487178 0.32666015705128204 0.875 0.380859375 0.875
3 0.333984375 0.875 0.333984375 0.8413085929487178 0.27001953205128204 0.8413085929487178 0.27001953205128204 0.875 0.333984375 0.875
3 0.43017578205128204 0.4548339839743589 0.44580078205128204 0.4548339839743589 0.44580078205128204 0.4377441410256411 0.43017578205128204 0.4377441410256411 0.43017578205128204 0.4548339839743589
3 0.42333984294871796 0.4431152339743589 0.44140625 0.4431152339743589 0.44140625 0.4294433589743589 0.42333984294871796 0.4294433589743589 0.42333984294871796 0.4431152339743589
3 0.45166015705128204 0.44287109294871796 0.47265625 0.44287109294871796 0.47265625 0.42431640705128204 0.45166015705128204 0.42431640705128204 0.45166015705128204 0.44287109294871796
3 0.4426269519230769 0.4353027339743589 0.4587402339743589 0.4353027339743589 0.4587402339743589 0.4162597660256411 0.4426269519230769 0.4162597660256411 0.4426269519230769 0.4353027339743589
3 0.435546875 0.4284667980769231 0.45166015705128204 0.4284667980769231 0.45166015705128204 0.4113769519230769 0.435546875 0.4113769519230769 0.435546875 0.4284667980769231
3 0.359375 0.4509277339743589 0.37646484294871796 0.4509277339743589 0.37646484294871796 0.4323730480769231 0.359375 0.4323730480769231 0.359375 0.4509277339743589
3 0.37182617307692306 0.4421386730769231 0.386474608974359 0.4421386730769231 0.386474608974359 0.4221191410256411 0.37182617307692306 0.4221191410256411 0.37182617307692306 0.4421386730769231
3 0.37890625 0.43017578205128204 0.3974609358974359 0.43017578205128204 0.3974609358974359 0.4150390641025641 0.37890625 0.4150390641025641 0.37890625 0.43017578205128204
3 0.30932617307692306 0.45703125 0.316650391025641 0.45703125 0.316650391025641 0.44189453205128204 0.30932617307692306 0.44189453205128204 0.30932617307692306 0.45703125
3 0.30029296794871796 0.4489746089743589 0.3125 0.4489746089743589 0.3125 0.4309082019230769 0.30029296794871796 0.4309082019230769 0.30029296794871796 0.4489746089743589
3 0.07568359294871795 0.4931640641025641 0.09326171794871795 0.4931640641025641 0.09326171794871795 0.47265625 0.07568359294871795 0.47265625 0.07568359294871795 0.4931640641025641
3 0.011962891025641026 0.506347657051282 0.03833007692307692 0.506347657051282 0.03833007692307692 0.47705078205128204 0.011962891025641026 0.47705078205128204 0.011962891025641026 0.506347657051282
3 0 0.510253907051282 0.013671875 0.510253907051282 0.013671875 0.48583984294871796 0 0.48583984294871796 0 0.510253907051282
0 0.4294433589743589 0.4250488269230769 0.4475097660256411 0.4250488269230769 0.4475097660256411 0.407958983974359 0.4294433589743589 0.407958983974359 0.4294433589743589 0.4250488269230769
0 0.4108886730769231 0.4294433589743589 0.4289550769230769 0.4294433589743589 0.4289550769230769 0.4104003910256411 0.4108886730769231 0.4104003910256411 0.4108886730769231 0.4294433589743589
0 0.39501953205128204 0.42578125 0.412109375 0.42578125 0.412109375 0.412109375 0.39501953205128204 0.412109375 0.39501953205128204 0.42578125
0 0.392578125 0.4348144519230769 0.41162109294871796 0.4348144519230769 0.41162109294871796 0.4206542980769231 0.392578125 0.4206542980769231 0.392578125 0.4348144519230769
0 0.38818359294871796 0.4475097660256411 0.408203125 0.4475097660256411 0.408203125 0.4260253910256411 0.38818359294871796 0.4260253910256411 0.38818359294871796 0.4475097660256411
0 0.351318358974359 0.44580078205128204 0.367431641025641 0.44580078205128204 0.367431641025641 0.42626953205128204 0.351318358974359 0.42626953205128204 0.351318358974359 0.44580078205128204
0 0.34521484294871796 0.4367675769230769 0.357421875 0.4367675769230769 0.357421875 0.4226074230769231 0.34521484294871796 0.4226074230769231 0.34521484294871796 0.4367675769230769
0 0.341796875 0.37573242307692306 0.35888671794871796 0.37573242307692306 0.35888671794871796 0.36401367307692306 0.341796875 0.36401367307692306 0.341796875 0.37573242307692306
0 0.28173828205128204 0.4479980480769231 0.2998046858974359 0.4479980480769231 0.2998046858974359 0.4313964839743589 0.28173828205128204 0.4313964839743589 0.28173828205128204 0.4479980480769231
0 0.2744140641025641 0.455078125 0.28173828205128204 0.455078125 0.28173828205128204 0.43603515705128204 0.2744140641025641 0.43603515705128204 0.2744140641025641 0.455078125
0 0.28271484294871796 0.4599609358974359 0.30517578205128204 0.4599609358974359 0.30517578205128204 0.4375 0.28271484294871796 0.4375 0.28271484294871796 0.4599609358974359
0 0.027587891025641024 0.5300292980769231 0.05688476602564103 0.5300292980769231 0.05688476602564103 0.5026855480769231 0.027587891025641024 0.5026855480769231 0.027587891025641024 0.5300292980769231