2 0.6084655256410256 0.39285714423076923 0.35052901923076923 0.3688821923076923 0.3447420641025641 0.40360441346153847 0.6001984134615385 0.42675272756410254 0.6084655256410256 0.39285714423076923
1 0.5001654262820513 0.4160052083333333 0.5166996538461539 0.37632266987179486 0.42658730128205125 0.3672289198717949 0.4141865064102564 0.4118717756410257 0.5001654262820513 0.4160052083333333
2 0 0.8301917147435898 0.09755282692307693 0.8747519839743589 0.14798288782051283 0.8045634935897436 0 0.7169313012820513 0 0.8301917147435898
0 0.5322265641025641 0.4123535160256411 0.5556640641025641 0.4123535160256411 0.5556640641025641 0.388916016025641 0.5322265641025641 0.388916016025641 0.5322265641025641 0.4123535160256411
0 0.4396972660256411 0.402587891025641 0.4616699230769231 0.402587891025641 0.4616699230769231 0.38012695192307694 0.4396972660256411 0.38012695192307694 0.4396972660256411 0.402587891025641
0 0.41943359294871796 0.400146483974359 0.4375 0.400146483974359 0.4375 0.38012695192307694 0.41943359294871796 0.38012695192307694 0.41943359294871796 0.400146483974359
0 0.41552734294871796 0.4475097660256411 0.43798828205128204 0.4475097660256411 0.43798828205128204 0.4260253910256411 0.41552734294871796 0.4260253910256411 0.41552734294871796 0.4475097660256411
0 0.3984375 0.39965820192307694 0.41845703205128204 0.39965820192307694 0.41845703205128204 0.37768554807692306 0.3984375 0.37768554807692306 0.3984375 0.39965820192307694
0 0.37451171794871796 0.39721679807692306 0.3955078141025641 0.39721679807692306 0.3955078141025641 0.37768554807692306 0.37451171794871796 0.37768554807692306 0.37451171794871796 0.39721679807692306
0 0.351806641025641 0.39453125 0.372802733974359 0.39453125 0.372802733974359 0.3740234358974359 0.351806641025641 0.3740234358974359 0.351806641025641 0.39453125
0 0.31958007692307694 0.4287109358974359 0.34106445192307694 0.4287109358974359 0.34106445192307694 0.4111328141025641 0.31958007692307694 0.4111328141025641 0.31958007692307694 0.4287109358974359
0 0.35668945192307694 0.4248046858974359 0.378662108974359 0.4248046858974359 0.378662108974359 0.40966796794871796 0.35668945192307694 0.40966796794871796 0.35668945192307694 0.4248046858974359
0 0.27294921794871796 0.4997558589743589 0.30126953205128204 0.4997558589743589 0.30126953205128204 0.4851074230769231 0.27294921794871796 0.4851074230769231 0.27294921794871796 0.4997558589743589
0 0.27685546794871796 0.5075683589743589 0.3037109358974359 0.5075683589743589 0.3037109358974359 0.4982910160256411 0.27685546794871796 0.4982910160256411 0.27685546794871796 0.5075683589743589
0 0.20166015705128204 0.453125 0.22265625 0.453125 0.22265625 0.43359375 0.20166015705128204 0.43359375 0.20166015705128204 0.453125
3 0.31713867307692306 0.4157714839743589 0.33325195192307694 0.4157714839743589 0.33325195192307694 0.40307617307692306 0.31713867307692306 0.40307617307692306 0.31713867307692306 0.4157714839743589
3 0.28051757692307694 0.5595703141025641 0.314208983974359 0.5595703141025641 0.314208983974359 0.529785157051282 0.28051757692307694 0.529785157051282 0.28051757692307694 0.5595703141025641
3 0.27856445192307694 0.529296875 0.310791016025641 0.529296875 0.310791016025641 0.516113282051282 0.27856445192307694 0.516113282051282 0.27856445192307694 0.529296875
3 0.279296875 0.516113282051282 0.3076171858974359 0.516113282051282 0.3076171858974359 0.5087890641025641 0.279296875 0.5087890641025641 0.279296875 0.516113282051282
3 0.265380858974359 0.4118652339743589 0.27661132692307694 0.4118652339743589 0.27661132692307694 0.396728516025641 0.265380858974359 0.396728516025641 0.265380858974359 0.4118652339743589
3 0.347412108974359 0.42333984294871796 0.36010742307692306 0.42333984294871796 0.36010742307692306 0.4072265641025641 0.347412108974359 0.4072265641025641 0.347412108974359 0.42333984294871796
3 0.8684082019230769 0.5305175769230769 0.8977050769230769 0.5305175769230769 0.8977050769230769 0.5041503910256411 0.8684082019230769 0.5041503910256411 0.8684082019230769 0.5305175769230769
3 0.868896483974359 0.5061035160256411 0.9016113269230769 0.5061035160256411 0.9016113269230769 0.4855957019230769 0.868896483974359 0.4855957019230769 0.868896483974359 0.5061035160256411
3 0.8737792980769231 0.4853515641025641 0.9030761730769231 0.4853515641025641 0.9030761730769231 0.462890625 0.8737792980769231 0.462890625 0.8737792980769231 0.4853515641025641
0 0.7961425769230769 0.8122558589743589 0.8508300769230769 0.8122558589743589 0.8508300769230769 0.7600097660256411 0.7961425769230769 0.7600097660256411 0.7961425769230769 0.8122558589743589
0 0.9086914070512822 0.875 0.9086914070512822 0.8325195320512822 0.8374023429487178 0.8325195320512822 0.8374023429487178 0.875 0.9086914070512822 0.875
0 0.8823242179487178 0.421875 0.9174804679487178 0.421875 0.9174804679487178 0.40625 0.8823242179487178 0.40625 0.8823242179487178 0.421875
0 0.880859375 0.4445800769230769 0.9106445320512822 0.4445800769230769 0.9106445320512822 0.4201660160256411 0.880859375 0.4201660160256411 0.880859375 0.4445800769230769
0 0.8793945320512822 0.46533203205128204 0.9067382820512822 0.46533203205128204 0.9067382820512822 0.4443359358974359 0.8793945320512822 0.4443359358974359 0.8793945320512822 0.46533203205128204
0 0.6198730480769231 0.361572266025641 0.6340332019230769 0.361572266025641 0.6340332019230769 0.35229492307692306 0.6198730480769231 0.35229492307692306 0.6198730480769231 0.361572266025641
3 0.640625 0.35620117307692306 0.6611328141025641 0.35620117307692306 0.6611328141025641 0.34301757692307694 0.640625 0.34301757692307694 0.640625 0.35620117307692306
3 0.6354980480769231 0.3623046858974359 0.6452636730769231 0.3623046858974359 0.6452636730769231 0.35498046794871796 0.6354980480769231 0.35498046794871796 0.6354980480769231 0.3623046858974359
3 0.6545410160256411 0.357666016025641 0.6618652339743589 0.357666016025641 0.6618652339743589 0.353759766025641 0.6545410160256411 0.353759766025641 0.6545410160256411 0.357666016025641
3 0.004638673076923077 0.5075683589743589 0.03051757692307692 0.5075683589743589 0.03051757692307692 0.4904785160256411 0.004638673076923077 0.4904785160256411 0.004638673076923077 0.5075683589743589
3 0 0.513671875 0.010742185897435898 0.513671875 0.010742185897435898 0.4931640641025641 0 0.4931640641025641 0 0.513671875
0 0.018554685897435898 0.5302734358974359 0.04443359294871795 0.5302734358974359 0.04443359294871795 0.510253907051282 0.018554685897435898 0.510253907051282 0.018554685897435898 0.5302734358974359