3 0.10033971153846154 0.4719386634615385 0.12864277243589742 0.4709502980769231 0.12767144871794872 0.4431352211538461 0.09936838782051281 0.44412358653846157 0.10033971153846154 0.4719386634615385
3 0.12313242628205127 0.4530653044871795 0.15192346794871797 0.4520598974358974 0.15113959294871795 0.429612641025641 0.12234855128205127 0.4306180480769231 0.12313242628205127 0.4530653044871795
3 0.25392834935897435 0.4279774967948718 0.2739356826923077 0.42727882371794873 0.2731688461538461 0.40531955128205127 0.2531615128205128 0.40601822435897433 0.25392834935897435 0.4279774967948718
3 0.6598813141025641 0.5313045256410256 0.6989200192307693 0.5299412660256411 0.6982895096153846 0.5118858621794872 0.6592508076923077 0.513249125 0.6598813141025641 0.5313045256410256
3 0.6982902852564102 0.5328947307692308 0.7280572980769231 0.5318552435897436 0.7272223012820513 0.5079440352564103 0.6974552884615385 0.5089835224358975 0.6982902852564102 0.5328947307692308
3 0.7797634519230768 0.5994278237179487 0.818802157051282 0.598064560897436 0.8171492019230769 0.5507301314102564 0.7781105 0.5520933942307692 0.7797634519230768 0.5994278237179487
3 1 0.5638879967948718 0.9542223044871795 0.5654865897435898 0.9558241378205128 0.6113570673076923 1 0.6098144134615385 1 0.5638879967948718
3 0.8719459038461539 0.4899428333333334 0.9104966217948718 0.48859661217948713 0.9094571346153847 0.4588296057692307 0.8709064166666667 0.46017582371794874 0.8719459038461539 0.4899428333333334
0 0.8888216217948718 0.5044994679487179 0.9244444423076923 0.5032554935897436 0.9235753621794871 0.47836832051282047 0.887952544871795 0.4796122948717949 0.8888216217948718 0.5044994679487179
0 0.9002729807692308 0.5246198910256411 0.9349198301282052 0.5234099967948718 0.9337780993589744 0.49071508012820514 0.89913125 0.4919249775641026 0.9002729807692308 0.5246198910256411
0 0.916649875 0.5528741538461538 0.9639843044871795 0.5512211987179487 0.9623824711538461 0.5053507179487179 0.9150480416666665 0.5070036730769231 0.916649875 0.5528741538461538
0 0.5249754743589744 0.508655125 0.5605982948717949 0.5074111474358974 0.559200951923077 0.4673964775641025 0.5235781314102564 0.4686404551282051 0.5249754743589744 0.508655125
0 0.4076099391025641 0.4426425512820513 0.43347308333333334 0.441739391025641 0.43231431089743594 0.4085564903846154 0.4064511666666667 0.40945965384615385 0.4076099391025641 0.4426425512820513
0 0.4001414807692308 0.5645594967948718 0.43283639743589747 0.563417766025641 0.43186507371794874 0.535602689102564 0.39917015705128206 0.5367444198717949 0.4001414807692308 0.5645594967948718
0 0.42738879166666666 0.5543250032051282 0.45715580448717946 0.553285516025641 0.45623560256410256 0.5269343878205128 0.42646858974358975 0.5279738749999999 0.42738879166666666 0.5543250032051282
0 0.4497988653846154 0.5454808717948718 0.4829817660256411 0.5443220993589744 0.4820956474358974 0.5189469423076923 0.4489127435897436 0.5201057147435898 0.4497988653846154 0.5454808717948718