3 0.5951020416666667 0.7451052916666666 0.6409934903846154 0.7459063301282052 0.6419393974358975 0.6917153685897436 0.5960479487179488 0.6909143301282051 0.5951020416666667 0.7451052916666666
3 0.5594671987179487 0.744239108974359 0.6063350608974358 0.7450571891025641 0.6071701858974359 0.6972129134615385 0.5603023237179487 0.6963948333333334 0.5594671987179487 0.744239108974359
3 0.5460262564102565 0.7169007564102564 0.5953351506410256 0.7177614455128205 0.5961532339743589 0.6708935865384615 0.5468443365384615 0.6700328942307693 0.5460262564102565 0.7169007564102564
3 0.49206747115384614 0.4368636602564102 0.5208716762820513 0.43736643910256406 0.5214426282051282 0.40465658012820516 0.4926384230769231 0.40415380128205125 0.49206747115384614 0.4368636602564102
3 0.7392310032051282 0.41969026923076924 0.7607121057692308 0.42006522115384615 0.7609933205128205 0.40395439743589745 0.7395122179487179 0.4035794423076923 0.7392310032051282 0.41969026923076924
3 0.956005423076923 0.5907358846153846 0.9872506634615384 0.5912812724358975 0.9876852692307693 0.566382717948718 0.9564400288461539 0.5658373301282051 0.956005423076923 0.5907358846153846
3 0.9395768237179487 0.5806820096153846 0.9698456506410256 0.5812103525641026 0.9703313878205129 0.5533825608974359 0.9400625576923076 0.552854217948718 0.9395768237179487 0.5806820096153846
3 0.10752772756410256 0.336631391025641 0.14219041666666668 0.33723642948717947 0.14273580448717949 0.3059911891025641 0.10807311538461538 0.30538615064102564 0.10752772756410256 0.336631391025641
3 0.09984671474358975 0.3570082564102564 0.14232071153846154 0.35774964423076927 0.14286609935897437 0.3265044038461538 0.10039210256410257 0.325763016025641 0.09984671474358975 0.3570082564102564
3 0.10798555448717949 0.3803472115384615 0.14167182692307692 0.38093520833333333 0.14220017307692306 0.3506663814102564 0.10851390064102565 0.35007838461538465 0.10798555448717949 0.3803472115384615
3 0.03634734935897436 0.6655173397435897 0.09639679487179488 0.6665655064102564 0.09739383012820513 0.609445298076923 0.03734438461538462 0.6083971314102564 0.03634734935897436 0.6655173397435897
2 0.9430688108974358 0.789730798076923 0.7545525256410256 0.8266904455128204 0.7939717275641025 0.8801884198717949 0.8981705448717949 0.8820072147435898 0.9219054455128205 0.8746124230769231 0.9430688108974358 0.789730798076923
2 0.6720658685897436 0.356859233974359 0.4222934967948718 0.30954628525641026 0.4119476314102564 0.3452725224358974 0.6657671442307692 0.39135182371794874 0.6720658685897436 0.356859233974359
1 0.513914016025641 0.32356598397435893 0.5191680416666666 0.35786991025641024 0.5990512596153846 0.3651264871794872 0.5942619391025641 0.3370341762820513 0.513914016025641 0.32356598397435893
0 0.48998613461538465 0.38823594551282053 0.5168375128205128 0.38870463782051284 0.5173488141025642 0.35941222435897435 0.4904974358974359 0.35894353205128204 0.48998613461538465 0.38823594551282053
0 0.6366588974358974 0.44866627243589746 0.6635102788461539 0.44913496474358977 0.6639789711538462 0.4222835833333333 0.6371275897435897 0.421814891025641 0.6366588974358974 0.44866627243589746
0 0.683909 0.4135968846153846 0.7073429294871795 0.4140059262820513 0.7077434487179487 0.3910602051282051 0.6843095192307692 0.39065116346153844 0.683909 0.4135968846153846
0 0.11038632371794872 0.3127518621794872 0.14211977243589743 0.31330577243589747 0.14263107371794873 0.284013358974359 0.110897625 0.2834594487179487 0.11038632371794872 0.3127518621794872
0 0.10960041346153847 0.2878320064102564 0.14231027564102566 0.2884029615384615 0.14275340064102562 0.2630162019230769 0.11004354166666666 0.26244525 0.10960041346153847 0.2878320064102564
0 0.11309758333333332 0.26933553846153846 0.14873668589743588 0.26995762179487176 0.14912016025641026 0.24798831089743592 0.1134810576923077 0.24736622756410256 0.11309758333333332 0.26933553846153846
0 0.3984289391025641 0.27578108333333334 0.4164925961538462 0.2760963846153846 0.4167738108974359 0.2599855576923077 0.39871015705128204 0.2596702532051282 0.3984289391025641 0.27578108333333334
3 0.37591053846153843 0.264888375 0.39495060576923074 0.26522072115384615 0.39529147115384616 0.2456924455128205 0.37625140384615385 0.24536009935897438 0.37591053846153843 0.264888375
3 0.3867886698717949 0.27118269871794876 0.40045846153846154 0.2714213044871795 0.40065446153846157 0.2601925480769231 0.38698466987179486 0.2599539423076923 0.3867886698717949 0.27118269871794876