1 0.6145294455128205 0.5081929262820513 0.569663951923077 0.5386872275641026 0.6163472435897436 0.5954330480769231 0.6659833237179488 0.565397516025641 0.6145294455128205 0.5081929262820513
2 0.7878232467948718 0.6848650192307693 0.569605641025641 0.46330821794871796 0.5194320961538461 0.4871185673076924 0.7184704070512821 0.7197740128205128 0.7878232467948718 0.6848650192307693
22 0.5553086987179487 0.5251389198717948 0.5977632916666666 0.5266214647435897 0.599058391025641 0.48953469551282053 0.5566037980769231 0.4880521506410256 0.5553086987179487 0.5251389198717948
22 0.5409906378205128 0.5014314230769231 0.5761254743589743 0.502658358974359 0.5773183269230769 0.4684994967948718 0.5421834935897436 0.4672725608974359 0.5409906378205128 0.5014314230769231
17 0.8056172435897435 0.8074840576923077 0.8505117532051282 0.8090518076923077 0.8521135865384616 0.7631813333333333 0.8072190769230769 0.7616135833333333 0.8056172435897435 0.8074840576923077
17 0.43694940064102566 0.4587119134615385 0.46086060576923077 0.4595469134615385 0.46179784935897433 0.43270780448717955 0.437886641025641 0.43187280448717946 0.43694940064102566 0.4587119134615385
16 0.2723230288461539 0.45100871794871794 0.30648189743589743 0.4522015737179487 0.3076406698717949 0.41901867307692303 0.2734818012820513 0.4178258205128205 0.2723230288461539 0.45100871794871794
16 0.1009531794871795 0.5104939230769231 0.14243180128205127 0.5119423878205128 0.1439995544871795 0.46704787500000006 0.10252092948717949 0.4655994102564103 0.1009531794871795 0.5104939230769231
16 0.637836032051282 0.7222309423076922 0.6866344102564103 0.7239350192307692 0.6882362403846154 0.6780645416666667 0.6394378653846154 0.6763604647435897 0.637836032051282 0.7222309423076922
16 0.6903159647435897 0.8283751698717949 0.7283786987179487 0.8297043493589743 0.7298782884615385 0.7867617756410257 0.6918155512820513 0.7854325961538462 0.6903159647435897 0.8283751698717949
18 0.22256802564102565 0.6166094999999999 0.2855179358974359 0.6188077596153846 0.28740946153846153 0.5646415576923077 0.2244595480769231 0.5624433012820513 0.22256802564102565 0.6166094999999999
18 0.19750269871794873 0.599855391025641 0.2472770480769231 0.6015935480769231 0.2491344935897436 0.548403314102564 0.19936014423076923 0.5466651538461539 0.19750269871794873 0.599855391025641
18 0.17050248076923077 0.5825451282051282 0.21783691025641025 0.5841980833333333 0.2194728237179487 0.5373516378205128 0.1721383942307692 0.5356986826923077 0.17050248076923077 0.5825451282051282
11 0.12749189423076923 0.43798971153846156 0.23329389423076924 0.44819617628205133 0.24715844551282048 0.44281934615384616 0.24591924999999998 0.4037049070512821 0.12273533974358973 0.39041289102564103 0.10746272435897437 0.43338311217948716 0.12749189423076923 0.43798971153846156
8 0.44033047115384616 0.45021633974358977 0.4760652051282051 0.34076201923076926 0.4470199487179487 0.33822190384615386 0.4268066153846154 0.4458369102564102 0.44033047115384616 0.45021633974358977
14 0.5250994615384615 0.4284583557692308 0.4680109871794872 0.43667070512820516 0.4786712467948718 0.471117923076923 0.5041000288461539 0.48893664102564105 0.5552242532051281 0.4796517211538462 0.5250994615384615 0.4284583557692308