2 0.7501911987179487 0.6588804038461539 0.5713805576923077 0.4285164358974359 0.5291822532051282 0.4346641955128205 0.6835105288461538 0.6880406025641026 0.7501911987179487 0.6588804038461539
1 0.5958217019230769 0.5625334391025641 0.6477756121794871 0.5164266923076922 0.5945128557692307 0.46036538461538457 0.5500569775641025 0.4916870737179487 0.5958217019230769 0.5625334391025641
3 0.6380789615384616 0.6183185544871795 0.6911719711538462 0.6220311794871795 0.6944418044871795 0.5752703653846154 0.6413487948717949 0.5715577403846154 0.6380789615384616 0.6183185544871795
3 0.49979085256410255 0.6044879871794873 0.5260938141025641 0.6063272692307692 0.5286143108974358 0.5702824711538462 0.5023113525641025 0.5684431891025641 0.49979085256410255 0.6044879871794873
3 0.5728713205128205 0.5043614487179487 0.6001484615384616 0.5062688525641026 0.6025327147435897 0.4721724262820513 0.5752555737179487 0.47026502243589746 0.5728713205128205 0.5043614487179487
3 0.48443722115384613 0.5965617243589744 0.493204875 0.5971748173076923 0.49497603525641026 0.5718460416666666 0.4862083814102564 0.5712329487179487 0.48443722115384613 0.5965617243589744
3 0.40919333012820513 0.5526317467948718 0.44669940064102565 0.5552544262820513 0.44857274358974364 0.5284643782051283 0.4110666730769231 0.5258416955128206 0.40919333012820513 0.5526317467948718
3 0.37765502564102565 0.5626632147435898 0.40882890384615383 0.5648431025641025 0.41141752243589746 0.527824125 0.38024364743589745 0.525644233974359 0.37765502564102565 0.5626632147435898
0 0.08061561217948718 0.4601501025641026 0.11130239743589744 0.46229593269230773 0.1130735576923077 0.43696715705128203 0.08238677243589744 0.4348213301282051 0.08061561217948718 0.4601501025641026
0 0.22752166025641024 0.5257332916666666 0.2606439038461538 0.528049423076923 0.2626875512820513 0.4988239134615385 0.22956530769230768 0.49650778205128204 0.22752166025641024 0.5257332916666666
0 0.12458033012820512 0.5944033365384616 0.16647022756410257 0.5973325641025641 0.16882041987179486 0.5637232307692308 0.12693052243589742 0.5607940032051282 0.12458033012820512 0.5944033365384616
0 0.09846649038461538 0.6143588525641025 0.12282108012820513 0.616061891025641 0.1258865480769231 0.5722236314102565 0.10153195833333332 0.5705205897435898 0.09846649038461538 0.6143588525641025
0 0.05554797756410256 0.6331392724358975 0.09500241666666667 0.6358981955128206 0.09820413141025641 0.5901115673076923 0.0587496923076923 0.5873526442307693 0.05554797756410256 0.6331392724358975