3 0.17063508653846154 0.7002208782051282 0.20619279166666665 0.697734439102564 0.2034338685897436 0.6582800032051283 0.16787616346153847 0.6607664391025642 0.17063508653846154 0.7002208782051282
3 0.24004912499999997 0.6814169775641025 0.2824261153846154 0.6784536891025641 0.2795990705128205 0.6380250673076923 0.23722208012820514 0.6409883525641026 0.24004912499999997 0.6814169775641025
3 0.43330548076923076 0.6311926538461539 0.46399226282051287 0.6290468269230769 0.46174425320512824 0.5968987660256411 0.4310574679487179 0.5990445961538462 0.43330548076923076 0.6311926538461539
3 0.714440717948718 0.6722284871794871 0.7534080641025641 0.669503625 0.7508194423076923 0.6324846474358974 0.7118520993589744 0.6352095096153847 0.714440717948718 0.6722284871794871
3 0.7532394262820513 0.677591733974359 0.7873358557692308 0.6752074775641026 0.7845428717948718 0.6352659519230769 0.7504464423076923 0.6376502051282051 0.7532394262820513 0.677591733974359
3 0.7863838205128205 0.6720924743589743 0.8238898942307693 0.6694697948717948 0.8212331506410256 0.6314766314102565 0.7837270801282051 0.6340993108974359 0.7863838205128205 0.6720924743589743
3 0.30076563782051285 0.5697318141025641 0.3372975288461538 0.5671772564102564 0.3349473333333333 0.533567919871795 0.2984154455128205 0.5361224775641026 0.30076563782051285 0.5697318141025641
3 0.3275540192307692 0.5573349038461538 0.3572666217948718 0.5552571955128205 0.35542733974358975 0.5289542371794872 0.3257147371794872 0.5310319455128205 0.3275540192307692 0.5573349038461538
3 0.48908985576923075 0.49097343910256414 0.508086439102564 0.4896450705128205 0.5064174615384616 0.4657775705128205 0.4874208782051282 0.4671059391025641 0.48908985576923075 0.49097343910256414
3 0.5058707019230769 0.4824579070512821 0.5258414679487179 0.48106141346153847 0.5243427948717949 0.45962937500000006 0.5043720288461538 0.4610258653846154 0.5058707019230769 0.4824579070512821
3 0.5205447916666667 0.4753133717948718 0.5414897403846154 0.4738487596153846 0.540059185897436 0.45339090064102566 0.5191142403846154 0.454855516025641 0.5205447916666667 0.4753133717948718
3 0.5375419134615385 0.47339060576923075 0.5526417596153846 0.4723347243589744 0.5508365384615385 0.446518858974359 0.5357366923076923 0.44757474358974353 0.5375419134615385 0.47339060576923075
3 0.7176943141025641 0.4737641762820513 0.7420489038461539 0.4720611378205128 0.7407545961538461 0.45355164743589743 0.7164000064102565 0.45525468589743584 0.7176943141025641 0.4737641762820513
3 0.6981135801282051 0.47023865705128204 0.7151617948717949 0.4690465288461538 0.7140377884615384 0.45297249999999994 0.6969895737179487 0.45416462500000004 0.6981135801282051 0.47023865705128204
3 0.646309875 0.46089007692307693 0.6633580865384615 0.4596979487179487 0.6619615961538461 0.4397271826923077 0.6449133814102564 0.44091931089743586 0.646309875 0.46089007692307693
3 0.6558611506410257 0.4014853557692308 0.6690126314102565 0.4005657147435897 0.6678205032051282 0.3835175032051282 0.6546690256410256 0.38443714423076925 0.6558611506410257 0.4014853557692308
3 0.8914581955128205 0.5122739358974359 0.9192224294871795 0.5103324743589744 0.9175193910256411 0.48597788141025644 0.889755157051282 0.4879193461538462 0.8914581955128205 0.5122739358974359
3 0.964196608974359 0.5270112532051282 0.9870899262820513 0.5254103974358975 0.9859318589743591 0.5088492724358975 0.9630385448717949 0.5104501282051281 0.964196608974359 0.5270112532051282
3 1 0.5073760576923078 0.986141342948718 0.5083451506410257 0.9876740801282051 0.5302642820512821 1 0.5294023685897437 1 0.5073760576923078
2 0.5412685512820513 0.43100452243589743 0.281556733974359 0.5580792115384615 0.3049155416666667 0.5895708878205128 0.5713939775641026 0.46718068589743594 0.5412685512820513 0.43100452243589743
1 0.505382342948718 0.5009910480769231 0.4868476891025641 0.4639479423076923 0.41415336538461534 0.487696483974359 0.43634304166666665 0.5309692948717949 0.505382342948718 0.5009910480769231
0 0.35362879166666666 0.5452326314102565 0.37993175320512823 0.5433933493589743 0.37836495833333333 0.5209871282051283 0.3520619967948718 0.5228264102564102 0.35362879166666666 0.5452326314102565
0 0.3738703782051282 0.537209310897436 0.39968624038461537 0.5354040897435898 0.39818756730769234 0.513972048076923 0.3723717019230769 0.5157772692307692 0.3738703782051282 0.537209310897436
0 0.39811087500000003 0.5303747756410256 0.42149128205128206 0.5287398589743589 0.4196860608974359 0.5029239903846153 0.39630565384615385 0.5045589102564103 0.39811087500000003 0.5303747756410256
0 0.4162848782051283 0.5207828750000001 0.44599747756410263 0.5187051666666667 0.4442263173076923 0.49337639423076923 0.414513717948718 0.4954540993589744 0.4162848782051283 0.5207828750000001
0 0.437987733974359 0.5126573717948718 0.46088104807692304 0.5110565160256411 0.4591439487179487 0.48621483012820516 0.4362506346153846 0.48781568589743596 0.437987733974359 0.5126573717948718
0 0.45415715705128207 0.50589775 0.47607628846153843 0.504365016025641 0.47420294551282055 0.4775749615384615 0.4522838141025641 0.47910769551282056 0.45415715705128207 0.50589775
0 0.4727109487179487 0.49823718589743593 0.4936558974358974 0.49677257051282053 0.4918166153846154 0.4704696121794872 0.47087166666666663 0.4719342243589744 0.4727109487179487 0.49823718589743593
0 0.5528614871794871 0.4649772564102564 0.5738064358974359 0.46351264102564105 0.5721033942307693 0.4391580480769231 0.5511584487179487 0.44062266346153844 0.5528614871794871 0.4649772564102564
0 0.6823784903846154 0.465710016025641 0.698452516025641 0.46458600961538465 0.6973285128205128 0.4485119807692307 0.681254483974359 0.449635983974359 0.6823784903846154 0.465710016025641
0 0.7250417692307692 0.4108425096153846 0.7401416153846154 0.409786625 0.7393241570512821 0.3980964230769231 0.7242243108974359 0.3991523076923077 0.7250417692307692 0.4108425096153846
0 0.8256236538461539 0.6732643461538462 0.8704361025641025 0.6701307564102564 0.8677453012820513 0.6316505032051283 0.8229328525641025 0.634784092948718 0.8256236538461539 0.6732643461538462
0 0.8810056378205129 0.6742863942307692 0.9263051762820512 0.6711187435897435 0.923273766025641 0.6277675737179488 0.8779742275641025 0.6309352243589743 0.8810056378205129 0.6742863942307692
0 0.9498886185897436 0.5568907051282052 0.9791141282051282 0.5548470576923077 0.9770704807692306 0.5256215480769231 0.947844971153846 0.5276651955128205 0.9498886185897436 0.5568907051282052