3 0.14597508333333334 0.6524336057692307 0.18153278846153847 0.6549200416666666 0.18429171153846155 0.6154656025641027 0.14873400641025641 0.6129791666666667 0.14597508333333334 0.6524336057692307
3 0.21733058653846152 0.6434732692307692 0.2597075769230769 0.6464365576923077 0.2625346217948718 0.606007935897436 0.22015763141025643 0.6030446474358975 0.21733058653846152 0.6434732692307692
3 0.4156960576923077 0.6206338141025641 0.44638284294871794 0.6227796442307693 0.44863085256410257 0.5906315833333333 0.4179440673076923 0.5884857564102564 0.4156960576923077 0.6206338141025641
3 0.6883842211538462 0.7003967532051282 0.7273515673076922 0.7031216153846154 0.7299401858974359 0.6661026346153847 0.6909728397435898 0.6633777724358974 0.6883842211538462 0.7003967532051282
3 0.7260589262820513 0.7111075384615385 0.7601553557692308 0.7134917948717949 0.7629483397435898 0.673550266025641 0.7288519102564103 0.6711660096153846 0.7260589262820513 0.7111075384615385
3 0.7596461121794872 0.7102746057692307 0.7971521826923077 0.7128972852564103 0.7998089230769231 0.6749041217948718 0.7623028525641026 0.6722814423076924 0.7596461121794872 0.7102746057692307
3 0.292999782051282 0.541325125 0.32953166987179483 0.5438796826923077 0.3318818621794872 0.5102703461538461 0.29534997435897437 0.5077157884615385 0.292999782051282 0.541325125
3 0.32125277564102567 0.5327770833333333 0.3509653782051282 0.5348547916666667 0.3528046602564102 0.5085518301282052 0.3230920576923077 0.5064741217948718 0.32125277564102567 0.5327770833333333
3 0.4904522852564103 0.4895428878205128 0.5094488685897436 0.4908712564102565 0.5111178493589744 0.46700375641025643 0.492121266025641 0.46567538782051277 0.4904522852564103 0.4895428878205128
3 0.5082549583333333 0.48344566666666666 0.5282257243589743 0.4848421602564103 0.5297243974358974 0.46341011858974357 0.5097536314102564 0.46201362820512826 0.5082549583333333 0.48344566666666666
3 0.5237805673076923 0.47841290384615387 0.5447255128205128 0.47987751923076927 0.5461560673076923 0.45941966025641023 0.5252111185897436 0.4579550448717949 0.5237805673076923 0.47841290384615387
3 0.5408798717948718 0.478874391025641 0.5559797147435896 0.47993027564102564 0.5577849358974358 0.45411441346153847 0.5426850897435898 0.4530585288461539 0.5408798717948718 0.478874391025641
3 0.7192270512820513 0.5043166955128205 0.7435816378205128 0.506019733974359 0.7448759487179487 0.4875102435897436 0.720521358974359 0.4858072019230769 0.7192270512820513 0.5043166955128205
3 0.7003275320512821 0.49810037500000004 0.7173757435897437 0.4992925 0.71849975 0.48321847115384614 0.7014515352564102 0.482026342948718 0.7003275320512821 0.49810037500000004
3 0.6503290448717949 0.4816330897435897 0.6673772596153845 0.48282521794871797 0.66877375 0.4628544519230769 0.6517255384615385 0.46166232371794874 0.6503290448717949 0.4816330897435897
3 0.6680549102564103 0.42413577243589745 0.6812063878205128 0.42505541346153847 0.6823985160256409 0.40800720192307693 0.6692470384615385 0.4070875608974359 0.6680549102564103 0.42413577243589745
3 0.8859403493589744 0.5666349391025641 0.9137045833333334 0.5685764038461538 0.9154076217948717 0.5442218108974358 0.8876433878205128 0.5422803461538461 0.8859403493589744 0.5666349391025641
3 0.9559198397435897 0.5913520641025641 0.978813157051282 0.5929529198717949 0.979971221153846 0.5763917948717948 0.9570779070512822 0.5747909391025642 0.9559198397435897 0.5913520641025641
3 0.9958357692307692 0.5770116794871795 0.9802488301282051 0.575921733974359 0.978716092948718 0.5978408653846154 0.9943030320512821 0.5989308108974358 0.9958357692307692 0.5770116794871795
2 0.5504692435897436 0.43741945192307696 0.2755995448717949 0.5271125608974359 0.29434823397435894 0.5615486826923077 0.5752667435897436 0.4774362019230769 0.5504692435897436 0.43741945192307696
1 0.5051920352564102 0.5017304807692308 0.4919931634615385 0.46246834935897435 0.41670113782051277 0.4758686794871795 0.4326524551282051 0.5218085705128205 0.5051920352564102 0.5017304807692308
0 0.34875810256410256 0.5244214967948718 0.3750610608974359 0.5262607788461539 0.37662785897435896 0.5038545576923077 0.3503248974358974 0.5020152756410257 0.34875810256410256 0.5244214967948718
0 0.3699193269230769 0.5192933429487179 0.3957351891025641 0.521098564102564 0.39723386538461536 0.4996665192307692 0.371418 0.4978612980769231 0.3699193269230769 0.5192933429487179
0 0.39487509935897436 0.5158989455128206 0.41825550961538466 0.5175338621794872 0.42006073076923073 0.49171799679487177 0.3966803205128205 0.49008307692307695 0.39487509935897436 0.5158989455128206
0 0.4142071698717949 0.5089297243589744 0.44391976923076926 0.5110074326923076 0.4456909294871795 0.4856786570512821 0.4159783301282051 0.48360094871794873 0.4142071698717949 0.5089297243589744
0 0.4368296666666666 0.5039037532051283 0.4597229807692308 0.5055046089743589 0.4614600833333334 0.4806629230769231 0.43856676602564104 0.4790620673076923 0.4368296666666666 0.5039037532051283
0 0.45378249038461543 0.4994602628205128 0.4757016185897436 0.5009929967948717 0.4775749615384615 0.47420294551282055 0.45565583333333337 0.47267021153846156 0.45378249038461543 0.4994602628205128
0 0.473221858974359 0.4944564391025641 0.4941668076923077 0.49592105128205133 0.49600608974358973 0.469618092948718 0.475061141025641 0.4681534775641026 0.473221858974359 0.4944564391025641
0 0.557221266025641 0.47267499038461536 0.5781662147435898 0.47413960576923075 0.5798692532051282 0.4497850128205128 0.5589243044871796 0.44832039743589747 0.557221266025641 0.47267499038461536
0 0.6853758365384616 0.49142590384615387 0.7014498653846154 0.4925499102564102 0.7025738717948717 0.4764758782051282 0.6864998429487179 0.4753518717948718 0.6853758365384616 0.49142590384615387
0 0.7352600032051282 0.44302994551282054 0.7503598493589744 0.44408583012820513 0.7511773076923077 0.43239562499999995 0.7360774615384615 0.4313397435897436 0.7352600032051282 0.44302994551282054
0 0.7983409711538462 0.7168962019230769 0.8431534166666668 0.7200297948717949 0.8458442179487179 0.6815495416666667 0.8010317724358974 0.6784159487179487 0.7983409711538462 0.7168962019230769
0 0.8530417403846153 0.7256159871794872 0.8983412756410257 0.728783641025641 0.9013726858974359 0.6854324711538461 0.8560731474358975 0.6822648173076923 0.8530417403846153 0.7256159871794872
0 0.9375926794871794 0.6189494423076923 0.9668181858974358 0.6209930897435897 0.9688618333333334 0.5917675801282051 0.9396363237179488 0.5897239326923077 0.9375926794871794 0.6189494423076923