3 0.5993652339743589 0.7434082019230769 0.6452636730769231 0.7434082019230769 0.6452636730769231 0.6892089839743589 0.5993652339743589 0.6892089839743589 0.5993652339743589 0.7434082019230769
3 0.5637207019230769 0.7431640641025641 0.6105957019230769 0.7431640641025641 0.6105957019230769 0.6953125 0.5637207019230769 0.6953125 0.5637207019230769 0.7431640641025641
3 0.5498046858974359 0.7160644519230769 0.599121092948718 0.7160644519230769 0.599121092948718 0.6691894519230769 0.5498046858974359 0.6691894519230769 0.5498046858974359 0.7160644519230769
3 0.4909667980769231 0.43701171794871796 0.5197753910256411 0.43701171794871796 0.5197753910256411 0.404296875 0.4909667980769231 0.404296875 0.4909667980769231 0.43701171794871796
3 0.737792967948718 0.41552734294871796 0.759277342948718 0.41552734294871796 0.759277342948718 0.3994140641025641 0.737792967948718 0.3994140641025641 0.737792967948718 0.41552734294871796
3 0.9575195320512822 0.5827636730769231 0.9887695320512822 0.5827636730769231 0.9887695320512822 0.5578613269230769 0.9575195320512822 0.5578613269230769 0.9575195320512822 0.5827636730769231
3 0.9409179679487178 0.5729980480769231 0.9711914070512822 0.5729980480769231 0.9711914070512822 0.5451660160256411 0.9409179679487178 0.5451660160256411 0.9409179679487178 0.5729980480769231
3 0.10473632692307693 0.343505858974359 0.13940429807692306 0.343505858974359 0.13940429807692306 0.312255858974359 0.10473632692307693 0.312255858974359 0.10473632692307693 0.343505858974359
3 0.09741210897435898 0.36401367307692306 0.13989257692307694 0.36401367307692306 0.13989257692307694 0.33276367307692306 0.09741210897435898 0.33276367307692306 0.09741210897435898 0.36401367307692306
3 0.10595703205128205 0.38720703205128204 0.1396484358974359 0.38720703205128204 0.1396484358974359 0.35693359294871796 0.10595703205128205 0.35693359294871796 0.10595703205128205 0.38720703205128204
3 0.03930664102564103 0.6735839839743589 0.09936523397435898 0.6735839839743589 0.09936523397435898 0.6164550769230769 0.03930664102564103 0.6164550769230769 0.03930664102564103 0.6735839839743589
2 0.8005621570512821 0.875 0.9047768461538461 0.875 0.9283790769230769 0.8671921025641026 0.9480578301282051 0.7819540544871795 0.7602152916666667 0.8221981346153847 0.8005621570512821 0.875
2 0.6695415128205128 0.3538780705128205 0.41898145512820517 0.31093145833333335 0.40926067628205126 0.3468328141025641 0.6638457243589744 0.38847533653846156 0.6695415128205128 0.3538780705128205
1 0.5108326987179488 0.32335002243589744 0.516684608974359 0.35755702884615387 0.5966823076923077 0.36341834615384616 0.5914034358974359 0.3354139006410256 0.5108326987179488 0.32335002243589744
0 0.4880371089743589 0.388427733974359 0.5148925769230769 0.388427733974359 0.5148925769230769 0.359130858974359 0.4880371089743589 0.359130858974359 0.4880371089743589 0.388427733974359
0 0.6357421858974359 0.4462890641025641 0.662597657051282 0.4462890641025641 0.662597657051282 0.41943359294871796 0.6357421858974359 0.41943359294871796 0.6357421858974359 0.4462890641025641
0 0.6823730480769231 0.4104003910256411 0.7058105480769231 0.4104003910256411 0.7058105480769231 0.38745117307692306 0.6823730480769231 0.38745117307692306 0.6823730480769231 0.4104003910256411
0 0.10717773397435898 0.31958007692307694 0.13891601602564102 0.31958007692307694 0.13891601602564102 0.29028320192307694 0.10717773397435898 0.29028320192307694 0.10717773397435898 0.31958007692307694
0 0.10595703205128205 0.294677733974359 0.138671875 0.294677733974359 0.138671875 0.269287108974359 0.10595703205128205 0.269287108974359 0.10595703205128205 0.294677733974359
0 0.10913085897435898 0.27612304807692306 0.14477539102564102 0.27612304807692306 0.14477539102564102 0.254150391025641 0.10913085897435898 0.254150391025641 0.10913085897435898 0.27612304807692306
0 0.39453125 0.277587891025641 0.41259765705128204 0.277587891025641 0.41259765705128204 0.261474608974359 0.39453125 0.261474608974359 0.39453125 0.277587891025641
3 0.37182617307692306 0.26708984294871796 0.390869141025641 0.26708984294871796 0.390869141025641 0.24755859294871796 0.37182617307692306 0.24755859294871796 0.37182617307692306 0.26708984294871796
3 0.3828125 0.273193358974359 0.396484375 0.273193358974359 0.396484375 0.261962891025641 0.3828125 0.261962891025641 0.3828125 0.273193358974359