7 0.2861743173076923 0.40820947115384615 0.1072783205128205 0.6215678717948718 0.14889843910256412 0.6326684583333334 0.33211083974358974 0.40996533333333335 0.2861743173076923 0.40820947115384615
16 0.6884765641025641 0.8068847660256411 0.751464842948718 0.8068847660256411 0.751464842948718 0.7419433589743589 0.6884765641025641 0.7419433589743589 0.6884765641025641 0.8068847660256411
18 0.5832519519230769 0.48291015705128204 0.6096191410256411 0.48291015705128204 0.6096191410256411 0.45458984294871796 0.5832519519230769 0.45458984294871796 0.5832519519230769 0.48291015705128204
18 0.6008300769230769 0.4880371089743589 0.6335449230769231 0.4880371089743589 0.6335449230769231 0.4626464839743589 0.6008300769230769 0.4626464839743589 0.6008300769230769 0.4880371089743589
18 0.619140625 0.500488282051282 0.661621092948718 0.500488282051282 0.661621092948718 0.46728515705128204 0.619140625 0.46728515705128204 0.619140625 0.500488282051282
16 0.26171875 0.546386717948718 0.30029296794871796 0.546386717948718 0.30029296794871796 0.5078125 0.26171875 0.5078125 0.26171875 0.546386717948718
18 0.12255859294871795 0.6135253910256411 0.1611328141025641 0.6135253910256411 0.1611328141025641 0.5734863269230769 0.12255859294871795 0.5734863269230769 0.12255859294871795 0.6135253910256411
16 0.330078125 0.4865722660256411 0.3671875 0.4865722660256411 0.3671875 0.4538574230769231 0.330078125 0.4538574230769231 0.330078125 0.4865722660256411
17 0.22314453205128204 0.4982910160256411 0.2529296858974359 0.4982910160256411 0.2529296858974359 0.4694824230769231 0.22314453205128204 0.4694824230769231 0.22314453205128204 0.4982910160256411
17 0.751953125 0.34643554807692306 0.7861328141025641 0.34643554807692306 0.7861328141025641 0.310302733974359 0.751953125 0.310302733974359 0.751953125 0.34643554807692306
17 0.31787109294871796 0.40576171794871796 0.34033203205128204 0.40576171794871796 0.34033203205128204 0.375 0.31787109294871796 0.375 0.31787109294871796 0.40576171794871796
22 0.169921875 0.5634765641025641 0.21728515705128204 0.5634765641025641 0.21728515705128204 0.515136717948718 0.169921875 0.515136717948718 0.169921875 0.5634765641025641
22 0.1357421858974359 0.5947265641025641 0.18408203205128204 0.5947265641025641 0.18408203205128204 0.548828125 0.1357421858974359 0.548828125 0.1357421858974359 0.5947265641025641
14 0.8377802724358975 0.5018447275641026 0.8527294935897436 0.6246889647435897 0.9915434583333333 0.6360268557692308 0.9995117179487178 0.44992480448717953 0.9888061538461539 0.4358496089743589 0.8527294935897436 0.440150391025641 0.8377802724358975 0.5018447275641026
13 0.6005180673076923 0.35179101602564106 0.5973896474358974 0.387369141025641 0.7088320320512821 0.37290332051282055 0.7057768557692308 0.3358139647435897 0.6005180673076923 0.35179101602564106
14 0.6900625 0.26030371153846155 0.7139150384615385 0.2517021474358974 0.7060947275641026 0.23723632692307695 0.6142548814102564 0.2630654294871795 0.6161586923076923 0.33654296794871796 0.627107423076923 0.3424077147435898 0.7123510737179487 0.3302875961538461 0.7057036121794872 0.301355467948718 0.6931909166666667 0.2935361314102564 0.6900625 0.26030371153846155
14 0.5508574230769231 0.24153710897435898 0.4918129871794872 0.2818071282051282 0.4703061538461539 0.29822802884615385 0.49650488141025645 0.301355467948718 0.5074536121794871 0.31738525320512817 0.48929199358974357 0.3475473621794872 0.4945498044871795 0.35687353525641025 0.5770561538461538 0.3494448237179487 0.5754921858974359 0.3236411121794872 0.5528129871794872 0.31152099679487183 0.562197266025641 0.2646044935897436 0.5508574230769231 0.24153710897435898
8 0.9020830064102565 0.3312817371794872 0.9482958974358974 0.318265625 0.9508994134615384 0.2173930673076923 0.9359291987179487 0.19201171794871796 0.9130859358974359 0.1927084967948718 0.9020830064102565 0.3312817371794872