17 0.7292480480769231 0.587402342948718 0.7565917980769231 0.587402342948718 0.7565917980769231 0.5517578141025641 0.7292480480769231 0.5517578141025641 0.7292480480769231 0.587402342948718
17 0.8037109358974359 0.45947265705128204 0.83203125 0.45947265705128204 0.83203125 0.42529296794871796 0.8037109358974359 0.42529296794871796 0.8037109358974359 0.45947265705128204
17 0.8879394519230769 0.619140625 0.925537108974359 0.619140625 0.925537108974359 0.5830078141025641 0.8879394519230769 0.5830078141025641 0.8879394519230769 0.619140625
22 0.6921386730769231 0.5388183589743589 0.7219238269230769 0.5388183589743589 0.7219238269230769 0.5046386730769231 0.6921386730769231 0.5046386730769231 0.6921386730769231 0.5388183589743589
22 0.663574217948718 0.541015625 0.6962890641025641 0.541015625 0.6962890641025641 0.5146484358974359 0.663574217948718 0.5146484358974359 0.663574217948718 0.541015625
22 0.613769532051282 0.5458984358974359 0.638671875 0.5458984358974359 0.638671875 0.521972657051282 0.613769532051282 0.521972657051282 0.613769532051282 0.5458984358974359
17 0.4499511730769231 0.40698242307692306 0.4680175769230769 0.40698242307692306 0.4680175769230769 0.384521483974359 0.4499511730769231 0.384521483974359 0.4499511730769231 0.40698242307692306
24 0.530761717948718 0.4128417980769231 0.551269532051282 0.4128417980769231 0.551269532051282 0.396728516025641 0.530761717948718 0.396728516025641 0.530761717948718 0.4128417980769231
24 0.531738282051282 0.396728516025641 0.550292967948718 0.396728516025641 0.550292967948718 0.38403320192307694 0.531738282051282 0.38403320192307694 0.531738282051282 0.396728516025641
24 0.531738282051282 0.38525390705128204 0.547363282051282 0.38525390705128204 0.547363282051282 0.37109375 0.531738282051282 0.37109375 0.531738282051282 0.38525390705128204
19 0.5305175769230769 0.36962890705128204 0.5500488269230769 0.36962890705128204 0.5500488269230769 0.357421875 0.5305175769230769 0.357421875 0.5305175769230769 0.36962890705128204
19 0.5334472660256411 0.35546875 0.5480957019230769 0.35546875 0.5480957019230769 0.34130859294871796 0.5334472660256411 0.34130859294871796 0.5334472660256411 0.35546875
19 0.533203125 0.341552733974359 0.5478515641025641 0.341552733974359 0.5478515641025641 0.33129882692307694 0.533203125 0.33129882692307694 0.533203125 0.341552733974359
18 0.193359375 0.5087890641025641 0.22314453205128204 0.5087890641025641 0.22314453205128204 0.48193359294871796 0.193359375 0.48193359294871796 0.193359375 0.5087890641025641
18 0.2197265641025641 0.4943847660256411 0.24658203205128204 0.4943847660256411 0.24658203205128204 0.4704589839743589 0.2197265641025641 0.4704589839743589 0.2197265641025641 0.4943847660256411
18 0.2451171858974359 0.4846191410256411 0.2763671858974359 0.4846191410256411 0.2763671858974359 0.4626464839743589 0.2451171858974359 0.4626464839743589 0.2451171858974359 0.4846191410256411
18 0.279541016025641 0.4699707019230769 0.30737304807692306 0.4699707019230769 0.30737304807692306 0.4436035160256411 0.279541016025641 0.4436035160256411 0.279541016025641 0.4699707019230769
18 0.30395507692307694 0.4599609358974359 0.32348632692307694 0.4599609358974359 0.32348632692307694 0.4375 0.30395507692307694 0.4375 0.30395507692307694 0.4599609358974359
18 0.3232421858974359 0.44921875 0.35107421794871796 0.44921875 0.35107421794871796 0.427734375 0.3232421858974359 0.427734375 0.3232421858974359 0.44921875
18 0.559082032051282 0.5539550769230769 0.590332032051282 0.5539550769230769 0.590332032051282 0.5251464839743589 0.559082032051282 0.5251464839743589 0.559082032051282 0.5539550769230769
18 0.588378907051282 0.5524902339743589 0.6142578141025641 0.5524902339743589 0.6142578141025641 0.5227050769230769 0.588378907051282 0.5227050769230769 0.588378907051282 0.5524902339743589
18 0.641113282051282 0.539550782051282 0.6650390641025641 0.539550782051282 0.6650390641025641 0.519042967948718 0.641113282051282 0.519042967948718 0.641113282051282 0.539550782051282
16 0.9145507820512822 0.602050782051282 0.9448242179487178 0.602050782051282 0.9448242179487178 0.5751953141025641 0.9145507820512822 0.5751953141025641 0.9145507820512822 0.602050782051282
16 0.14453125 0.41015625 0.1640625 0.41015625 0.1640625 0.3974609358974359 0.14453125 0.3974609358974359 0.14453125 0.41015625
14 0.5651542980769231 0.48373144551282055 0.5444594711538462 0.46451757692307694 0.40513134615384616 0.5185488269230769 0.42570898397435897 0.6665131826923076 0.5661396474358974 0.645328125 0.5740239262820512 0.605421875 0.554806641025641 0.5921196282051282 0.5587485352564102 0.5704418942307692 0.5651542980769231 0.48373144551282055
14 0.8780444326923077 0.5615737307692308 0.938583983974359 0.5729052724358974 0.9686411121794871 0.5837441410256411 0.9696264647435898 0.5280722660256411 0.9873652339743589 0.4945703108974359 0.98884375 0.47535644551282047 0.9760322275641027 0.47535644551282047 0.9873652339743589 0.425103516025641 0.8753198237179487 0.41726611217948717 0.8361616217948719 0.5561542980769231 0.8598129871794873 0.5650224615384615 0.8780444326923077 0.5615737307692308
10 0.7217885737179487 0.51025 0.5714345705128205 0.5239165032051282 0.568359375 0.5618491217948718 0.7315517564102564 0.5349799807692308 0.7217885737179487 0.51025
9 0.6176469711538461 0.5532021474358975 0.5785942371794872 0.5649165032051282 0.64453125 0.6595053717948718 0.689244141025641 0.6397578108974359 0.6690668942307693 0.5987578108974358 0.6176469711538461 0.5532021474358975
17 0.24013476602564104 0.39245605448717946 0.2368803717948718 0.3826943365384615 0.18480957051282051 0.38855126923076927 0.17309375 0.3826943365384615 0.16796875 0.3919272467948718 0.16788671794871796 0.41002783333333337 0.24013476602564104 0.39245605448717946
7 0.1900961923076923 0.5036679679487179 0.20248144551282052 0.5195009775641025 0.42997509615384616 0.41327929807692304 0.43737695192307696 0.40370214743589744 0.42583886858974357 0.40413769551282047 0.41060009615384613 0.395212891025641 0.22207421794871793 0.47183203205128205 0.1900961923076923 0.5036679679487179