7 0.28460491987179487 0.4119552243589744 0.10945978525641024 0.6284032948717948 0.15126729807692307 0.6387758205128206 0.3305650897435897 0.41290911538461533 0.28460491987179487 0.4119552243589744
16 0.6938037371794872 0.803548657051282 0.7567824198717948 0.802449358974359 0.7556490384615384 0.737517842948718 0.6926703525641026 0.738617141025641 0.6938037371794872 0.803548657051282
18 0.5829410128205128 0.4814598141025641 0.6093041858974358 0.480999641025641 0.6088099294871795 0.45268364102564096 0.5824467564102564 0.4531438108974359 0.5829410128205128 0.4814598141025641
18 0.6006059391025641 0.48627920192307694 0.6333158012820512 0.48570825 0.6328726762820513 0.4603214935897436 0.600162810897436 0.4608924455128205 0.6006059391025641 0.48627920192307694
18 0.619131 0.49840891666666665 0.661605 0.497667532051282 0.6610255256410256 0.4644694615384615 0.6185515256410257 0.46521084935897433 0.619131 0.49840891666666665
16 0.2625646025641026 0.550538233974359 0.3011329455128205 0.5498650224358974 0.30045973076923077 0.5112966794871795 0.26189138782051286 0.511969891025641 0.2625646025641026 0.550538233974359
18 0.1245973717948718 0.6200953621794871 0.16316571794871795 0.6194221474358975 0.1624669391025641 0.5793891826923078 0.12389859294871794 0.5800623942307692 0.1245973717948718 0.6200953621794871
16 0.329869657051282 0.48953985576923076 0.3669733814102564 0.4888922083333333 0.3664024294871795 0.45618234935897434 0.32929870512820514 0.4568299967948718 0.329869657051282 0.48953985576923076
17 0.2231568717948718 0.5031230705128206 0.2529374903846154 0.5026032467948719 0.25243471153846153 0.47379904166666664 0.22265409294871794 0.4743188653846154 0.2231568717948718 0.5031230705128206
17 0.7492346826923078 0.3420617467948718 0.7834091666666667 0.3414652307692308 0.7827785608974359 0.30533791987179487 0.748604076923077 0.3059344358974359 0.7492346826923078 0.3420617467948718
17 0.31625414743589747 0.40895465705128203 0.33871166666666663 0.40856266025641025 0.3381747980769231 0.3778056282051282 0.3157172820512821 0.378197625 0.31625414743589747 0.40895465705128203
22 0.17107996474358975 0.5692275544871794 0.21843603525641028 0.5684009519230769 0.21759238782051282 0.520068467948718 0.1702363205128205 0.5208950705128205 0.17107996474358975 0.5692275544871794
22 0.1374508717948718 0.6010693108974359 0.18578335576923077 0.6002256666666667 0.18498231730769232 0.554334217948718 0.13664983333333333 0.5551778621794872 0.1374508717948718 0.6010693108974359
14 0.9938425897435897 0.6274275224358974 0.9985617083333332 0.44121474999999993 0.9876121282051281 0.4273285352564103 0.8516312500000001 0.43400352884615384 0.8377610224358975 0.49594936858974353 0.8548518942307692 0.6185139967948718 0.9938425897435897 0.6274275224358974
13 0.5979161538461538 0.3500593076923077 0.5954091346153846 0.3856866121794872 0.7065820833333333 0.3692780576923077 0.7028800737179487 0.3322476698717948 0.5979161538461538 0.3500593076923077
14 0.6895582019230769 0.2901959294871795 0.6858502756410256 0.2570231698717949 0.7095490641025641 0.2480066314102564 0.7014774807692308 0.23367949679487177 0.6101024006410256 0.26110749358974356 0.613288282051282 0.3345406153846154 0.6243376987179488 0.3402133878205128 0.7093568429487179 0.32660740705128205 0.7022054583333333 0.2977956987179487 0.6895582019230769 0.2901959294871795
14 0.5724028012820513 0.32235045192307693 0.549515532051282 0.31062799038461536 0.5580795737179487 0.26355485256410255 0.5463388782051282 0.240688891025641 0.4880062435897436 0.28198324358974364 0.4667892692307692 0.29877698717948714 0.4930385897435897 0.3014467211538462 0.5042654102564103 0.31728298397435895 0.48663295833333337 0.34775746153846154 0.492052733974359 0.35699045192307693 0.5744168685897436 0.3481229391025641 0.5724028012820513 0.32235045192307693
8 0.9304876666666667 0.1844506121794872 0.9076600448717949 0.18554595512820513 0.8990772275641026 0.3242901185897436 0.9450559166666667 0.31046946153846156 0.9458985673076924 0.20956683012820512 0.9304876666666667 0.1844506121794872