7 0.9104663076923077 0.5229487307692308 0.6852680673076923 0.359207032051282 0.641121092948718 0.3720239262820513 0.8727680673076923 0.5437885737179488 0.9104663076923077 0.5229487307692308
16 0.32739257692307694 0.8464355480769231 0.378662108974359 0.8464355480769231 0.378662108974359 0.7922363269230769 0.32739257692307694 0.7922363269230769 0.32739257692307694 0.8464355480769231
18 0.38818359294871796 0.5051269519230769 0.40966796794871796 0.5051269519230769 0.40966796794871796 0.4812011730769231 0.38818359294871796 0.4812011730769231 0.38818359294871796 0.5051269519230769
18 0.36572265705128204 0.5139160160256411 0.39453125 0.5139160160256411 0.39453125 0.4948730480769231 0.36572265705128204 0.4948730480769231 0.36572265705128204 0.5139160160256411
18 0.34106445192307694 0.530761717948718 0.378662108974359 0.530761717948718 0.378662108974359 0.505859375 0.34106445192307694 0.505859375 0.34106445192307694 0.530761717948718
16 0.703125 0.4892578141025641 0.734863282051282 0.4892578141025641 0.734863282051282 0.45751953205128204 0.703125 0.45751953205128204 0.703125 0.4892578141025641
18 0.8544921858974359 0.520996092948718 0.8857421858974359 0.520996092948718 0.8857421858974359 0.4873046858974359 0.8544921858974359 0.4873046858974359 0.8544921858974359 0.520996092948718
16 0.6237792980769231 0.4475097660256411 0.6555175769230769 0.4475097660256411 0.6555175769230769 0.4216308589743589 0.6237792980769231 0.4216308589743589 0.6237792980769231 0.4475097660256411
22 0.737792967948718 0.4326171858974359 0.7626953141025641 0.4326171858974359 0.7626953141025641 0.4091796858974359 0.737792967948718 0.4091796858974359 0.737792967948718 0.4326171858974359
17 0.18359375 0.4138183589743589 0.2109375 0.4138183589743589 0.2109375 0.383056641025641 0.18359375 0.383056641025641 0.18359375 0.4138183589743589
17 0.6311035160256411 0.3662109358974359 0.6477050769230769 0.3662109358974359 0.6477050769230769 0.33837890705128204 0.6311035160256411 0.33837890705128204 0.6311035160256411 0.3662109358974359
22 0.787597657051282 0.484375 0.826171875 0.484375 0.826171875 0.44384765705128204 0.787597657051282 0.44384765705128204 0.787597657051282 0.484375
22 0.8271484358974359 0.505859375 0.8676757820512822 0.505859375 0.8676757820512822 0.46875 0.8271484358974359 0.46875 0.8271484358974359 0.505859375
17 0 0.7233886730769231 0.018554685897435898 0.7233886730769231 0.018554685897435898 0.6809082019230769 0 0.6809082019230769 0 0.7233886730769231
14 0 0.725957032051282 0.18755859294871796 0.725957032051282 0.18755859294871796 0.5730078108974359 0 0.5730078108974359 0 0.725957032051282
13 0.3894702147435897 0.40913720833333334 0.3656455064102564 0.3817431634615384 0.2671958012820513 0.3898125 0.26379638782051285 0.4293852532051282 0.3894702147435897 0.40913720833333334
8 0 0.34066308653846156 0.027935548076923073 0.4418911121794872 0.06486328205128206 0.41985693269230767 0.02197949358974359 0.29373242307692304 0 0.3032607435897436 0 0.34066308653846156
14 0.23323779166666667 0.2959814455128205 0.2617705064102564 0.3125742179487179 0.26236621153846157 0.3816552724358975 0.3475380865384615 0.37867773397435894 0.36064160256410255 0.3536655288461538 0.33503027243589745 0.3304399423076923 0.3266918942307692 0.2941127916666667 0.23323779166666667 0.2959814455128205
14 0.4684467788461538 0.3709355480769231 0.47797656089743595 0.3536655288461538 0.4648730480769231 0.33996826282051285 0.45593896474358975 0.2911352532051282 0.3851547852564103 0.2682788076923077 0.3945913076923077 0.3655761730769231 0.4684467788461538 0.3709355480769231
9 0.47445263782051283 0.5987578108974358 0.4484174807692307 0.5779321282051282 0.43800341666666665 0.5681704102564102 0.3332109391025641 0.5414877916666666 0.291015625 0.5794272467948718 0.4542753910256411 0.6293447275641026 0.47445263782051283 0.5987578108974358
10 0.3312583012820513 0.5180595705128206 0.2998046858974359 0.5442709967948718 0.2830927724358974 0.5701225576923077 0.3091284166666667 0.5850908205128206 0.4321455064102564 0.49658300641025643 0.4197783205128205 0.4783608397435897 0.37291503846153845 0.48421826282051283 0.3312583012820513 0.5180595705128206