22 0.5566161923076923 0.5158830833333333 0.5976255705128205 0.516598907051282 0.5982220865384615 0.4824244262820513 0.5572127083333334 0.48170860576923075 0.5566161923076923 0.5158830833333333
22 0.5401394871794871 0.4945961923076923 0.5733375512820513 0.4951756666666667 0.5738999839743589 0.46295401282051285 0.5407019166666667 0.4623745384615384 0.5401394871794871 0.4945961923076923
17 0.8351732371794872 0.7705392211538462 0.8776472371794872 0.7712806057692307 0.8783971442307692 0.7283184006410257 0.8359231474358975 0.7275770128205128 0.8351732371794872 0.7705392211538462
17 0.4325044391025641 0.4639044326923077 0.4549619551282051 0.46429642948717953 0.4554136057692308 0.43842146474358973 0.43295608974358973 0.438029467948718 0.4325044391025641 0.4639044326923077
16 0.2680183044871795 0.4727538525641026 0.3002399551282051 0.473316282051282 0.3007938653846154 0.44158283653846153 0.2685722147435898 0.4410204038461538 0.2680183044871795 0.4727538525641026
16 0.10356816987179486 0.5494853301282051 0.142136516025641 0.5501585448717948 0.1428864230769231 0.5071963397435898 0.10431807692307693 0.506523125 0.10356816987179486 0.5494853301282051
16 0.6593188461538462 0.7032509038461539 0.7056985 0.7040604647435897 0.7064484070512821 0.6610982596153846 0.6600687532051283 0.6602886987179487 0.6593188461538462 0.7032509038461539
16 0.7230001442307692 0.803987016025641 0.7586392467948718 0.8046090961538461 0.7593550673076923 0.763599717948718 0.7237159647435898 0.7629776378205129 0.7230001442307692 0.803987016025641
18 0.235057858974359 0.6404170416666667 0.29559551282051283 0.6414737275641026 0.2964732467948718 0.5911884198717948 0.23593559294871794 0.5901317307692308 0.235057858974359 0.6404170416666667
18 0.20866788782051282 0.6275033333333333 0.25553575 0.6283214134615385 0.2564220032051282 0.5775478974358974 0.20955414423076923 0.5767298173076923 0.20866788782051282 0.6275033333333333
18 0.18010655128205127 0.6130866570512821 0.22502158333333333 0.6138706506410256 0.22578853525641024 0.5699320320512821 0.1808735032051282 0.5691480384615384 0.18010655128205127 0.6130866570512821
11 0.23973901602564104 0.4768151282051282 0.23391028525641025 0.43304169871794873 0.11241697115384615 0.43059089423076924 0.10800796794871796 0.46957164102564103 0.23973901602564104 0.4768151282051282
14 0.5442480256410257 0.47677407051282056 0.5573056153846154 0.4605224294871795 0.5167309551282051 0.42438203846153844 0.4679146346153846 0.43547805769230774 0.4612455256410256 0.45769952243589745 0.5070235929487179 0.4847765096153846 0.5442480256410257 0.47677407051282056
7 0.5596908749999999 0.46655814102564097 0.5294707692307693 0.48052894871794866 0.7519447211538461 0.6890967403846154 0.7778725032051282 0.6673017820512821 0.7606841955128205 0.6369258878205128 0.5596908749999999 0.46655814102564097
10 0.3285276826923077 0.631854625 0.30613747115384615 0.616219782051282 0.2806819230769231 0.5873472980769231 0.1740909935897436 0.5562352211538462 0.13535497756410256 0.5563829358974359 0.1292749391025641 0.5852035256410256 0.3189690448717949 0.6601154487179487 0.3285276826923077 0.631854625
9 0.29488799679487177 0.6469231474358974 0.2383795673076923 0.626573 0.1359161923076923 0.6894681762820513 0.10255421474358975 0.7358534423076923 0.1021436282051282 0.7358184391025642 0.1449850641025641 0.7600781217948718 0.29488799679487177 0.6469231474358974
8 0.43758870192307686 0.4486290224358974 0.45550509615384616 0.35456214423076926 0.4335375897435897 0.34506647435897436 0.4188064647435898 0.443093842948718 0.43758870192307686 0.4486290224358974