16 0.3514347371794872 0.9935533076923077 0.5138357467948718 0.9992244743589743 0.5380769262820513 0.9766192083333334 0.5408579775641026 0.8969802532051282 0.5337591346153846 0.8764074743589743 0.5186344262820513 0.8618082371794872 0.43216927564102564 0.8306466634615385 0.41499224679487173 0.8300468269230769 0.3749174647435897 0.8583529807692307 0.37141265384615385 0.8691747564102564 0.34867849358974357 0.8933961025641025 0.34128716025641026 0.9259704903846153 0.3514347371794872 0.9935533076923077
16 0.5591305929487179 0.7318923910256411 0.501353310897436 0.7298747628205128 0.46634488461538465 0.7474136698717948 0.4531436057692308 0.7672775544871795 0.44602492307692304 0.792044201923077 0.4403042019230769 0.8215500256410255 0.4447161923076923 0.8295213589743589 0.46619615384615387 0.8412156217948717 0.515729451923077 0.8554529807692307 0.53101775 0.865367576923077 0.5425285865384616 0.8939116858974359 0.559269375 0.907003907051282 0.5797876217948719 0.901466608974359 0.5913182948717949 0.8846712948717949 0.6140177596153846 0.8166720705128204 0.6222815801282051 0.7591129102564103 0.6063587500000001 0.7225974679487179 0.577651048076923 0.7387929487179488 0.5591305929487179 0.7318923910256411
17 0.19143810897435898 0.29222977884615386 0.1681239455128205 0.28828872435897435 0.15045614423076925 0.3017428237179487 0.1496381858974359 0.3251660448717949 0.16153073717948718 0.3427793173076923 0.1927616987179487 0.3438699262820513 0.1992260128205128 0.33784185576923076 0.20155099038461538 0.3160347115384615 0.19143810897435898 0.29222977884615386
17 0.24558168589743593 0.3535317051282051 0.3453571762820513 0.3617062980769231 0.3645319967948718 0.34986827884615385 0.37559173076923075 0.30178746794871797 0.3684928878205128 0.28121468910256414 0.3503541442307692 0.2633832948717949 0.3256420256410256 0.2547030673076923 0.28348022435897435 0.25323074358974357 0.2549361153846154 0.26474158012820515 0.2448579294871795 0.2847145256410257 0.242642016025641 0.3033985705128205 0.2396081442307692 0.34550584294871794 0.24558168589743593 0.3535317051282051
17 0.7008845256410257 0.2990758717948718 0.6656034455128205 0.3244225192307692 0.6616078621794872 0.3492982307692308 0.6654200192307692 0.37444659294871796 0.6788741185897437 0.3921143942307692 0.7771971217948718 0.39711136217948717 0.8082644935897435 0.4028866153846154 0.8223184294871795 0.403377391025641 0.8272211955128205 0.39729478846153843 0.834285342948718 0.37408968910256407 0.8353214230769231 0.34442027243589746 0.8296205352564103 0.32858666987179486 0.8040557628205128 0.29955178525641024 0.7811233173076924 0.2846798942307692 0.7358384198717949 0.2830985128205128 0.7008845256410257 0.2990758717948718
17 1 0.3151912243589744 0.9944010480769231 0.31088914743589746 0.9555804679487179 0.3032796923076923 0.8916115224358975 0.2994823942307692 0.8497025384615384 0.3355417596153846 0.8408041891025642 0.3665000705128205 0.8394409262820514 0.40553877564102564 0.8626460288461538 0.4126029230769231 0.993597951923077 0.4234296762820513 1 0.4211246185897436 1 0.3151912243589744
17 0.7276886346153846 0.20307784294871795 0.7169759198717949 0.1964499358974359 0.6730889807692307 0.19960772756410256 0.6666246666666666 0.20563579807692306 0.6659157692307692 0.22593592307692306 0.6704368237179487 0.23078416025641027 0.7125986217948718 0.23225648397435897 0.7268706794871794 0.22650106410256413 0.7276886346153846 0.20307784294871795
16 0.6194708076923077 0.6605172532051282 0.5839369134615385 0.6483322147435897 0.5462416346153847 0.6532696762820513 0.5190954807692307 0.6695196891025641 0.4992117628205129 0.7016578365384616 0.4982302147435897 0.729765701923077 0.5341458237179487 0.7310199038461539 0.571350326923077 0.740136375 0.6243685993589744 0.7888913878205128 0.6392950192307693 0.764397391025641 0.6485205512820513 0.7240697884615385 0.6550393974358973 0.7164801698717949 0.6540776826923077 0.699248608974359 0.6497747532051282 0.6881541826923077 0.6421306025641026 0.6831968846153846 0.6534431538461539 0.6726477596153846 0.6571660833333334 0.6555797916666667 0.6435483942307693 0.6425966314102565 0.6194708076923077 0.6605172532051282
17 0.20716265064102565 0.2896519871794872 0.20215082371794874 0.29885768269230767 0.20607204166666668 0.32088294871794876 0.21053856410256414 0.327292733974359 0.22933167307692306 0.32638555128205127 0.24151671153846152 0.2908516570512821 0.23705018910256412 0.2844418717948718 0.20716265064102565 0.2896519871794872
16 0.6390323173076923 0.5032916634615384 0.6244330801282051 0.5184163717948718 0.6221081057692307 0.540223516025641 0.6154256666666666 0.5524977788461539 0.6026606314102564 0.5598692756410256 0.5971035 0.584690455128205 0.6687711217948717 0.5918835 0.6763607403846154 0.5984023461538461 0.680014282051282 0.4937786185897436 0.6390323173076923 0.5032916634615384
16 0.6085399711538462 0.6601355416666667 0.6350862884615385 0.6610625576923077 0.6473605512820513 0.6677449935897436 0.6592531025641026 0.6853582692307693 0.6670608429487179 0.6856309198717948 0.6739068717948719 0.6686720128205128 0.6763062115384616 0.5999638942307692 0.670223608974359 0.5950611282051282 0.6001720641025641 0.5863610641025641 0.5905846538461539 0.5922800737179487 0.5691393878205129 0.6243636891025641 0.5637458461538462 0.6445002243589744 0.6085399711538462 0.6601355416666667
17 0.3795476442307692 0.3675906121794872 0.40932612179487177 0.36550359615384614 0.4918700512820513 0.3746399038461538 0.5048532115384615 0.36102221153846153 0.5053638205128205 0.3016288525641026 0.4859361826923077 0.27593518589743593 0.4705388237179487 0.2691436891025641 0.43467774358974365 0.26632793910256414 0.4016671121794872 0.2714289935897436 0.3871769326923077 0.2834306025641026 0.36836399038461537 0.32967721474358974 0.36598448397435895 0.353045907051282 0.3795476442307692 0.3675906121794872