7 1 0.25542559615384614 0.9377849326923078 0.24241085897435896 0.927419048076923 0.23385442948717947 0.8837756217948718 0.23080258333333334 0.8394454551282052 0.2151721923076923 0.800478108974359 0.21244733012820513 0.7796701185897437 0.2188238717948718 0.7625244839743589 0.21762492948717949 0.7417820352564102 0.2678628878205128 0.7358307916666667 0.3081709391025641 0.7093985384615384 0.3501794487179487 0.707981608974359 0.370442467948718 0.7373788044871795 0.37563075 0.7454992564102564 0.37149964102564104 0.7503277852564103 0.3248478205128205 0.7555488397435897 0.3173813365384615 0.7615000833333334 0.2770732852564103 0.7723781698717949 0.25590553846153846 0.9079083076923076 0.28887746153846156 0.9460036987179486 0.304071875 1 0.3142087243589744 1 0.25542559615384614
17 0.7074808141025641 0.5567989903846153 0.6957742275641026 0.5450161762820513 0.6723938205128205 0.5433812596153846 0.6594882916666667 0.5487440801282052 0.6570904102564102 0.583035342948718 0.6611125256410256 0.5927144903846153 0.6985211794871794 0.5953303557692308 0.7088542916666667 0.5819560801282052 0.7074808141025641 0.5567989903846153
16 0.8670339230769232 0.42542132371794866 0.8826208589743589 0.42651126602564104 0.899003532051282 0.43862106410256413 0.9175988621794872 0.4414876923076923 0.9298176538461539 0.4235463269230769 0.9291309134615384 0.41096778205128204 0.920105733974359 0.405637733974359 0.9015104038461539 0.40277110576923075 0.892594217948718 0.3958823621794872 0.8723311987179486 0.3944654358974359 0.8641017532051282 0.40015523717948714 0.861235125 0.41875057051282055 0.8670339230769232 0.42542132371794866
17 1 0.4357791506410257 0.9979642019230769 0.43457685897435894 0.976251483974359 0.43149224358974364 0.9551927307692307 0.41905546153846157 0.9379381057692308 0.419415217948718 0.9312673525641025 0.4252140160256411 0.9296324358974359 0.44859442307692304 0.9355402275641026 0.45370648076923076 0.9510181698717949 0.4563551217948718 0.9719679294871794 0.4703505929487179 0.9891135608974359 0.4715495320512821 1 0.4657597980769231 1 0.4357791506410257
17 0.5529193653846154 0.5271952147435898 0.5794171602564102 0.5290481217948718 0.5859789198717948 0.5248080160256411 0.5978707275641025 0.511542733974359 0.6011733333333333 0.48671262820512823 0.5844309070512821 0.4573482051282052 0.5741740192307692 0.4472330801282051 0.5585870801282051 0.4461431346153847 0.5341167275641026 0.46009515705128207 0.5293971923076922 0.5051882820512821 0.5347600128205128 0.5180938108974359 0.5529193653846154 0.5271952147435898
16 0.6521307980769231 0.5419643301282051 0.6182755128205129 0.5333316762820512 0.6083783782051282 0.5404711794871795 0.6052937596153846 0.5621838974358975 0.6115613076923078 0.5845505833333333 0.6299386506410257 0.5905345993589743 0.6507466410256411 0.5841580576923077 0.6572756282051282 0.5579872467948718 0.6521307980769231 0.5419643301282051
16 0.5834278685897436 0.3820949230769231 0.5744026891025641 0.376764875 0.546019217948718 0.3794790544871795 0.5431853589743589 0.4200050961538462 0.5556549102564102 0.4208770512820513 0.5623256634615384 0.4150782532051282 0.586937782051282 0.4214982467948718 0.5888996826923077 0.3934417564102564 0.5834278685897436 0.3820949230769231
17 0.44565157051282056 0.11245229807692307 0.4397330961538462 0.1746910576923077 0.44096480769230767 0.1794761346153846 0.45945114423076927 0.18390145512820513 0.46456320512820515 0.17799366346153844 0.468596 0.12032199038461538 0.46580559615384615 0.11542791987179488 0.44565157051282056 0.11245229807692307
16 0.4714968525641026 0.5716236923076923 0.48940544551282056 0.5619117756410257 0.4940487564102564 0.5403080512820513 0.48455482692307694 0.5192820705128205 0.44236109935897433 0.5178979134615385 0.4405409647435897 0.5663264166666666 0.4714968525641026 0.5716236923076923
13 0.20123158012820513 0.2927165352564102 0.2015585608974359 0.28804045512820514 0.18818428525641023 0.2777073429487179 0.1649128717948718 0.2745137307692308 0.15791513461538462 0.28498860897435896 0.1745157948717949 0.2939810192307692 0.17796016666666667 0.2895229262820513 0.19677348717948717 0.28927216666666666 0.2022453012820513 0.30061899999999997 0.20014163461538462 0.30830347435897437 0.16331072435897434 0.31982484615384615 0.14148901282051282 0.3182989230769231 0.1364859455128205 0.32264802243589746 0.10520307692307693 0.3220268237179487 0.09073885256410257 0.32728065064102563 0.06902613461538462 0.32419603205128206 0.06068769230769231 0.33144452884615383 0.05144452564102565 0.32923186858974357 0.017556467948717947 0.2986685064102564 0.012880384615384615 0.29834152243589745 0.012008429487179487 0.31081107371794875 0.04422879807692307 0.3428241346153846 0.0785200641025641 0.3452220128205128 0.09142558974358975 0.3398591955128205 0.18281078205128204 0.3321526314102564 0.2289938557692308 0.32128522756410255 0.23153349999999998 0.30736597756410255 0.21971791666666668 0.29714185897435896 0.20123158012820513 0.2927165352564102
16 0.5170694070512821 0.5246883397435897 0.504599858974359 0.5238163846153846 0.4957164455128205 0.5388583525641025 0.4920868557692308 0.5683645384615384 0.49933535256410255 0.5767029807692308 0.5124588685897437 0.5682227724358975 0.5198925833333333 0.5515131185897436 0.5212005160256411 0.5328087948717949 0.5170694070512821 0.5246883397435897
17 0.06902613461538462 0.32419603205128206 0.09052086538461539 0.3303980384615385 0.19492058012820512 0.31576996153846154 0.20503570512820513 0.3055130705128205 0.20568966987179488 0.29616090705128206 0.19532378525641025 0.28760447756410257 0.17295709935897435 0.29387202243589744 0.1514623717948718 0.28767001923076924 0.13667116346153846 0.2975999262820513 0.11840281730769231 0.29005721474358975 0.10549728846153847 0.29542003525641025 0.0788905 0.2951258237179487 0.06910235897435897 0.30070663141025644 0.06902613461538462 0.32419603205128206
16 0.44330855128205127 0.2579557980769231 0.4542194102564102 0.2587187596153846 0.459331467948718 0.25281096794871794 0.4635822532051282 0.19202190705128205 0.44041983653846156 0.18726960256410258 0.4363870384615385 0.24494127243589744 0.44330855128205127 0.2579557980769231
17 0.5537799134615385 0.3580933205128205 0.5453324775641025 0.3669005096153846 0.5430108237179487 0.3777023717948718 0.5824141474358974 0.3741924583333333 0.578719016025641 0.35983723076923074 0.5537799134615385 0.3580933205128205
17 0.6544951794871795 0.2617591955128205 0.6519555352564103 0.2756784455128205 0.6592040320512821 0.2840168878205128 0.677581375 0.29000090384615385 0.6949449967948718 0.28808245512820513 0.6962529294871795 0.2693781282051282 0.6903451378205129 0.26426607051282053 0.6544951794871795 0.2617591955128205