17 0.15 0.340625 0.15625 0.296875 0.13749999999999998 0.26406250000000003 0.1078125 0.25937499999999997 0.075 0.2609375 0.0578125 0.29843749999999997 0.05625 0.3125 0.0625 0.32968749999999997 0.096875 0.359375 0.125 0.359375 0.1390625 0.35312499999999997 0.15 0.340625
17 0.2734375 0.21875 0.2734375 0.2015625 0.2609375 0.1734375 0.2265625 0.171875 0.2109375 0.18125 0.2046875 0.1890625 0.2046875 0.2171875 0.2125 0.23125 0.2234375 0.2421875 0.25625000000000003 0.2421875 0.2734375 0.21875
16 0.40625 0.634375 0.403125 0.59375 0.39375 0.571875 0.36874999999999997 0.5437500000000001 0.3546875 0.5375 0.3125 0.5375 0.29375 0.5437500000000001 0.26875 0.5625 0.26875 0.56875 0.25625000000000003 0.5812499999999999 0.25625000000000003 0.6625 0.2609375 0.6734375 0.27499999999999997 0.6859375 0.33749999999999997 0.7015625 0.39999999999999997 0.65625 0.40625 0.634375
16 0.2234375 0.6921875000000001 0.2421875 0.6671874999999999 0.2484375 0.6359374999999999 0.2484375 0.5859375 0.240625 0.5671875000000001 0.2234375 0.5499999999999999 0.19218749999999998 0.5421874999999999 0.13125 0.5437500000000001 0.1109375 0.5546875 0.0859375 0.5984375000000001 0.0859375 0.6625 0.10625 0.69375 0.140625 0.6921875000000001 0.15312499999999998 0.6984374999999999 0.19218749999999998 0.6984374999999999 0.2234375 0.6921875000000001
16 0.9984375 0.2859375 0.9984375 0.240625 0.9921875 0.2375 0.96875 0.2359375 0.9484375 0.24375 0.9359375 0.225 0.9109375 0.225 0.89375 0.2359375 0.8890625 0.26406250000000003 0.9015625 0.278125 0.9390625 0.278125 0.95625 0.296875 0.984375 0.296875 0.9984375 0.2859375
17 0.040625 0 0.042187499999999996 0.0546875 0.049999999999999996 0.0625 0.06874999999999999 0.065625 0.08437499999999999 0.0515625 0.07656249999999999 0.021875000000000002 0.08125 0 0.040625 0
16 0.496875 0.6421875 0.5109374999999999 0.5578124999999999 0.509375 0.5375 0.4765625 0.5296875 0.45625 0.53125 0.40625 0.5640625 0.40468750000000003 0.5859375 0.4125 0.6421875 0.4375 0.665625 0.4578125 0.6749999999999999 0.4796875 0.6749999999999999 0.496875 0.6421875
16 0.4484375 0.06874999999999999 0.44375 0.0625 0.41875 0.0625 0.3953125 0.0515625 0.3796875 0.0546875 0.37656249999999997 0.0625 0.375 0.075 0.3796875 0.0859375 0.403125 0.0890625 0.41875 0.096875 0.4484375 0.09375 0.4484375 0.06874999999999999
17 0.8921875 0.2234375 0.884375 0.2125 0.84375 0.2125 0.8375 0.221875 0.8359375 0.2453125 0.84375 0.25937499999999997 0.871875 0.26406250000000003 0.884375 0.25625000000000003 0.8921875 0.240625 0.8921875 0.2234375
17 0.8359375 0.2296875 0.8359375 0.2046875 0.83125 0.19999999999999998 0.7921874999999999 0.2015625 0.7875 0.20625 0.7875 0.2234375 0.7937500000000001 0.2296875 0.8156249999999999 0.240625 0.83125 0.2359375 0.8359375 0.2296875
7 0.4875 0.315625 0.4890625 0.35312499999999997 0.49375 0.359375 0.515625 0.35625 0.53125 0.3796875 0.527734375 0.3859375 0.5031249999999999 0.3859375 0.4984375 0.39999999999999997 0.5 0.4171875 0.5187499999999999 0.4296875 0.5265624999999999 0.4875 0.5234375 0.5031249999999999 0.5109374999999999 0.5109374999999999 0.5203125000000001 0.546875 0.5109374999999999 0.56875 0.50625 0.6046874999999999 0.5 0.6140625000000001 0.496875 0.6453125000000001 0.4921875 0.6593749999999999 0.4796875 0.6734375 0.4796875 0.6906249999999999 0.4703125 0.7015625 0.4625 0.725 0.40781249999999997 0.790625 0.415625 0.8046875 0.4296875 0.8078124999999999 0.4421875 0.7999999999999999 0.4625 0.7687499999999999 0.5031249999999999 0.7312500000000001 0.5578124999999999 0.71875 0.584375 0.71875 0.6124999999999999 0.7374999999999999 0.6703125 0.75625 0.6875 0.7671875 0.7062499999999999 0.7687499999999999 0.7109375 0.7546875000000001 0.6875 0.7156250000000001 0.6749999999999999 0.6671874999999999 0.6875 0.6625 0.703125 0.6687500000000001 0.7125 0.6796875 0.7374999999999999 0.69375 0.7484375 0.6875 0.75 0.6796875 0.7374999999999999 0.6734375 0.725 0.6749999999999999 0.71875 0.6625 0.7359375 0.65625 0.7578125 0.65625 0.775 0.6484375 0.7953125 0.6484375 0.7999999999999999 0.6531250000000001 0.8015625000000001 0.6625 0.85 0.7125 0.875 0.75 0.8984375 0.7734375 0.9234375 0.7687499999999999 0.9640625 0.7390625000000001 0.9984375 0.725 0.9984375 0.5859375 0.9921875 0.5828125000000001 0.9859375 0.56875 0.9484375 0.5625 0.928125 0.5484375 0.9328125 0.5343749999999999 0.9296875 0.4890625 0.9421875 0.465625 0.94375 0.446875 0.95625 0.425 0.95625 0.40468750000000003 0.9375 0.375 0.8921875 0.328125 0.8609375 0.27968750000000003 0.8375 0.26718749999999997 0.7999999999999999 0.2359375 0.7937500000000001 0.2359375 0.7687499999999999 0.2125 0.734375 0.19999999999999998 0.6421875 0.13749999999999998 0.5859375 0.1125 0.5750000000000001 0.1125 0.56875 0.1234375 0.56875 0.1421875 0.5390625 0.1421875 0.521875 0.11875 0.4921875 0.1015625 0.4734375 0.09999999999999999 0.39375 0.14375000000000002 0.38906250000000003 0.1546875 0.446875 0.2203125 0.4625 0.2609375 0.4921875 0.2921875 0.49375 0.309375 0.4875 0.315625
17 0.6359374999999999 0.27499999999999997 0.6359374999999999 0.19843750000000002 0.6109375 0.16093749999999998 0.5968749999999999 0.15 0.56875 0.14375000000000002 0.5296875 0.15 0.50625 0.16874999999999998 0.48125 0.2015625 0.4796875 0.25 0.4875 0.26875 0.5437500000000001 0.32187499999999997 0.578125 0.3234375 0.59375 0.3171875 0.6359374999999999 0.27499999999999997