17 0.5707864070512821 0.14893920833333335 0.5525461185897436 0.18901125000000002 0.5558988910256409 0.25298595512820515 0.5943287980769231 0.2697476602564103 0.6828537307692307 0.2870132852564103 0.7079012435897436 0.2872652435897436 0.7364849839743589 0.26542685897435897 0.7552976987179487 0.2362773269230769 0.7534986506410256 0.2019494391025641 0.734460516025641 0.137232125 0.7242806153846154 0.1221191858974359 0.7050656602564103 0.11373833333333333 0.6375613653846154 0.10945286217948717 0.6111988173076923 0.11396375320512821 0.5874597051282051 0.13867753205128205 0.5707864070512821 0.14893920833333335
16 0.38065686217948713 0.5813574358974359 0.39026433974358976 0.5855478621794872 0.4214715128205128 0.5839123621794872 0.4641802564102564 0.562898358974359 0.4606639326923077 0.4958029391025641 0.45434735897435896 0.46484108974358973 0.4130420608974359 0.4529240096153846 0.3974384743589744 0.45374175961538465 0.3424921858974359 0.4800910384615385 0.34248555128205127 0.5098196282051283 0.37434028846153844 0.5503955865384615 0.38065686217948713 0.5813574358974359
16 0.655558483974359 0.42300317628205125 0.6517835673076923 0.4106838557692308 0.6105666794871795 0.37059854807692305 0.5931574102564102 0.36681699679487184 0.5620320096153846 0.3700128525641026 0.5736705897435898 0.47266942307692306 0.5851655256410256 0.48301950961538465 0.6148123397435897 0.4814657852564102 0.6461896987179487 0.4532224166666667 0.655558483974359 0.42300317628205125
16 0.29214519871794875 0.5046346314102564 0.2753083557692308 0.5117755897435897 0.25091504166666667 0.5240064999999999 0.23801666346153846 0.5465874935897437 0.23537995833333333 0.5858417852564103 0.24982542628205126 0.6226361955128206 0.26123858653846155 0.631425923076923 0.26993990384615385 0.6481809935897436 0.282749875 0.6537682275641026 0.2999138173076923 0.6528687019230769 0.33350573397435895 0.6370264262820512 0.34754896153846154 0.6362904519230769 0.3730937596153846 0.6161759743589743 0.37786324679487177 0.5877624198717949 0.37499448717948713 0.5628784551282051 0.3608761217948718 0.5323254807692308 0.33131771474358973 0.5057109743589744 0.29214519871794875 0.5046346314102564
16 0.09428021153846154 0.6401758397435897 0.09353760256410257 0.655861201923077 0.11684793589743589 0.7125313974358974 0.12185611217948718 0.7185275064102564 0.14090751602564103 0.723787641025641 0.2158865064102564 0.7214228044871794 0.23978916987179488 0.6998297435897436 0.2408588814102564 0.690385814102564 0.2581930096153846 0.662878419871795 0.2573752596153846 0.6472748333333334 0.2336560512820513 0.582802842948718 0.19555324358974358 0.5722825737179488 0.14258282371794873 0.5766232788461538 0.12171910256410257 0.5964924326923077 0.09428021153846154 0.6401758397435897
17 0.4286169519230769 0.2127171891025641 0.4415904711538462 0.221425141025641 0.461956907051282 0.22192242628205128 0.49702077243589743 0.23416660576923073 0.5532754583333332 0.2327830673076923 0.5588626923076924 0.21997309615384616 0.5569818685897436 0.18408484935897435 0.5801485608974358 0.14844856089743588 0.5790037115384615 0.12660353846153846 0.5657848685897436 0.11321450961538461 0.5215224006410256 0.10458169871794872 0.4733966089743589 0.11179779487179488 0.4277174262820513 0.19555324358974358 0.4286169519230769 0.2127171891025641
17 0.9636564166666667 0.18154766987179488 0.9515006474358975 0.1884433044871795 0.9370419102564103 0.2111060737179487 0.9367081762820513 0.23459323076923078 0.943767358974359 0.24986971474358974 0.9615855032051283 0.2614530608974359 0.9865512435897436 0.2601446634615385 0.9823807211538462 0.1805663717948718 0.9636564166666667 0.18154766987179488
16 0.6549042852564103 0.4105203076923077 0.6593334006410256 0.4353224967948718 0.6642598012820512 0.43975824679487185 0.7154245384615384 0.43081824038461536 0.7303739262820513 0.41751762179487184 0.7282477756410256 0.3769482948717949 0.7229125032051282 0.3647107532051282 0.7115811153846153 0.35748138461538465 0.6499093814102564 0.3450670192307692 0.6312668525641025 0.3476086762820513 0.6239557083333334 0.3573797019230769 0.6254276570512821 0.38546616025641023 0.6549042852564103 0.4105203076923077
17 0 0.18198214423076925 0.018582996794871794 0.1810082532051282 0.016947496794871796 0.14980108012820514 0 0.1470881217948718 0 0.18198214423076925
17 0.05594983012820513 0.17748529487179487 0.05817102243589744 0.1601578012820513 0.052835746794871796 0.1479202564102564 0.03542647756410256 0.14413870512820515 0.021710349358974357 0.15111611217948717 0.023182298076923076 0.1792025673076923 0.05594983012820513 0.17748529487179487
18 0.3082240096153846 0.21433278205128203 0.3020643525641026 0.21622024038461538 0.3119989262820513 0.22665210256410256 0.33449814743589745 0.23799012179487178 0.3607789198717949 0.2319188717948718 0.36028826923076923 0.22255672115384614 0.3538832852564103 0.21976310256410253 0.3082240096153846 0.21433278205128203