16 0.546875 0.875 0.53125 0.8609375 0.44375 0.8328125 0.4265625 0.8328125 0.3875 0.8625 0.38437499999999997 0.8734375 0.3625 0.8984375 0.35625 0.93125 0.36874999999999997 0.9984375 0.53125 0.9984375 0.5546875 0.975 0.5546875 0.8953125 0.546875 0.875
16 0.55625 0.8921875 0.5734374999999999 0.9046875 0.59375 0.8984375 0.6046874999999999 0.88125 0.625 0.8125 0.63125 0.7546875000000001 0.6140625000000001 0.71875 0.5859375 0.7359375 0.5671875000000001 0.7296874999999999 0.509375 0.7296874999999999 0.475 0.7484375 0.4625 0.7687499999999999 0.45625 0.7937500000000001 0.4515625 0.8234375 0.45625 0.83125 0.478125 0.8421875 0.5281250000000001 0.8546875 0.5437500000000001 0.8640625 0.55625 0.8921875
17 0.18437499999999998 0.30312500000000003 0.16093749999999998 0.3 0.14375000000000002 0.31406249999999997 0.14375000000000002 0.33749999999999997 0.15625 0.3546875 0.1875 0.3546875 0.19375 0.3484375 0.1953125 0.32656250000000003 0.18437499999999998 0.30312500000000003
17 0.36093749999999997 0.2859375 0.34218750000000003 0.26875 0.3171875 0.2609375 0.27499999999999997 0.2609375 0.246875 0.2734375 0.2375 0.29375 0.2359375 0.3125 0.234375 0.3546875 0.240625 0.3625 0.340625 0.3671875 0.359375 0.3546875 0.36874999999999997 0.30624999999999997 0.36093749999999997 0.2859375
17 0.81875 0.39218749999999997 0.8234375 0.3859375 0.8296875 0.3625 0.8296875 0.3328125 0.8234375 0.3171875 0.796875 0.2890625 0.7734375 0.27499999999999997 0.728125 0.27499999999999997 0.69375 0.2921875 0.6593749999999999 0.31875000000000003 0.65625 0.34375 0.6609375000000001 0.36874999999999997 0.6749999999999999 0.3859375 0.7734375 0.3875 0.8046875 0.39218749999999997 0.81875 0.39218749999999997
17 0.9875 0.29375 0.9484375 0.28750000000000003 0.884375 0.2859375 0.84375 0.3234375 0.8359375 0.3546875 0.8359375 0.39375 0.859375 0.39999999999999997 0.990625 0.40625 0.9984375 0.403125 0.9984375 0.3015625 0.9875 0.29375
17 0.7171875 0.1953125 0.7062499999999999 0.1890625 0.6625 0.19375 0.65625 0.19999999999999998 0.65625 0.2203125 0.6609375000000001 0.225 0.703125 0.225 0.7171875 0.21875 0.7171875 0.1953125
16 0.65625 0.71875 0.6625 0.7109375 0.6609375000000001 0.69375 0.65625 0.6828124999999999 0.6484375 0.678125 0.6593749999999999 0.6671874999999999 0.6625 0.65 0.6484375 0.6375000000000001 0.625 0.65625 0.5890624999999999 0.6453125000000001 0.5515625000000001 0.6515624999999999 0.525 0.6687500000000001 0.50625 0.7015625 0.50625 0.7296874999999999 0.5421874999999999 0.7296874999999999 0.5796875 0.7374999999999999 0.634375 0.7843749999999999 0.6484375 0.759375 0.65625 0.71875
17 0.2296875 0.29375 0.19999999999999998 0.3 0.1953125 0.309375 0.19999999999999998 0.33125 0.2046875 0.33749999999999997 0.2234375 0.3359375 0.234375 0.3 0.2296875 0.29375
16 0.625 0.5140625 0.6234375 0.5359375000000001 0.6171875 0.5484375 0.6046874999999999 0.55625 0.6 0.5812499999999999 0.671875 0.5859375 0.6796875 0.5921875 0.6796875 0.4875 0.6390625 0.4984375 0.625 0.5140625
16 0.6734375 0.6796875 0.6796875 0.6625 0.6796875 0.59375 0.6734375 0.5890624999999999 0.603125 0.5828125000000001 0.59375 0.5890624999999999 0.5734374999999999 0.6218750000000001 0.56875 0.6421875 0.6140625000000001 0.65625 0.640625 0.65625 0.6531250000000001 0.6625 0.665625 0.6796875 0.6734375 0.6796875
17 0.4984375 0.3015625 0.478125 0.2765625 0.4625 0.2703125 0.4265625 0.26875 0.39375 0.27499999999999997 0.3796875 0.28750000000000003 0.3625 0.33437500000000003 0.36093749999999997 0.35781250000000003 0.375 0.371875 0.40468750000000003 0.36874999999999997 0.4875 0.375 0.5 0.36093749999999997 0.4984375 0.3015625