17 0.7687499999999999 0.25 0.7687499999999999 0.215625 0.7531249999999999 0.15 0.74375 0.134375 0.725 0.125 0.6578125 0.1171875 0.63125 0.1203125 0.6062500000000001 0.14375000000000002 0.5890624999999999 0.15312499999999998 0.56875 0.19218749999999998 0.56875 0.25625000000000003 0.6062500000000001 0.27499999999999997 0.69375 0.296875 0.71875 0.29843749999999997 0.7484375 0.278125 0.7687499999999999 0.25
16 0.4609375 0.5609375 0.4609375 0.49375 0.45625 0.4625 0.415625 0.4484375 0.39999999999999997 0.4484375 0.34375 0.471875 0.34218750000000003 0.5015625 0.371875 0.5437500000000001 0.37656249999999997 0.5750000000000001 0.3859375 0.5796875 0.4171875 0.5796875 0.4609375 0.5609375
16 0.65625 0.41875 0.6171875 0.37656249999999997 0.6 0.371875 0.56875 0.37343750000000003 0.5750000000000001 0.4765625 0.5859375 0.4875 0.615625 0.4875 0.6484375 0.4609375 0.6593749999999999 0.43125 0.65625 0.41875
16 0.2921875 0.6421875 0.32656250000000003 0.6281249999999999 0.340625 0.6281249999999999 0.3671875 0.609375 0.37343750000000003 0.5812499999999999 0.371875 0.55625 0.359375 0.525 0.33125 0.496875 0.2921875 0.49375 0.27499999999999997 0.5 0.25 0.5109374999999999 0.2359375 0.5328125 0.23125 0.571875 0.24375 0.609375 0.2546875 0.61875 0.2625 0.6359374999999999 0.27499999999999997 0.6421875 0.2921875 0.6421875
16 0.2296875 0.6859375 0.23125 0.6765625000000001 0.25 0.65 0.25 0.634375 0.2296875 0.56875 0.19218749999999998 0.55625 0.1390625 0.5578124999999999 0.1171875 0.5765625 0.08750000000000001 0.61875 0.0859375 0.634375 0.10625 0.6921875000000001 0.1109375 0.6984374999999999 0.12968749999999998 0.7046875 0.2046875 0.7062499999999999 0.2296875 0.6859375
17 0.5734374999999999 0.2234375 0.5734374999999999 0.1875 0.5984375000000001 0.15312499999999998 0.5984375000000001 0.13125 0.5859375 0.1171875 0.5421874999999999 0.10625 0.49375 0.1109375 0.44375 0.19218749999999998 0.44375 0.209375 0.45625 0.21875 0.4765625 0.2203125 0.5109374999999999 0.234375 0.5671875000000001 0.2359375 0.5734374999999999 0.2234375
17 0.9796875 0.20625 0.9671875 0.2125 0.9515625 0.234375 0.95 0.2578125 0.95625 0.2734375 0.9734375 0.2859375 0.9984375 0.2859375 0.9984375 0.20625 0.9796875 0.20625
16 0.734375 0.4296875 0.734375 0.38906250000000003 0.7296874999999999 0.37656249999999997 0.71875 0.36874999999999997 0.6578125 0.35312499999999997 0.6390625 0.3546875 0.63125 0.3640625 0.63125 0.39218749999999997 0.6593749999999999 0.41875 0.6625 0.44375 0.6671874999999999 0.4484375 0.71875 0.4421875 0.734375 0.4296875
17 0.0140625 0.1203125 0.0062499999999999995 0.125 0.0062499999999999995 0.15 0.012499999999999999 0.15625 0.035937500000000004 0.15625 0.035937500000000004 0.125 0.0140625 0.1203125
17 0.040625 0.1265625 0.040625 0.1546875 0.0734375 0.1546875 0.07656249999999999 0.13749999999999998 0.07187500000000001 0.125 0.0546875 0.1203125 0.040625 0.1265625
18 0.36874999999999997 0.2125 0.3234375 0.2046875 0.3171875 0.20625 0.32656250000000003 0.2171875 0.3484375 0.2296875 0.375 0.225 0.375 0.215625 0.36874999999999997 0.2125