16 0.8963664262820512 0.31111034935897436 0.8846261666666666 0.32614151282051285 0.883971967948718 0.3386243814102564 0.9068049230769231 0.35077351602564105 0.9212570256410256 0.3437076955128205 0.9356140833333333 0.2787450576923077 0.9423461666666666 0.26971000641025644 0.943491016025641 0.247864983974359 0.9265723974358975 0.2422843846153846 0.909163125 0.2460659358974359 0.9065396923076923 0.26626882371794874 0.9108118942307692 0.2743159423076923 0.8928301987179487 0.28902000320512816 0.8963664262820512 0.31111034935897436
17 0.11173808333333334 0.2058393044871795 0.07757374038461538 0.20091953846153845 0.0646819967948718 0.2080671314102564 0.06296472435897436 0.24083466346153848 0.07298771153846154 0.258571032051282 0.10887595833333333 0.2604518557692308 0.11864698717948717 0.25314071474358973 0.1231578782051282 0.22677816666666667 0.11173808333333334 0.2058393044871795
17 0.5785372788461539 0.2553375224358974 0.5738628365384616 0.28482078525641025 0.5798589455128205 0.28982896153846155 0.6065485929487179 0.28809841987179485 0.6118838685897436 0.275860875 0.6111412596153846 0.2601755128205128 0.6035847916666667 0.2550855608974359 0.5785372788461539 0.2553375224358974
17 0.05688683974358975 0.23738684615384614 0.056634878205128206 0.21233933333333332 0.041930817307692304 0.19435763782051282 0.015404721153846154 0.19296746474358975 0.012297272435897436 0.25226109294871796 0.04350444551282051 0.25389659294871797 0.05688683974358975 0.23738684615384614
7 0.5065419935897436 0.3751713076923077 0.5004773782051283 0.4311806698717949 0.5063917147435897 0.43774920512820514 0.5247005096153846 0.4168037083333333 0.5458029198717949 0.4022631955128205 0.5485081282051282 0.38049994871794873 0.5571276698717949 0.3653052371794872 0.565406842948718 0.29689478205128206 0.5739446121794872 0.28326042948717944 0.5763160833333334 0.23801002564102566 0.5831299423076923 0.2274146153846154 0.5893581089743589 0.16828453846153846 0.597895875 0.1546501858974359 0.6190800608974358 0.1385493141025641 0.6479709967948718 0.0649604967948718 0.6409051794871795 0.05050839423076923 0.6296555673076923 0.05617740384615384 0.6251380416666666 0.05281136217948718 0.6180722243589744 0.03835925961538462 0.619135298076923 0.018074596153846156 0.6116606025641026 0.011424288461538461 0.6119877051282051 0.005182852564102564 0.5932634006410257 0.004201554487179487 0.5881734487179487 0.011758022435897436 0.5803849262820513 0.07080632692307692 0.5591189647435898 0.08846755769230769 0.5515691314102564 0.11310619551282051 0.548046173076923 0.15047302884615382 0.536721423076923 0.18743098717948717 0.5318900673076923 0.2497635576923077 0.5065419935897436 0.3751713076923077
16 0.13966098717948716 0.21043197115384615 0.13161386858974358 0.21470417307692308 0.12956949679487179 0.25371313782051286 0.14139816666666666 0.2668502051282052 0.16611858012820513 0.2728396826923077 0.18385494871794872 0.2628166955128205 0.20036469551282052 0.27619908974358975 0.21900722435897435 0.27874074679487176 0.23001150961538464 0.2777528108974359 0.2416699935897436 0.2642820096153846 0.24445697756410256 0.24095840384615386 0.23295540705128204 0.22157990064102565 0.19862751602564102 0.21978085256410254 0.18433896474358974 0.22372595512820512 0.1677474423076923 0.21190391987179488 0.13966098717948716 0.21043197115384615
16 0.7826304294871794 0.33174865064102566 0.7451818237179487 0.3297860512820513 0.7268663942307693 0.32100296153846153 0.6970560288461538 0.32256995512820513 0.6617402051282051 0.3097666185897436 0.6380895 0.3132210705128205 0.6282366987179487 0.32209257371794875 0.627173625 0.34237723717948715 0.6376872596153846 0.35075145512820516 0.635063826923077 0.370954342948718 0.645495689102564 0.3808889198717949 0.7047893173076923 0.3839963653846154 0.7134906346153846 0.36724129487179485 0.7249037948717949 0.3584515673076923 0.7341023974358974 0.3620629358974359 0.7366506891025641 0.3731489967948718 0.7543936955128205 0.3928545993589743 0.7650708814102564 0.39810809935897434 0.7746783557692307 0.3939176730769231 0.7846880737179487 0.35219686217948715 0.7826304294871794 0.33174865064102566
7 0.6662718493589743 1 0.6790567532051281 0.9944236955128206 0.6861159391025641 0.9791472115384615 0.6909539294871795 0.9465432275641026 0.7037572628205129 0.9112274038461539 0.7129359615384616 0.8256530032051282 0.7231092275641026 0.7808114775641025 0.7263802243589743 0.7183971314102564 0.7448459326923077 0.664602326923077 0.7445873365384615 0.6098262243589744 0.7517282980769231 0.5929893814102564 0.76704675 0.4201166698717949 0.7486495448717948 0.41289393589743595 0.7322215737179487 0.3979511826923077 0.7197387051282051 0.397296983974359 0.705204826923077 0.4059231602564103 0.6382729551282051 0.3992861217948718 0.6260354102564103 0.3939508461538462 0.6124010576923077 0.38541308012820513 0.6128099326923077 0.3776112852564103 0.6245501923076923 0.36258012500000003 0.6218383493589743 0.35461478205128205 0.49613003846153847 0.4544225 0.41730099038461543 0.4956659294871795 0.40556073076923077 0.5106970897435897 0.39801089743589746 0.5353357307692307 0.3587632435897436 0.5677010224358974 0.3531075032051282 0.6159085897435898 0.3299540833333333 0.6397294775641026 0.32051679166666663 0.6705277756410256 0.30220799679487176 0.6914732724358975 0.2863657211538461 0.7250651891025641 0.2406379391025641 0.791513048076923 0.22923141346153847 0.8300313621794871 0.22283969871794873 0.8922821602564104 0.2403373782051282 0.9166688397435897 0.41872218589743593 0.9760862083333334 0.4790855224358974 0.9886375801282051 0.486723766025641 0.992167173076923 0.48795702564102567 0.9984903846153846 0.5167622243589743 1 0.5667652628205128 1 0.5678624166666667 0.9964194711538462 0.5983816025641026 1 0.6662718493589743 1
16 0.23131327243589744 0.22305848397435896 0.20174823397435898 0.21994440064102563 0.18885649038461538 0.22709199679487183 0.18730276602564103 0.2567388108974359 0.19740752884615384 0.2729148205128205 0.22845115064102564 0.27767103846153846 0.24191532051282053 0.2596009326923077 0.24404810256410256 0.2487601987179487 0.23131327243589744 0.22305848397435896
16 0.6380209967948718 0.37423860897435896 0.651737125 0.3812160192307692 0.6863103397435898 0.3783339903846154 0.6960747307692308 0.3412942564102564 0.6923749551282051 0.32232462820512825 0.6770984679487179 0.31526544551282054 0.6522145032051282 0.3123966891025641 0.641210217948718 0.3133846217948718 0.629715282051282 0.32373470833333334 0.6275824999999999 0.3345754423076923 0.6391658461538462 0.35239358653846153 0.6380209967948718 0.37423860897435896
16 0.7312270064102565 0.35721830769230767 0.7382110480769231 0.3732307692307692 0.7454404166666666 0.38456215384615383 0.7590747692307692 0.3930999230769231 0.773118 0.3938358974358974 0.7801771826923076 0.37855941025641027 0.785424048076923 0.3381536346153846 0.7825486570512821 0.3333090096153846 0.7576646923076923 0.3304402532051282 0.7451818237179487 0.3297860512820513 0.7386132884615385 0.3357003878205128 0.7319629807692307 0.34317508012820513 0.7312270064102565 0.35721830769230767
7 0.06607166025641026 0 0.09839101923076922 0.012688567307692307 0.1743579423076923 0.0260576891025641 0.20499269230769232 0.03861569871794872 0.2346395064102564 0.040169423076923075 0.2978782371794872 0.05756542307692308 0.33836578525641026 0.06125192948717949 0.4429982243589743 0.09489908012820512 0.45170617628205123 0.10787259935897435 0.44974358012820514 0.14532120833333334 0.43268131410256405 0.23204709294871792 0.4280135064102564 0.29125894551282056 0.43244925961538466 0.2961853461538462 0.4792600192307692 0.298638592948718 0.481304391025641 0.25962962820512825 0.4670025705128205 0.20411755128205128 0.4823342916666667 0.09070201923076923 0.47362633974358975 0.07772849999999999 0.46959282692307686 0.035271717948717946 0.4621181346153846 0.02862140705128205 0.41235020512820514 0.022883894230769232 0.36011576282051283 0.004499958333333333 0.3113527596153846 0 0.06607166025641026 0