16 0.4950610384615385 1 0.5659431185897436 0.9950434423076923 0.5876886089743589 0.9700281153846154 0.582129891025641 0.8905347307692307 0.5729194935897436 0.8708166826923076 0.5563516025641027 0.8578783846153846 0.46710284935897434 0.8359255865384616 0.44995721794871796 0.8371245256410257 0.413060766025641 0.8694645705128204 0.4107063397435897 0.8805934166666666 0.39062853846153844 0.9070584423076923 0.3866826474358974 0.9402269903846153 0.4021846185897436 1 0.4950610384615385 1
16 0.5830460256410256 0.7244412307692308 0.5253743525641026 0.7284740256410256 0.49239102243589744 0.7495762307692307 0.4813384006410257 0.7707112051282051 0.47684753846153843 0.7960862852564102 0.4742423493589744 0.8260284519230768 0.4794634038461538 0.8334949358974358 0.5020480801282051 0.8428798717948718 0.5527982371794872 0.8518615993589744 0.5690391442307692 0.8601238173076923 0.5834705961538461 0.8873083493589744 0.6014881826923076 0.8985789615384615 0.6213152243589743 0.8909272564102565 0.6310271410256411 0.8730186634615384 0.6464944038461539 0.8030192051282051 0.6486963846153846 0.7449115576923077 0.6290438782051282 0.7102605384615385 0.6021863301282051 0.7293680705128205 0.5830460256410256 0.7244412307692308
17 0.17141054166666667 0.3256214647435897 0.14781214423076924 0.3241389935897436 0.13164746153846155 0.3393661794871795 0.13328238141025642 0.36274658653846154 0.1469508685897436 0.3790202628205128 0.1781247467948718 0.3768403717948718 0.18392354487179488 0.37016961858974357 0.1839563141025641 0.3482389102564103 0.17141054166666667 0.3256214647435897
17 0.23166531089743592 0.38092802884615384 0.3317486987179487 0.3786284615384615 0.34958106730769234 0.36485097756410256 0.35555440064102567 0.3158775032051282 0.3463440032051282 0.29615945512820513 0.3264407371794872 0.2803217564102564 0.30095666346153843 0.2742721987179487 0.25887193269230774 0.27721505128205126 0.23168739743589745 0.2916465032051282 0.22375216346153848 0.3125634903846154 0.22350140384615386 0.3313768108974359 0.2248855608974359 0.3735705384615384 0.23166531089743592 0.38092802884615384
17 0.678781766025641 0.27917840384615383 0.6463434102564103 0.3080740769230769 0.6449699326923076 0.3332311666666667 0.6513899262820513 0.35784328525641024 0.6666171121794873 0.374007967948718 0.7649238173076923 0.3687000096153846 0.7964246762820513 0.37119619871794873 0.8104529198717949 0.37021525 0.8146930256410256 0.3636534903846154 0.8192928814102565 0.33983710576923076 0.8172219871794872 0.3102219230769231 0.809897266025641 0.2950709615384615 0.7814375705128206 0.2688673814102564 0.7570762147435897 0.25647405448717947 0.711874092948718 0.2596348942307692 0.678781766025641 0.27917840384615383
17 0.990465673076923 0.3685917403846154 0.9833810320512821 0.267276641025641 0.9719252019230769 0.2602461346153846 0.9325218782051282 0.25673622115384614 0.868506435897436 0.2596463012820513 0.830596266025641 0.2998888108974359 0.8249826858974358 0.3316076570512821 0.827707548076923 0.3705750032051282 0.8515239326923078 0.3751748621794872 0.9828901923076924 0.37225409935897436 0.990465673076923 0.3685917403846154
17 0.695404516025641 0.18090446794871795 0.6840576826923077 0.17543265384615386 0.6407412371794872 0.18316058333333332 0.6349424423076924 0.18983133653846154 0.6363593685897436 0.2100943557692308 0.6413624326923076 0.21444345512820512 0.6834471666666666 0.21150060256410255 0.6970394326923077 0.20428487820512822 0.695404516025641 0.18090446794871795
16 0.6355949551282051 0.6471498237179487 0.5989820352564103 0.6387458397435898 0.5620093621794872 0.647596483974359 0.5367105064102564 0.6665950224358974 0.5202950641025641 0.7006355256410257 0.5222569647435897 0.728692016025641 0.558106923076923 0.726185141025641 0.5960605480769231 0.7313627435897436 0.6538846666666667 0.77430875 0.666169 0.7483886987179488 0.6711286121794872 0.7073176858974359 0.6768184134615385 0.6990882403846154 0.6740607820512821 0.6820516025641025 0.6686217371794871 0.6714677275641026 0.6605012852564103 0.6673366185897436 0.6706491794871795 0.6556628012820512 0.6725676282051283 0.6382991794871795 0.6576674294871795 0.6268105801282051 0.6355949551282051 0.6471498237179487
17 0.1867794903846154 0.32141413141025643 0.182757375 0.33109327884615386 0.1889593814102564 0.3525880096153846 0.1940714391025641 0.3584958012820513 0.21266677243589746 0.35562917307692304 0.2210707532051282 0.3190162532051282 0.21595869551282051 0.31310846153846156 0.1867794903846154 0.32141413141025643
16 0.6386147564102564 0.4887407980769231 0.6256764551282051 0.5053086858974358 0.6256436858974359 0.5272393942307693 0.6202808653846154 0.5401449230769231 0.6083562884615384 0.5488103461538462 0.6054241185897435 0.5740764326923077 0.6774510192307692 0.573738766025641 0.6856804647435898 0.5794285705128205 0.6783778333333333 0.4749960833333334 0.6386147564102564 0.4887407980769231
16 0.6246840993589744 0.6479127852564103 0.6511818942307692 0.6460598782051282 0.6640874230769231 0.6514226987179488 0.6777559134615385 0.667696375 0.6855493814102563 0.6671514006410256 0.690585217948718 0.6495697916666666 0.6857894583333333 0.5809872628205128 0.6792277019230769 0.5767471602564103 0.6086505 0.5754171378205128 0.5997343141025642 0.5823058782051281 0.5817601794871795 0.6164553782051282 0.5785010256410257 0.6370453814102565 0.6246840993589744 0.6479127852564103
17 0.3663669455128205 0.38090666666666667 0.3957641378205128 0.37571838141025643 0.478810891025641 0.3761764487179487 0.4902994903846154 0.36127625 0.4845990064102564 0.3021548782051282 0.4625920737179487 0.2786327051282051 0.44656915705128203 0.273487875 0.4106102051282052 0.2744360544871795 0.37831361217948717 0.2829597147435897 0.36515732371794873 0.29641021474358975 0.3512815256410256 0.344369967948718 0.35135774999999997 0.3678593717948718 0.3663669455128205 0.38090666666666667