13 0.38627855769230773 0.2519469326923077 0.4189224423076923 0.24200070512820515 0.4171147564102564 0.22796761538461538 0.394943125 0.2111645032051282 0.39480677884615384 0.2033531955128205 0.380637342948718 0.1973495705128205 0.3713728461538462 0.20376223397435897 0.3697015096153846 0.19754045512820512 0.363507 0.2007740576923077 0.37457917948717945 0.20839448076923076 0.3765777532051282 0.23336340384615384 0.3719727756410256 0.238132 0.18296633974358975 0.24299385576923077 0.16690740705128204 0.21827035897435898 0.1558624967948718 0.21221219551282053 0.1324285673076923 0.2126212371794872 0.14358255448717946 0.22492844871794873 0.15191198397435896 0.25447508012820513 0.1677254903846154 0.26513821794871795 0.3269944070512821 0.2576699551282052 0.3409729583333333 0.2527377467948718 0.38627855769230773 0.2519469326923077
16 0.2660618301282051 0.6166005416666667 0.3149009935897436 0.6391891217948719 0.34458397115384615 0.6386710032051283 0.3507239423076923 0.6323128782051283 0.36407529807692307 0.591448641025641 0.38690930128205125 0.5566698365384616 0.3847471121794872 0.5223273397435897 0.3359624871794872 0.5028632852564103 0.3109662948717949 0.5032995961538461 0.29232822756410254 0.509875875 0.27536150000000004 0.5226739358974358 0.2615465673076923 0.5369797179487179 0.2660618301282051 0.6166005416666667
17 0.777187108974359 0.08572432051282051 0.7750442820512821 0.14202029487179488 0.8016572756410257 0.1446812371794872 0.810785423076923 0.13045726282051281 0.8144905128205128 0.07413402243589744 0.8034455993589743 0.06807585897435899 0.7800389391025642 0.07004716346153846 0.777187108974359 0.08572432051282051
17 0.5952513525641026 0.40613583974358974 0.602462733974359 0.37162972756410256 0.6017537307692308 0.3310109134615385 0.5953683365384616 0.32330868269230767 0.584405233974359 0.3219373044871795 0.5641230961538461 0.3238540705128205 0.5548586025641026 0.33026673397435896 0.5457031826923077 0.3429284455128205 0.5475654102564103 0.3600860608974359 0.5811364551282051 0.4032567403846154 0.5952513525641026 0.40613583974358974
16 0.8042435096153847 0.6509632115384616 0.7780395576923077 0.6717361955128205 0.7720086634615385 0.6843433717948718 0.7683853846153846 0.7453533974358975 0.7814015993589744 0.7748182211538461 0.8100677019230769 0.8055726121794872 0.8319666410256411 0.8067531025641025 0.8524669326923077 0.8173344358974359 0.8727763397435897 0.8169799326923077 0.9100524711538461 0.8038273717948717 0.9301437243589743 0.7909747724358974 0.9446755673076924 0.7282115993589744 0.9282075961538462 0.6800541698717948 0.9122577435897435 0.6615797211538461 0.8650626506410256 0.6436506570512821 0.8384769262820513 0.6425519743589744 0.8042435096153847 0.6509632115384616
16 0.6717511987179487 0.6704659903846153 0.6712251762820513 0.7298592179487179 0.6812259423076923 0.7656276282051282 0.703315766025641 0.777743951923077 0.7298469519230769 0.7757181121794872 0.7436891538461539 0.7629745897435897 0.7588754647435898 0.7377057051282051 0.7600832243589744 0.7173690288461538 0.7720359326923077 0.6859056314102564 0.7714905448717949 0.654660391025641 0.7617624711538462 0.6345146025641026 0.7239136794871794 0.6148596602564103 0.6815962596153846 0.607784625 0.6769640128205128 0.6109909551282051 0.6717511987179487 0.6704659903846153
17 0.7132900769230769 0.18529214423076923 0.6678481314102565 0.17827164423076924 0.6230879198717949 0.2103076987179487 0.600199375 0.24196198076923076 0.6012628814102564 0.3028901987179487 0.6092105384615385 0.3105651602564103 0.6110182275641025 0.32459825 0.6412738621794872 0.3568876346153846 0.6632000673076923 0.3596303878205128 0.6789863044871794 0.36873126602564105 0.713410608974359 0.3712558621794872 0.7457545320512821 0.34412475000000003 0.777880298076923 0.30449554487179487 0.7758271891025641 0.27640209615384614 0.7801594711538461 0.2560108814102564 0.7687873269230769 0.23120557692307692 0.7496311442307693 0.2080988782051282 0.7132900769230769 0.18529214423076923
17 0.8197886794871795 0.2881366506410256 0.8041660608974359 0.28840934294871795 0.7966001730769231 0.3026060480769231 0.7846201955128205 0.3325071826923077 0.7906783589743589 0.3214622724358974 0.7986805544871795 0.3322617596153846 0.814166826923077 0.3241777532051282 0.8217054455128204 0.3084187884615385 0.8197886794871795 0.2881366506410256
16 1 0.6975538846153846 0.9769649519230769 0.6979559647435897 0.9614514102564103 0.7044777051282052 0.9477728237179488 0.7265947980769231 0.9419055448717949 0.7485755448717948 0.9362018846153847 0.7799298621794872 0.9381186506410256 0.800212 0.9860227467948718 0.8587598750000001 1 0.8642994679487179 1 0.6975538846153846
16 0.7856614871794871 0 0.7850881346153846 0.0011985576923076923 0.7853880993589744 0.0183834391025641 0.7902112307692308 0.026112939102564105 0.7826726153846154 0.041871907051282055 0.7829998461538461 0.06061905128205128 0.7971965512820512 0.0681849358974359 0.8112569102564102 0.06793951282051282 0.8187955256410256 0.05218054487179487 0.818359217948718 0.02718435256410256 0.8273782884615384 0.0067113301282051285 0.8272611410256411 0 0.7856614871794871 0
16 0.3773642051282051 0.6365360833333333 0.3958659262820513 0.6221484935897436 0.41455853205128207 0.6186967371794871 0.4499724391025641 0.5883865641025641 0.4575383237179487 0.5741898589743589 0.4572656314102564 0.5585672371794872 0.46790149999999997 0.5411914711538461 0.44899074038461545 0.5321451314102564 0.41160552884615387 0.5390486442307693 0.37465662820512824 0.5709483493589743 0.36404802884615384 0.5898863782051281 0.3647843012820513 0.6320674551282052 0.3773642051282051 0.6365360833333333
16 0.24324009294871793 0.20443606089743588 0.22939788782051282 0.21717958333333334 0.2042108108974359 0.20668005769230768 0.18242095192307692 0.21174861538461537 0.17633551923076923 0.221231266025641 0.1765809423076923 0.23529162500000003 0.18458313782051283 0.24609111217948718 0.22051516666666665 0.2454639166666667 0.22668240705128206 0.24066805128205127 0.37509729807692305 0.23807746153846154 0.37962046794871795 0.22862208012820512 0.37457917948717945 0.20839448076923076 0.35717614102564105 0.19619634935897437 0.34007306730769227 0.20118309935897435 0.29627519230769234 0.1988221185897436 0.2762112115384615 0.21323697756410256 0.26667402243589744 0.20402702243589743 0.24324009294871793 0.20443606089743588