17 0.10478721153846153 0.33846978846153847 0.13287366987179486 0.3399417371794872 0.1472439967948718 0.33443627884615384 0.15882070512820512 0.32252583333333334 0.16735183974358975 0.279162891025641 0.1503448076923077 0.2454140608974359 0.12094331730769231 0.23917925961538464 0.08809401282051282 0.23902234615384615 0.06896746794871794 0.2755714294871795 0.06667113461538461 0.2895328814102564 0.07201304487179487 0.3070239262820513 0.10478721153846153 0.33846978846153847
17 0.2373093846153846 0.22806666025641023 0.27007691346153845 0.2297839326923077 0.288467483974359 0.20727807692307693 0.2893670064102564 0.19011413461538462 0.27835608653846156 0.16137347756410256 0.24410997115384617 0.15801407051282051 0.2280157371794872 0.16655847435897436 0.22136542628205128 0.17403316666666666 0.21989347756410255 0.20211962179487178 0.22695929807692308 0.21657172435897437 0.2373093846153846 0.22806666025641023
16 0.2654688237179487 0.5565530897435897 0.25233175320512824 0.5683817596153846 0.24807945833333334 0.6495204102564102 0.25218810897435895 0.6606882467948718 0.26557713782051284 0.6739070897435898 0.32717373397435895 0.6927816730769231 0.3919595544871795 0.6508022692307692 0.3993458365384615 0.6292843493589744 0.39835126923076924 0.5885514743589744 0.39013396474358975 0.5662158012820513 0.36664017628205126 0.5368209487179487 0.35292404807692307 0.5298435384615384 0.3107943653846154 0.5276356153846153 0.2917429615384615 0.53289575 0.26579592307692307 0.550311657051282 0.2654688237179487 0.5565530897435897
16 0.10860857371794871 0.5342505961538462 0.08135313782051282 0.5766322371794872 0.07800036538461538 0.6406069423076923 0.09664952884615384 0.6728771891025641 0.13105919551282053 0.6731158782051282 0.14321496474358975 0.6800115128205128 0.18222392948717947 0.6820558878205129 0.21375820192307693 0.6774499519230769 0.23379090384615386 0.6534655128205128 0.24166783974358977 0.6225854391025641 0.24428463782051282 0.5726539615384615 0.23746414102564103 0.5535207820512821 0.22119972115384615 0.5354573141025641 0.1904014230769231 0.5260200224358974 0.12946566025641026 0.524391157051282 0.10860857371794871 0.5342505961538462
16 1 0.2629913782051282 0.9819275576923078 0.2608318685897436 0.9612340192307692 0.26757058653846155 0.949732451923077 0.24819208333333334 0.9247667115384616 0.2468836858974359 0.907030342948718 0.2569066698717949 0.9008773173076923 0.2847478012820513 0.9126242115384614 0.2994452307692308 0.9500728205128206 0.30140782692307694 0.9662554647435897 0.32103165705128206 0.9943419230769232 0.3225036057692308 1 0.31856014743589744 1 0.2629913782051282
17 0.06686663141025641 0 0.06612077243589744 0.03133773076923077 0.0735136891025641 0.039548397435897435 0.09207444551282051 0.04365041346153846 0.1084140064102564 0.030424935897435897 0.1021659358974359 0.0003692467948717949 0.10226552884615385 0 0.06686663141025641 0
16 0.42891751282051277 0.6621270192307692 0.4487115256410256 0.6725522467948718 0.4705565448717948 0.6736970929487179 0.48943776282051277 0.6418290865384615 0.5078968365384615 0.5583056955128205 0.5073995544871794 0.5379392564102564 0.47504089743589745 0.528420189102564 0.4546744583333333 0.5289174743589744 0.40302570833333334 0.5590682083333334 0.4003205 0.5808314551282051 0.40517839743589745 0.6374132403846153 0.42891751282051277 0.6621270192307692
16 0.4247645705128205 0.0845556282051282 0.439959282051282 0.09317517307692308 0.46976964743589744 0.09160817948717949 0.4710780448717949 0.06664243910256411 0.4667240705128205 0.06015567948717948 0.44175833012820515 0.05884728205128205 0.418925375 0.04669814743589744 0.4031582403846154 0.04900111538461538 0.39962864743589743 0.05663935897435897 0.3974140897435897 0.06904045192307692 0.4015227403846154 0.08020828846153846 0.4247645705128205 0.0845556282051282
17 0.9052246602564102 0.26150597115384616 0.9061241826923077 0.24434202564102564 0.898894814102564 0.23301064102564104 0.8583254903846154 0.23088449358974358 0.851593407051282 0.2399195448717949 0.8488064230769231 0.2632431506410256 0.8558722435897437 0.27769525320512817 0.8837133717948717 0.2838482788461539 0.8966051153846154 0.2767006826923077 0.9052246602564102 0.26150597115384616
17 0.8446159967948719 0.2536356730769231 0.8496241730769231 0.2476395641025641 0.8509325705128206 0.2226738269230769 0.8464968205128205 0.21774742628205127 0.8074060801282051 0.21726341025641027 0.8024796794871795 0.22169916025641023 0.8015801538461539 0.23886310576923078 0.8074944903846154 0.24543164102564105 0.8287670865384615 0.257499 0.8446159967948719 0.2536356730769231
7 0.5043340705128205 0.41730099038461543 0.5224041762820513 0.43076516025641026 0.5271802948717949 0.48890730448717945 0.5232418301282051 0.5043473397435897 0.5103500865384616 0.5114949358974359 0.5178314134615385 0.5478738333333333 0.5073244134615384 0.5692282051282052 0.5007625128205128 0.6048711282051282 0.4940304294871795 0.6139061826923077 0.4892742147435898 0.6449498044871794 0.48385716346153845 0.6587477083333333 0.4706383205128205 0.6721367371794872 0.4697387948717949 0.6893006794871795 0.4598042179487179 0.6997325416666667 0.4507758012820513 0.7227290480769231 0.39272870192307696 0.7854019871794872 0.3997945224358974 0.7998540897435897 0.4136741987179487 0.8037107820512821 0.4265659423076923 0.7965631891025641 0.44848610576923076 0.7664190897435897 0.4910180288461538 0.7310966282051282 0.5462847788461539 0.7214758846153846 0.572810875 0.7228660576923077 0.5999160320512821 0.7430623108974359 0.6566680032051282 0.7648122852564102 0.6732595256410256 0.7766343205128206 0.6919020544871796 0.7791759775641025 0.6973191025641026 0.7653780769230769 0.6759580961538462 0.725142483974359 0.66601025 0.6761171666666667 0.6787384455128205 0.6720902916666667 0.6940149326923076 0.6791494743589743 0.7028046602564103 0.6905626346153847 0.7270344230769231 0.7059142628205128 0.738284032051282 0.7002452532051282 0.740253266025641 0.692525233974359 0.7280974967948718 0.6856295993589744 0.7155328525641026 0.6865357596153847 0.7099456185897436 0.6737257884615385 0.7274366634615385 0.6683838782051282 0.7492816826923077 0.6695287275641026 0.7668545032051282 0.6626264583333333 0.7871391666666667 0.663689532051282 0.7915749166666667 0.6686159358974358 0.792644625 0.6780598621794872 0.8383989455128205 0.7305263621794872 0.8614020865384615 0.7692833685897436 0.8835808429487181 0.7939153717948718 0.9087919038461538 0.7905426955128204 0.9509149551282052 0.7630220288461539 0.9859788173076922 0.7507778493589744 0.9932567884615384 0.6119059294871795 0.9871789038461538 0.6084581121794872 0.9816734423076923 0.5940877852564103 0.9445519358974358 0.5858837499999999 0.9250032467948719 0.5707774487179487 0.9304202980769231 0.5569795448717948 0.9296710512820513 0.5115655961538461 0.9433805448717948 0.48881441666666664 0.9459222051282051 0.4701718878205128 0.959549923076923 0.44898106410256405 0.9606129967948718 0.4286964038461538 0.9434424166666667 0.39806828846153847 0.9006452628205128 0.3488860576923077 0.8719731121794871 0.2988794391025641 0.8492219326923077 0.2851699455128205 0.8134088237179488 0.2520001762820513 0.8071673878205129 0.25167307692307694 0.7834282756410256 0.22695929807692308 0.7497545833333333 0.2126773782051282 0.6609644198717949 0.1454383108974359 0.6060999102564103 0.1175286762820513 0.5951773974358974 0.11695625320512819 0.5883635384615384 0.12755166346153846 0.5873822403846154 0.14627596794871797 0.5577354262820513 0.1447222435897436 0.5417981057692308 0.12041733974358976 0.5130508141025641 0.10169966987179488 0.49440828525641023 0.09915801282051283 0.41254029487179483 0.13867753205128205 0.40728679487179487 0.14935471794871796 0.46158551923076924 0.21791545512820512 0.4750629583333333 0.25930252884615385 0.5030742724358974 0.2920634262820513 0.5037351057692308 0.3093091442307692 0.4971665737179487 0.3152234807692308 0.49676433333333336 0.3527538621794872 0.5011183076923077 0.35924062179487176 0.5231268814102564 0.35726475320512824 0.537503842948718 0.3814878814102564 0.5336659358974359 0.3875453237179487 0.5090902884615385 0.3862573685897436 0.5036732371794872 0.40005527243589745 0.5043340705128205 0.41730099038461543
17 0.49279932692307693 0.24927954166666666 0.4996198205128205 0.2684127211538462 0.5530123846153846 0.3244088108974359 0.5872585 0.32776821794871797 0.603189185897436 0.32234453525641027 0.6475267916666666 0.2824227724358974 0.6515337628205129 0.20596519871794874 0.628530625 0.16720819230769232 0.6150598205128205 0.15554970833333334 0.5873004647435897 0.14783632371794872 0.5479643974358974 0.15203338782051284 0.5235777211538462 0.1695310673076923 0.4968947083333333 0.2009901987179487 0.49279932692307693 0.24927954166666666