17 0.40306585256410254 0.5920722884615385 0.373382875 0.5915541698717949 0.36072116346153843 0.6007095865384615 0.34781402564102565 0.6239253621794872 0.347623141025641 0.6348611987179488 0.37371801602564103 0.6618832307692307 0.4081695865384615 0.6577963717948718 0.4267258461538462 0.669059439102564 0.45799835576923076 0.6680425641025641 0.4675900833333333 0.6557080833333333 0.49740940705128206 0.648414891025641 0.5101529294871795 0.6345726891025641 0.5092178621794872 0.5986133942307692 0.4891266121794872 0.5857607948717949 0.470379467948718 0.5854335608974359 0.41693532692307694 0.603253548076923 0.40306585256410254 0.5920722884615385
16 0.8037684743589744 0.5553099134615385 0.8164847243589743 0.5430299743589744 0.8167574198717948 0.5274073525641025 0.8013256858974359 0.516198826923077 0.7809617403846154 0.5189688461538462 0.7529228301282052 0.5137912115384615 0.7402883878205129 0.5213843685897436 0.738371625 0.5416665032051282 0.7429220641025641 0.5495596217948718 0.7693169006410256 0.5593967756410256 0.8037684743589744 0.5553099134615385
7 1 0.26494040384615386 0.9932420384615386 0.2648224423076923 0.9663018108974359 0.28623053205128207 0.9379356698717948 0.29980003846153847 0.931359391025641 0.31843810576923076 0.9312503141025641 0.3246871538461538 0.965183766025641 0.35028327243589746 0.9697069358974358 0.35973865384615383 0.9551011923076924 0.39073847115384613 0.9487316089743589 0.5765931121794872 0.8999276217948718 0.6866956346153846 0.9005627243589743 0.7398398108974359 0.9082376891025641 0.7477874679487179 0.9911193846153845 0.7445459615384615 0.9952892243589744 0.6847143076923077 0.9906751666666666 0.6804659487179487 0.995580108974359 0.6680496602564102 0.978340685897436 0.6708742211538462 0.9539716923076923 0.6345058846153846 0.9526275833333333 0.6219805192307692 0.9803313525641025 0.5568290929487179 0.9835104166666667 0.553759108974359 0.9973526185897436 0.5665026282051282 1 0.41483422115384616 1 0.26494040384615386
10 0.4354564070512821 0.5270026730769231 0.4346304198717949 0.48479432692307695 0.42550227243589744 0.47057035256410257 0.4381094455128205 0.4645394615384615 0.5272674583333333 0.459844766025641 0.5367228397435897 0.45532159615384615 0.5400109775641025 0.44600256410256417 0.533925548076923 0.43651991346153846 0.5058048301282051 0.4360290641025641 0.4656223269230769 0.4103238685897436 0.3921960128205128 0.4090422083333333 0.33277551602564104 0.41113049358974363 0.2868699935897436 0.4447094487179487 0.288050483974359 0.4666083846153846 0.3662181217948718 0.4648473301282051 0.3770448782051282 0.47128726282051286 0.3768812628205128 0.48066083653846153 0.3690426826923077 0.48208675 0.3782253717948718 0.49318620192307694 0.36553638782051284 0.5039038814102563 0.3778708685897436 0.513495608974359 0.3535370480769231 0.5646412147435897 0.3627470032051282 0.5741784038461538 0.38459140384615387 0.576122435897436 0.3853549455128205 0.5323790993589744 0.4245751121794872 0.5236872628205128 0.4354564070512821 0.5270026730769231
7 0.2237171378205128 0.39203675641025637 0.19732230128205128 0.3821996057692308 0.13009049679487178 0.38415154487179487 0.10840971153846155 0.3728339391025641 0.09267801602564103 0.37881029487179485 0.06156912179487179 0.37045359615384615 0.002175894230769231 0.3709796217948718 0.001303275641025641 0.4209720064102564 0.06373921794871795 0.42518730448717945 0.21070092628205125 0.4215015801282051 0.2167942628205128 0.5200604326923077 0.2511640288461538 0.520660358974359 0.24992899999999998 0.5018859455128205 0.2348244967948718 0.47193027564102563 0.23410758653846153 0.4234728814102564 0.2237171378205128 0.39203675641025637
11 0.6295314006410256 0.5100746698717948 0.645099483974359 0.5134718878205128 0.7435219903846154 0.515189858974359 0.7498255769230769 0.5121744102564103 0.7795085544871795 0.5126925288461539 0.796802516025641 0.5067434455128206 0.8375304038461538 0.5012034006410256 0.7953765993589743 0.4989048653846154 0.757773233974359 0.5044994487179487 0.6921309583333334 0.5049163974358974 0.6312300096153846 0.5022906282051282 0.6280509487179488 0.5053606121794871 0.6295314006410256 0.5100746698717948
17 0.681522358974359 0.48597836538461536 0.6643647435897436 0.48411614102564104 0.6533471025641026 0.48861204166666666 0.6515666858974358 0.5010828685897436 0.654663939102564 0.5026996698717949 0.7515514551282051 0.502828108974359 0.7547577884615385 0.49819586217948714 0.7533046025641026 0.49191954487179484 0.7502346185897436 0.48874048076923077 0.7409155833333333 0.48545233974358976 0.7283629487179487 0.48835871153846155 0.7190439166666667 0.4850705705128205 0.709670342948718 0.48490695192307687 0.7033667564102564 0.4879224006410256 0.6909231987179487 0.4845797211538462 0.6831118878205128 0.484443375 0.681522358974359 0.48597836538461536
17 0.07597252564102563 0.5301042852564103 0.0761088717948718 0.5222929743589744 0.07155843269230769 0.5143998557692308 0.0669261858974359 0.5111935256410256 0.04974130448717949 0.5108935608974359 0.04341044871794872 0.5154712692307692 0.04028592307692307 0.5154167307692308 0.03875093269230769 0.5138271987179487 0.018441525641025643 0.5134726987179488 0.01052113782051282 0.5195853974358975 0.008904336538461538 0.5226826538461539 0.008740721153846153 0.5320562243589744 0.011756166666666667 0.5383598141025642 0.01945840064102564 0.5447452083333334 0.033518756410256416 0.5449906314102565 0.03510828846153846 0.5434556378205128 0.0382328141025641 0.5435101794871795 0.03982234615384615 0.5419751858974359 0.04607139423076923 0.5420842628205128 0.04766092307692308 0.5405492692307693 0.050758179487179485 0.5421660705128205 0.06484580769230769 0.5408492339743589 0.07114939423076923 0.5378337884615385 0.07597252564102563 0.5301042852564103
16 0.10132322115384615 0.510231189102564 0.09510144230769231 0.5085598493589744 0.08260334615384615 0.5083416955128205 0.0810138141025641 0.5098766858974358 0.0747374967948718 0.5113298717948718 0.07312069551282051 0.514427125 0.07764386538461539 0.5238825064102565 0.07589071794871795 0.5347910705128205 0.08052296474358975 0.5379974038461538 0.09302106089743589 0.5382155576923077 0.09932464743589743 0.5352001121794873 0.12275858012820513 0.5356091538461538 0.12434810897435898 0.5340741602564102 0.1274726346153846 0.5341286987179488 0.13065169871794874 0.5310587147435897 0.13092439102564102 0.515436092948718 0.1248116891025641 0.5075157051282051 0.10762680769230769 0.5072157435897436 0.10132322115384615 0.510231189102564
16 0.47527650000000005 0.4839410705128205 0.4755764647435897 0.4667561858974359 0.47404147115384615 0.4651666570512821 0.4693546858974359 0.4650848493589743 0.46480424679487176 0.4571917307692308 0.4695728397435897 0.45258675 0.4711351025641026 0.45261402243589743 0.47116237179487175 0.45105175961538463 0.4743414358974359 0.4479817724358974 0.4744505128205128 0.4417327243589743 0.46976372756410256 0.44165091666666667 0.46973645833333333 0.4432131794871795 0.46655739423076925 0.4462831634615385 0.4650224006410256 0.44469363461538464 0.46033561538461537 0.44461182371794866 0.4587460833333334 0.44614681730769234 0.45863700641025634 0.4523958653846154 0.46324198397435895 0.4571644615384615 0.4632147147435897 0.45872672115384616 0.4520879967948718 0.4694716698717949 0.45510344230769234 0.4757752564102564 0.45324121794871797 0.4929328717948718 0.4547489391025641 0.49608466346153846 0.45938118589743593 0.4992909967948718 0.4687547596153846 0.49945461217948717 0.4703442916666667 0.4979196185897436 0.47346881410256414 0.49797415705128206 0.47664787820512816 0.4949041730769231 0.47681149358974356 0.4855306025641025 0.47527650000000005 0.4839410705128205
16 0.47664787820512816 0.4949041730769231 0.47681149358974356 0.4855306025641025 0.47527650000000005 0.4839410705128205 0.4755764647435897 0.4667561858974359 0.4693546858974359 0.4650848493589743 0.46480424679487176 0.4571917307692308 0.4743414358974359 0.4479817724358974 0.47280644230769237 0.4463922435897436 0.4728609807692307 0.443267717948718 0.4744505128205128 0.4417327243589743 0.47132599038461537 0.4416781858974359 0.46655739423076925 0.4462831634615385 0.4650224006410256 0.44469363461538464 0.46033561538461537 0.44461182371794866 0.4587460833333334 0.44614681730769234 0.4586097371794872 0.45395812820512826 0.4632147147435897 0.45872672115384616 0.4600629230769231 0.4602344455128205 0.46003565384615386 0.4617967083333333 0.4520879967948718 0.4694716698717949 0.45510344230769234 0.4757752564102564 0.45324121794871797 0.4929328717948718 0.4562839326923077 0.4976741955128205 0.4594084583333334 0.497728733974359 0.46094344871794873 0.499318266025641 0.4671924967948718 0.4994273429487179 0.4687820288461539 0.49789234935897436 0.47346881410256414 0.49797415705128206 0.47664787820512816 0.4949041730769231
17 0.27840421794871795 0.4820673878205128 0.2768146858974359 0.48360238141025635 0.26119206410256407 0.48332968910256413 0.25488847756410254 0.4863451346153846 0.2532716762820513 0.48944238782051286 0.2531625993589744 0.4956914358974359 0.25469759294871797 0.4972809679487179 0.25615077884615384 0.5035572852564102 0.28270923076923077 0.5040208653846154 0.2842987628205128 0.5024858717948718 0.28898554807692306 0.5025676826923077 0.29213734294871796 0.5010599583333333 0.29375414423076923 0.4979627019230769 0.2938904903846154 0.4901513942307692 0.2923554967948718 0.48856186217948716 0.29241003525641024 0.4854373365384615 0.28621552564102565 0.48220373717948717 0.27840421794871795 0.4820673878205128