16 0.9234375 0.25625000000000003 0.9296875 0.246875 0.9296875 0.225 0.9125 0.2203125 0.8953125 0.225 0.89375 0.2453125 0.8984375 0.253125 0.88125 0.26875 0.8859375 0.29062499999999997 0.875 0.30624999999999997 0.875 0.31875000000000003 0.8984375 0.32968749999999997 0.9125 0.32187499999999997 0.9234375 0.25625000000000003
17 0.096875 0.2265625 0.0625 0.2234375 0.049999999999999996 0.23125 0.049999999999999996 0.26406250000000003 0.0609375 0.28125 0.096875 0.28125 0.10625 0.2734375 0.109375 0.246875 0.096875 0.2265625
17 0.5906250000000001 0.25 0.5656249999999999 0.25156249999999997 0.5625 0.28125 0.56875 0.2859375 0.5953125 0.28281249999999997 0.6 0.2703125 0.5984375000000001 0.2546875 0.5906250000000001 0.25
17 0 0.278125 0.03125 0.278125 0.043750000000000004 0.2609375 0.042187499999999996 0.2359375 0.0265625 0.21875 0 0.21875 0 0.278125
7 0.5671875000000001 0 0.5625 0.0078125 0.5578124999999999 0.0671875 0.5375 0.0859375 0.53125 0.1109375 0.5296875 0.1484375 0.5203125000000001 0.1859375 0.5187499999999999 0.2484375 0.5 0.375 0.496875 0.43125 0.5031249999999999 0.4375 0.5203125000000001 0.415625 0.540625 0.39999999999999997 0.5421874999999999 0.378125 0.5499999999999999 0.3625 0.5546875 0.29375 0.5625 0.27968750000000003 0.5625 0.234375 0.56875 0.2234375 0.571875 0.1640625 0.5796875 0.15 0.6 0.1328125 0.625 0.0578125 0.6171875 0.043750000000000004 0.6062500000000001 0.049999999999999996 0.6015625 0.046875 0.59375 0.0328125 0.59375 0.012499999999999999 0.5859375 0.0062499999999999995 0.5859375 0 0.5671875000000001 0
16 0.2078125 0.29375 0.21875 0.2921875 0.2296875 0.278125 0.23125 0.2546875 0.21875 0.2359375 0.18437499999999998 0.2359375 0.1703125 0.240625 0.15312499999999998 0.2296875 0.125 0.2296875 0.1171875 0.234375 0.1171875 0.2734375 0.12968749999999998 0.2859375 0.1546875 0.29062499999999997 0.171875 0.27968750000000003 0.1890625 0.2921875 0.2078125 0.29375
16 0.7062499999999999 0.35625 0.7171875 0.346875 0.7265625 0.35000000000000003 0.7296874999999999 0.36093749999999997 0.7484375 0.3796875 0.759375 0.38437499999999997 0.7687499999999999 0.3796875 0.7765624999999999 0.33749999999999997 0.7734375 0.3171875 0.7359375 0.3171875 0.7171875 0.309375 0.6875 0.3125 0.6515624999999999 0.3015625 0.6281249999999999 0.30624999999999997 0.61875 0.315625 0.61875 0.3359375 0.6296875000000001 0.34375 0.6281249999999999 0.3640625 0.6390625 0.37343750000000003 0.6984374999999999 0.37343750000000003 0.7062499999999999 0.35625
7 0.5140625 0.9984375 0.5921875 0.9984375 0.59375 0.9921875 0.6906249999999999 0.9984375 0.6921875000000001 0.990625 0.7046875 0.984375 0.7109375 0.96875 0.7140624999999999 0.9359375 0.725 0.9 0.7296874999999999 0.8140625 0.7374999999999999 0.7687499999999999 0.7374999999999999 0.7062499999999999 0.7531249999999999 0.6515624999999999 0.75 0.5968749999999999 0.75625 0.5796875 0.7625000000000001 0.40625 0.74375 0.39999999999999997 0.7265625 0.3859375 0.7140624999999999 0.3859375 0.7000000000000001 0.3953125 0.6328125 0.39218749999999997 0.6203124999999999 0.3875 0.6062500000000001 0.3796875 0.6062500000000001 0.371875 0.6171875 0.35625 0.6140625000000001 0.3484375 0.49375 0.4546875 0.4171875 0.5 0.40625 0.515625 0.39999999999999997 0.540625 0.3625 0.5750000000000001 0.359375 0.6234375 0.33749999999999997 0.6484375 0.32968749999999997 0.6796875 0.3125 0.7015625 0.29843749999999997 0.7359375 0.25625000000000003 0.8046875 0.246875 0.84375 0.24375 0.90625 0.2625 0.9296875 0.44375 0.9796875 0.5046875000000001 0.9890625 0.5125000000000001 0.9921875 0.5140625 0.9984375
16 0.2171875 0.2375 0.1875 0.2359375 0.17500000000000002 0.24375 0.17500000000000002 0.2734375 0.1859375 0.2890625 0.2171875 0.2921875 0.2296875 0.2734375 0.23125 0.2625 0.2171875 0.2375
16 0.6875 0.33125 0.6828124999999999 0.3125 0.6671874999999999 0.30624999999999997 0.6421875 0.3046875 0.63125 0.30624999999999997 0.6203124999999999 0.3171875 0.61875 0.328125 0.63125 0.34531249999999997 0.63125 0.3671875 0.6453125000000001 0.37343750000000003 0.6796875 0.36874999999999997 0.6875 0.33125
16 0.7671875 0.3796875 0.7734375 0.3640625 0.7765624999999999 0.3234375 0.7734375 0.31875000000000003 0.7484375 0.3171875 0.7359375 0.3171875 0.7296874999999999 0.3234375 0.7234375000000001 0.33125 0.7234375000000001 0.34531249999999997 0.7312500000000001 0.36093749999999997 0.7390625000000001 0.371875 0.7531249999999999 0.3796875 0.7671875 0.3796875
7 0 0 0 0.01875 0.0265625 0.01875 0.0734375 0.034374999999999996 0.15 0.043750000000000004 0.18125 0.0546875 0.2109375 0.0546875 0.27499999999999997 0.06874999999999999 0.315625 0.0703125 0.421875 0.0984375 0.43125 0.1109375 0.43125 0.1484375 0.41875 0.2359375 0.4171875 0.29531250000000003 0.421875 0.3 0.46875 0.3 0.46875 0.2609375 0.4515625 0.20625 0.4609375 0.09218749999999999 0.4515625 0.07968750000000001 0.4453125 0.0375 0.4375 0.03125 0.3875 0.028125 0.33437500000000003 0.012499999999999999 0.13749999999999998 0.0046875 0.13593750000000002 0 0 0