7 1 0.027105910256410255 0.9942755737179487 0.025217711538461536 0.9924698878205128 0.02981701282051282 0.968982733974359 0.030150746794871796 0.9561727660256409 0.035737983974358976 0.9062412884615384 0.033121185897435894 0.8790676282051282 0.07394247115384615 0.8624960128205128 0.15130620192307692 0.848622967948718 0.17717809935897436 0.8356494487179487 0.1858860512820513 0.8233367660256411 0.21183972435897433 0.822110141025641 0.23524510576923077 0.8639945 0.24213410256410256 0.8737655256410256 0.23482296153846155 0.9083873429487179 0.08173762820512821 0.921197310897436 0.07615039423076923 0.9782763814102565 0.09165893589743589 1 0.09279742307692307 1 0.027105910256410255
16 0.37776156730769234 0.3246121730769231 0.3825310512820513 0.35302572756410255 0.38852716025641026 0.3580339038461538 0.426221092948718 0.35531542628205126 0.44568800641025635 0.37198208653846154 0.4627701762820513 0.374441967948718 0.4848605224358975 0.3709057403846154 0.49980327564102567 0.35447777243589745 0.503326233974359 0.3171109391025641 0.49010075320512825 0.3007713782051282 0.43556997756410254 0.2963488974358975 0.42193562179487176 0.2878111282051282 0.38292665705128204 0.2857667564102564 0.37776156730769234 0.3246121730769231
17 0.24045000641025643 0.31741597756410256 0.2530013782051282 0.257052641025641 0.23632808333333336 0.24679096474358972 0.21760377884615387 0.24580966346153849 0.19830705128205128 0.255750875 0.19321710256410254 0.26330734615384616 0.19158160256410256 0.29451451602564105 0.1972506121794872 0.3057641282051282 0.20924283333333335 0.3157804775641026 0.24045000641025643 0.31741597756410256
16 0.2819254903846154 0.3321067692307692 0.301794641025641 0.3112430480769231 0.30835654166666665 0.27560012500000003 0.2980064551282051 0.2641051891025641 0.2809242852564102 0.2616453076923077 0.26376033974358976 0.260745782051282 0.25554967307692306 0.2681387019230769 0.24865403846153847 0.28029447115384615 0.24734563782051283 0.30526020833333334 0.2647615448717949 0.3312072467948718 0.2819254903846154 0.3321067692307692
17 0.4877646121794872 0.13636129487179488 0.4897272083333334 0.0989126858974359 0.4764199551282051 0.08413348397435898 0.45925600961538465 0.08323396153846153 0.4586018108974359 0.09571683012820513 0.471336641025641 0.12141854166666666 0.46854965705128204 0.14474214743589744 0.4761879006410257 0.1482717403846154 0.4877646121794872 0.13636129487179488
17 0.31521899999999997 0.11480140705128204 0.3033903301282051 0.10166433974358974 0.2628210064102564 0.09953819230769231 0.2500928108974359 0.1035650673076923 0.23022366025641025 0.12442878846153846 0.2290788108974359 0.14627381089743588 0.2358993044871795 0.16540699038461537 0.24772797435897437 0.1785440576923077 0.26324978525641024 0.18092216666666666 0.2676037628205128 0.18740892628205127 0.2754873301282051 0.1862574423076923 0.2792622467948718 0.1739381217948718 0.30882728525641023 0.17705220512820513 0.3236882628205128 0.16218459294871795 0.3273814038461539 0.15142563141025642 0.3286898044871795 0.12645989423076923 0.32449937820512825 0.11685241666666667 0.3293440032051282 0.11397702564102563 0.31521899999999997 0.11480140705128204
17 0.6163682211538462 0.13058397115384615 0.6104538846153846 0.1240154358974359 0.5947685224358974 0.12475804487179487 0.5879546634615385 0.13535345512820512 0.588779048076923 0.14947845833333334 0.594775157051282 0.15448663461538462 0.6103787435897435 0.15530438461538462 0.6154686955128205 0.14774791666666667 0.6163682211538462 0.13058397115384615
7 0.20405783653846152 0.2654401282051282 0.19839546153846152 0.2839191057692308 0.2021770128205128 0.3013283782051282 0.22172570192307695 0.3164346794871795 0.24357072115384618 0.3175795288461538 0.2600804679487179 0.3309619198717949 0.2694426185897436 0.3314525705128205 0.27043055448717945 0.3424568557692308 0.2621381121794872 0.3514101346153846 0.26304426923076923 0.36397477884615387 0.26904038141025644 0.3689829519230769 0.34245901282051283 0.371266016025641 0.36849445833333333 0.38201834294871795 0.3849224294871795 0.39696109294871795 0.39272422435897436 0.39736996794871793 0.3991292083333333 0.39457635256410256 0.40643371474358975 0.37461878846153845 0.4194890096153846 0.3643504775641026 0.43804976282051283 0.3684524935897436 0.4485634006410257 0.37682671153846153 0.4641669871794872 0.37764446153846154 0.48839011538461535 0.3632675 0.501690733974359 0.3483181121794872 0.503489782051282 0.31399022115384617 0.4979025480769231 0.3011802532051282 0.44386241987179487 0.2873956185897436 0.42406840705128207 0.2769703942307692 0.4294655512820513 0.17398672115384614 0.43463727564102567 0.16486989423076923 0.44752902243589743 0.15772230128205128 0.4599301153846154 0.15993685897435897 0.4837443685897436 0.1533616891025641 0.4940060448717949 0.13668839423076923 0.4900543076923077 0.0926712532051282 0.482661391025641 0.08446058653846154 0.47198420512820516 0.07920708333333334 0.4484152756410256 0.08110117628205128 0.43773808974358974 0.07584767628205127 0.4096516346153846 0.07437572756410257 0.3968416634615385 0.07996296474358974 0.3512641634615385 0.08383292628205129 0.2999358782051282 0.07801363461538462 0.26815628205128206 0.08730064743589742 0.23884320192307693 0.10923407692307692 0.2238186762820513 0.12722240705128204 0.22702780128205127 0.1555541891025641 0.2234164358974359 0.16475278846153846 0.2042832564102564 0.17157328525641025 0.17775716025641025 0.17018310897435898 0.18515007692307692 0.17839377884615384 0.1830990705128205 0.18767415384615385 0.18868630448717946 0.20048412499999999 0.19632454807692307 0.20401371474358973 0.2123436442307692 0.2267582628205128 0.2245811891025641 0.23209353525641027 0.2254055737179487 0.24621853846153846 0.21908236217948718 0.24745179807692308 0.20405783653846152 0.2654401282051282
16 0.6073066282051283 0.004937528846153846 0.5997634294871795 0.05930475641025641 0.6105223910256411 0.06299789743589744 0.6202934166666666 0.05568675641025641 0.6280952083333334 0.05609562820512821 0.6296489326923077 0.0264488141025641 0.6347388846153846 0.018892346153846155 0.6307120064102565 0.006164153846153846 0.6073066282051283 0.004937528846153846
16 0.8438601185897436 0.17849313461538463 0.8536311442307692 0.17118199038461537 0.8557639262820512 0.1603412564102564 0.8512464006410257 0.15697521153846156 0.841638923076923 0.16116563782051282 0.8394243653846153 0.17356673397435898 0.8438601185897436 0.17849313461538463
17 0.616777092948718 0.12278217628205128 0.6271139102564103 0.07481993269230769 0.619639217948718 0.068169625 0.6024752724358974 0.06727009935897436 0.5975488717948718 0.07170585256410257 0.5965742083333334 0.12015874358974359 0.616777092948718 0.12278217628205128
16 0.12864343269230769 0.15196272435897437 0.15985060576923077 0.15359822435897436 0.16198338782051283 0.14275749038461538 0.15475401923076923 0.13142610256410256 0.1297065064102564 0.1316780641025641 0.12453478205128206 0.14079489102564105 0.12864343269230769 0.15196272435897437
13 0.13012201602564102 0.15360485897435897 0.10449544230769231 0.1350507403846154 0.09817223397435897 0.13628400000000002 0.09488796794871796 0.13924116666666667 0.11074351282051283 0.1651064294871795 0.1574724967948718 0.16912003525641026 0.16716175 0.16336925 0.16444990705128207 0.15540390705128204 0.13012201602564102 0.15360485897435897
22 0.26481014423076926 0.18100394230769232 0.26399239423076926 0.19660752884615385 0.2889581346153846 0.1979159262820513 0.30817308653846154 0.18953507371794873 0.3166290801282051 0.17746108012820513 0.31728327884615387 0.16497821153846154 0.2964261923076923 0.17483764743589744 0.26481014423076926 0.18100394230769232