17 0.006142221153846154 0.5913949134615384 0.005787721153846154 0.6117043205128204 0.027250346153846153 0.6355200224358974 0.1271533076923077 0.6419520480769231 0.13981502243589744 0.6327966314102564 0.17747292628205127 0.6240775224358974 0.1901891762820513 0.6117975833333333 0.1937227435897436 0.5884181923076923 0.19103452884615385 0.5633674615384615 0.17395872435897436 0.5568184487179487 0.14115122115384615 0.5562457916666667 0.10346604807692308 0.5665271602564103 0.03012153846153846 0.5605587147435898 0.012636695512820512 0.5774436314102563 0.006142221153846154 0.5913949134615384
16 0.49396910576923075 0.48739282692307695 0.4439494519230769 0.48808246794871796 0.439180858974359 0.4926874455128205 0.43890816346153844 0.5083100673076922 0.4480363108974359 0.5225340416666666 0.4980286987179487 0.5234066602564102 0.509182685897436 0.5110994519230769 0.5047958621794871 0.4938327596153846 0.49396910576923075 0.48739282692307695
11 0.39945893589743586 0.4779294551282051 0.40739991025641026 0.47806806410256414 0.40085829166666664 0.48576757051282055 0.4089820544871795 0.4859093717948718 0.415340891025641 0.47820667628205127 0.42328342948717945 0.47834531410256415 0.4171058141025641 0.4860511730769231 0.44241446153846153 0.4864929358974359 0.44710792307692304 0.47876116987179484 0.4674106538461538 0.48692924679487176 0.5317088205128204 0.47398693269230774 0.4676560769230769 0.4728688878205128 0.4550489038461538 0.47889978205128203 0.34421010897435894 0.47227686858974355 0.33787924999999996 0.4768545769230769 0.33311065705128207 0.48145955448717953 0.3439919519230769 0.4847749647435897 0.3521157147435897 0.484916766025641 0.35975091987179486 0.47723634935897435 0.3602394775641026 0.48505856730769226 0.3676918974358974 0.4773749583333334 0.3683632403846154 0.48520036858974364 0.3756344358974359 0.47751359615384614 0.3764870032051282 0.4853421698717949 0.38461076602564104 0.48548396794871795 0.38357541666666667 0.47765220833333333 0.391516391025641 0.47779081730769235 0.39273452884615384 0.4856257692307692 0.39945893589743586 0.4779294551282051
17 0.44909981730769233 0.4616058205128205 0.361585875 0.4616409967948718 0.3629027147435897 0.475728625 0.4489089326923077 0.47254165705128204 0.45211526602564106 0.46790940705128203 0.44909981730769233 0.4616058205128205
10 0.028804701923076922 0.5464710865384615 0.04766092307692308 0.5405492692307693 0.06045898397435897 0.5235825448717949 0.08559152243589743 0.5162075448717949 0.10590092948717948 0.5165620448717949 0.11960678525641026 0.537116875 0.13514759615384614 0.5420763557692307 0.13539302243589743 0.5280159967948718 0.11390312500000001 0.5057625576923077 0.11984430128205127 0.4339803141025641 0.14177050961538462 0.4312375608974359 0.16972760897435896 0.4411019807692308 0.1887474487179487 0.4258065929487179 0.21999268910256412 0.42635198076923075 0.23262713141025643 0.41875882692307687 0.2328998269230769 0.40313620512820514 0.19085509935897435 0.3945886217948718 0.15840209615384615 0.37370656089743587 0.12559459615384613 0.37313390384615386 0.11786509294871796 0.3683107692307692 0.013193538461538461 0.36648372115384614 0.0022304326923076926 0.36785509615384615 0.0012760064102564103 0.42253426923076925 0.019914070512820514 0.42911054807692306 0.04178574038461538 0.4294923205128205 0.04784390384615385 0.4405372307692308 0.03784313461538461 0.47630564102564105 0.034036875 0.5153076538461538 0.018087022435897434 0.5337821025641026 0.01795067628205128 0.5415934134615384 0.028804701923076922 0.5464710865384615
7 0.7004252115384616 0.3878558237179487 0.7131414615384616 0.37557588141025644 0.7834432532051282 0.3768030032051282 0.7901013429487179 0.35347815064102567 0.7828354198717948 0.3220965641025641 0.764579125 0.2936486153846154 0.7646609326923076 0.2889618269230769 0.7772135673076923 0.28605545833333335 0.7647154711538462 0.2858373044871795 0.7417996602564103 0.25574528525641027 0.704332641025641 0.2535285576923077 0.6869841410256411 0.2626021666666667 0.6729237852564103 0.26235674038461543 0.6559570576923077 0.2495586826923077 0.6481457467948718 0.24942233653846152 0.6039115608974359 0.2767795096153846 0.60347525 0.30177570192307696 0.6263365256410257 0.33499224358974355 0.6146371474358974 0.37854469551282055 0.6120192852564103 0.5285218493589744 0.5712174935897435 0.6278248846153845 0.5687280737179488 0.6809145256410256 0.5732239743589743 0.6919321666666667 0.6499384294871795 0.6838947948717949 0.6902572788461538 0.7017886794871795 0.7215297884615384 0.7007718076923077 0.7224296794871794 0.6492171602564103 0.7167260192307692 0.617862842948718 0.7090783237179488 0.6083529230769231 0.709569173076923 0.5802322051282051 0.7159545673076924 0.5725299743589743 0.7161727243589743 0.5600318782051282 0.6993150737179488 0.5409847692307692 0.6950645993589744 0.5159067692307692 0.7004252115384616 0.3878558237179487
16 0.8003360801282051 0.4833640544871795 0.8082291987179487 0.47881361538461537 0.8060863717948719 0.4225176442307692 0.8015086634615385 0.4161867852564103 0.7920260128205128 0.42227221794871794 0.7913442788461539 0.4613287692307692 0.8003360801282051 0.4833640544871795
17 0.7953959615384616 0.40826639743589743 0.8064954134615384 0.3990837115384615 0.8070680705128205 0.3662762115384615 0.8024903621794872 0.35994535256410254 0.7931167884615384 0.3597817371794872 0.7898286474358974 0.36910076923076923 0.7953959615384616 0.40826639743589743
16 0.15424133653846153 0.43301797756410254 0.1494727435897436 0.43762295512820515 0.148954625 0.4673059326923077 0.16772903846153847 0.4660709038461538 0.16972760897435896 0.4411019807692308 0.15424133653846153 0.43301797756410254
16 0.05826161858974359 0.47041109615384613 0.051821685897435896 0.48123785256410256 0.056235775641025644 0.4969422820512821 0.06550027243589743 0.5033549455128205 0.09364825641025641 0.5022835320512821 0.10630997115384616 0.49312811538461543 0.1050749391025641 0.4743537019230769 0.05826161858974359 0.47041109615384613
16 0.7324498076923077 0.522810282051282 0.7292162083333333 0.5290047916666667 0.7492529198717949 0.5449819134615385 0.7536670128205127 0.5606863429487179 0.7662741858974359 0.5546554487179487 0.7665468782051281 0.5390328301282051 0.7558564711538462 0.5247815865384615 0.7324498076923077 0.522810282051282