17 0.19218749999999998 0.6171875 0.1953125 0.59375 0.19218749999999998 0.56875 0.17500000000000002 0.5625 0.1421875 0.5625 0.1046875 0.5734374999999999 0.03125 0.56875 0.0140625 0.5859375 0.0078125 0.6 0.0078125 0.6203124999999999 0.0296875 0.6437499999999999 0.12968749999999998 0.6484375 0.1421875 0.6390625 0.1796875 0.6296875000000001 0.19218749999999998 0.6171875
16 0.49375 0.4875 0.44375 0.4890625 0.4390625 0.49375 0.4390625 0.509375 0.4484375 0.5234375 0.4984375 0.5234375 0.509375 0.5109374999999999 0.5046875000000001 0.49375 0.49375 0.4875
11 0.3673171858974359 0.4796875 0.36812500000000004 0.4875 0.3752609358974359 0.4796875 0.37625000000000003 0.4875 0.38437499999999997 0.4875 0.38320312500000003 0.4796875 0.39114531089743587 0.4796875 0.39249999999999996 0.4875 0.3990890641025641 0.4796875 0.40703125 0.4796875 0.400625 0.4875 0.40875 0.4875 0.41497343910256407 0.4796875 0.42291718589743593 0.4796875 0.416875 0.4875 0.4421875 0.4875 0.44674531089743585 0.4796875 0.4671875 0.4875 0.53125 0.4734375 0.4671875 0.4734375 0.4546875 0.4796875 0.34375 0.475 0.33749999999999997 0.4796875 0.3328125 0.484375 0.34375 0.4875 0.351875 0.4875 0.359375 0.4796875 0.36 0.4875 0.3673171858974359 0.4796875
17 0.3625 0.478125 0.4484375 0.4734375 0.4515625 0.46875 0.4484375 0.4625 0.36093749999999997 0.4640625 0.3625 0.478125
10 0 0.43125 0.01875 0.4375 0.040625 0.4375 0.046875 0.4484375 0.0375 0.484375 0.034374999999999996 0.5234375 0.01875 0.5421874999999999 0.01875 0.5499999999999999 0.0296875 0.5546875 0.0484375 0.5484375 0.0609375 0.53125 0.0859375 0.5234375 0.10625 0.5234375 0.1203125 0.5437500000000001 0.13593750000000002 0.5484375 0.13593750000000002 0.5343749999999999 0.1140625 0.5125000000000001 0.11875 0.440625 0.140625 0.4375 0.16874999999999998 0.446875 0.1875 0.43125 0.21875 0.43125 0.23125 0.4234375 0.23125 0.40781249999999997 0.1890625 0.39999999999999997 0.15625 0.3796875 0.1234375 0.3796875 0.115625 0.375 0.010937500000000001 0.375 0 0.37656249999999997 0 0.43125
7 0.725 0.6453125000000001 0.71875 0.6140625000000001 0.7109375 0.6046874999999999 0.7109375 0.5765625 0.7171875 0.56875 0.7171875 0.55625 0.7000000000000001 0.5375 0.6953125 0.5125000000000001 0.6984374999999999 0.38437499999999997 0.7109375 0.371875 0.78125 0.371875 0.7875 0.3484375 0.7796875 0.3171875 0.7609374999999999 0.2890625 0.7609374999999999 0.284375 0.7734375 0.28125 0.7609374999999999 0.28125 0.7374999999999999 0.25156249999999997 0.7000000000000001 0.25 0.6828124999999999 0.25937499999999997 0.6687500000000001 0.25937499999999997 0.6515624999999999 0.246875 0.6437499999999999 0.246875 0.6 0.27499999999999997 0.6 0.3 0.6234375 0.3328125 0.6124999999999999 0.37656249999999997 0.6124999999999999 0.5265624999999999 0.5734374999999999 0.6265625 0.571875 0.6796875 0.5765625 0.6906249999999999 0.6531250000000001 0.68125 0.69375 0.6984374999999999 0.725 0.696875 0.725 0.6453125000000001
16 0.790625 0.4171875 0.790625 0.45625 0.7999999999999999 0.478125 0.8078124999999999 0.4734375 0.8046875 0.4171875 0.7999999999999999 0.4109375 0.790625 0.4171875
17 0.790625 0.3546875 0.7875 0.3640625 0.7937500000000001 0.403125 0.8046875 0.39375 0.8046875 0.36093749999999997 0.7999999999999999 0.3546875 0.790625 0.3546875
16 0.1484375 0.4734375 0.16718750000000002 0.471875 0.16874999999999998 0.446875 0.15312499999999998 0.4390625 0.1484375 0.44375 0.1484375 0.4734375
16 0.1046875 0.48125 0.0578125 0.478125 0.0515625 0.4890625 0.05625 0.5046875000000001 0.065625 0.5109374999999999 0.09375 0.509375 0.10625 0.5 0.1046875 0.48125
16 0.75625 0.5203125000000001 0.7328125 0.5187499999999999 0.7296874999999999 0.525 0.75 0.540625 0.7546875000000001 0.55625 0.7671875 0.5499999999999999 0.7671875 0.5343749999999999 0.75625 0.5203125000000001