7 0.8637264423076922 0 0.8404918012820514 0.04252582692307692 0.8307259391025641 0.12103947756410256 0.8191605705128205 0.14802204166666666 0.8069953685897436 0.15782757371794873 0.7969915480769231 0.18475560576923078 0.7978095064102564 0.20817883012820515 0.8401348974358975 0.21139115064102562 0.8492315352564103 0.20325622756410255 0.8703793365384616 0.0477359391025641 0.8826535993589744 0.041053503205128204 0.940867125 0.051528262820512816 0.9830289262820512 0.050055939102564104 0.9812809358974359 0 0.8637264423076922 0
16 0.36294066346153847 0.3359333557692308 0.37016840384615385 0.3638231025641026 0.37657818910256413 0.368289625 0.4138917532051282 0.36229625 0.4347371858974359 0.3772028333333334 0.4519687435897436 0.37816454807692307 0.47366682692307693 0.3727164775641026 0.4871209262820513 0.3550486730769231 0.4873737435897436 0.3175169871794872 0.4727745064102565 0.30239227884615383 0.4180657884615384 0.30273929807692307 0.40373920192307694 0.2954223301282051 0.36470050000000004 0.2967855929487179 0.36294066346153847 0.3359333557692308
17 0.22552442628205127 0.3407320384615385 0.23276702564102564 0.27950447756410257 0.2152628141025641 0.2707350224358975 0.19652423397435898 0.2713893878205128 0.1781673717948718 0.28297458974358974 0.1737553782051282 0.2909459230769231 0.17484598717948718 0.3221768878205128 0.18147389423076923 0.33288960256410255 0.19429346153846153 0.34182264743589746 0.22552442628205127 0.3407320384615385
16 0.26812246794871797 0.3517520993589744 0.2860976217948718 0.3292360608974359 0.2895280641025641 0.29315686217948717 0.2782155128205128 0.2826077371794872 0.2609839551282051 0.28164602564102564 0.2438069230769231 0.282245858974359 0.23627183653846154 0.29032625320512817 0.23046188782051283 0.3030367596153846 0.231334375 0.3280215320512821 0.2509454391025641 0.3523519358974359 0.26812246794871797 0.3517520993589744
17 0.45611796794871795 0.1388114358974359 0.45480923717948724 0.10133427884615386 0.4402645288461539 0.08777111858974358 0.4230875 0.08837095512820513 0.4235237435897436 0.10086333974358974 0.43845016666666664 0.12535733653846154 0.4377065737179487 0.14883508974358975 0.445623375 0.15168553205128205 0.45611796794871795 0.1388114358974359
17 0.28234987820512825 0.1323719294871795 0.26942125 0.12031578846153845 0.22882099679487178 0.12173358012820512 0.21649220192307694 0.12685446794871796 0.19851705128205127 0.14937050961538462 0.19928047756410255 0.1712321826923077 0.20774258333333334 0.18969810897435896 0.22067121474358972 0.20175425 0.23634122756410256 0.2027704935897436 0.24124399358974358 0.20885309615384615 0.24899720192307692 0.20701889423076922 0.2516840544871795 0.19441744871794872 0.281408 0.19494291666666666 0.29491663141025637 0.17883666346153845 0.2976580128205128 0.1677967628205128 0.2967855256410256 0.14281199358974359 0.2917736987179487 0.13360629487179487 0.2963492820512821 0.13031960897435896 0.28234987820512825 0.1323719294871795
17 0.5837286762820513 0.12184755128205128 0.5772643621794872 0.11581948076923076 0.5617034102564102 0.11792633333333334 0.5558389294871795 0.12907529166666665 0.5578912532051282 0.1430746955128205 0.5643010352564103 0.14754121794871794 0.5799165192307693 0.14699591346153845 0.5843285096153846 0.13902458012820512 0.5837286762820513 0.12184755128205128
7 0.1847407467948718 0.2921257564102564 0.18071046794871795 0.3110279262820513 0.1859949455128205 0.32804136538461537 0.20678584615384615 0.3413864038461538 0.22864752243589742 0.34062297756410254 0.24626079487179484 0.3525155256410256 0.2556300833333333 0.3521883429487179 0.25757334615384614 0.36306465064102567 0.25009278846153843 0.37270659294871794 0.2520905801282051 0.3851444455128205 0.2585003621794872 0.38961097115384613 0.33183859615384614 0.38548649038461535 0.35871209935897436 0.3939287596153846 0.3763799038461539 0.407382858974359 0.38418764423076923 0.40711020833333333 0.39032477564102563 0.4037689903846154 0.3958620705128205 0.3832507403846154 0.4079727435897436 0.3718836602564103 0.4268203814102564 0.374352391025641 0.43802387179487173 0.3817784198717949 0.4536393525641026 0.3812331121794872 0.47651727243589737 0.3647996762820513 0.4884643525641026 0.34874794871794873 0.48726468269230766 0.314393891025641 0.4805822467948718 0.302119625 0.4255463461538462 0.2930973557692308 0.4049190384615384 0.28443696153846154 0.40132002564102565 0.18137478205128205 0.40567749038461537 0.17184190384615386 0.4178972211538462 0.1635979198717949 0.43044413782051283 0.16472322435897435 0.4535947083333333 0.15609752564102564 0.4623641602564103 0.13859331410256412 0.4545911153846154 0.09508808653846154 0.4465107243589743 0.08755299679487179 0.4354162948717949 0.08325006730769231 0.41210213141025637 0.08719111858974359 0.4010077051282051 0.08288818910256411 0.37289983653846154 0.08386973717948717 0.36062557371794873 0.09055217307692308 0.3155587980769231 0.09837975 0.26391864743589744 0.09705615705128205 0.23306939743589744 0.10907760576923077 0.20577948717948716 0.13348237500000001 0.19237991987179487 0.15271172756410256 0.1980461121794872 0.18065600320512823 0.19525019871794871 0.19013435256410255 0.17678427243589742 0.19859645833333334 0.15023795512820515 0.19952347756410257 0.15831834935897435 0.2070585641025641 0.15708398397435896 0.2164823846153846 0.16376641987179488 0.22875664743589744 0.17168322115384616 0.23160709294871795 0.1896236762820513 0.2528689326923077 0.20227965384615385 0.2571173333333333 0.20433197756410257 0.27111673717948714 0.1981403141025641 0.2728964070512821 0.1847407467948718 0.2921257564102564
16 0.5636225833333334 0 0.5609746794871795 0.05228677884615385 0.5720145769230769 0.05502816346153846 0.5811112115384616 0.046893240384615384 0.5889189551282051 0.04662058653846154 0.587882875 0.016951173076923075 0.5922948685897436 0.008979839743589743 0.588565 0 0.5636225833333334 0
16 0.8145304551282051 0.14974717948717947 0.8236270929487179 0.14161225641025643 0.8248069294871795 0.130626891025641 0.8200132211538461 0.1276673846153846 0.8108075256410257 0.13267921153846154 0.8096822211538461 0.1452261282051282 0.8145304551282051 0.14974717948717947
17 0.5834560224358974 0.1140398108974359 0.5895733205128205 0.06535916346153846 0.581547455128205 0.059385625 0.5643704262820513 0.05998545833333333 0.559849375 0.06483369551282052 0.5631013653846154 0.11318715705128206 0.5834560224358974 0.1140398108974359
16 0.09972310897435897 0.18565297115384616 0.13095407371794873 0.18456236217948718 0.13213390705128206 0.1735769935897436 0.12394445192307692 0.1629188076923077 0.09901421153846154 0.16535284294871794 0.09465675 0.17488572435897437 0.09972310897435897 0.18565297115384616
13 0.10133918910256409 0.18715998717948718 0.07419303525641026 0.17090997756410256 0.0680013717948718 0.17268964743589743 0.06498733653846155 0.17592180448717948 0.08303685256410256 0.20030674038461538 0.12993783012820512 0.20023237179487177 0.1390889967948718 0.1936589967948718 0.1356932467948718 0.1859603173076923 0.10133918910256409 0.18715998717948718
22 0.23790277564102566 0.20271596474358974 0.23844808012820515 0.21833144551282052 0.2634328493589744 0.21745895833333334 0.2818442435897436 0.20743530448717948 0.2892157403846154 0.19467026602564103 0.2887794967948718 0.18217788141025643 0.2688610865384615 0.19381761217948718 0.23790277564102566 0.20271596474358974