7 0.9875 0 0.9859375 0.0046875 0.96875 0 0.9671875 0.0046875 0.94375 0.0062499999999999995 0.93125 0.012499999999999999 0.88125 0.012499999999999999 0.85625 0.0546875 0.84375 0.1328125 0.83125 0.15937500000000002 0.81875 0.16874999999999998 0.8078124999999999 0.1953125 0.8078124999999999 0.21875 0.85 0.2234375 0.859375 0.215625 0.8859375 0.0609375 0.8984375 0.0546875 0.95625 0.0671875 0.9984375 0.0671875 0.9984375 0 0.9875 0
16 0.45625 0.37656249999999997 0.478125 0.371875 0.4921875 0.3546875 0.49375 0.3171875 0.4796875 0.3015625 0.425 0.3 0.4109375 0.2921875 0.371875 0.2921875 0.36874999999999997 0.33125 0.375 0.359375 0.38125000000000003 0.3640625 0.41875 0.359375 0.4390625 0.375 0.45625 0.37656249999999997
17 0.240625 0.2703125 0.2234375 0.2609375 0.2046875 0.2609375 0.1859375 0.27187500000000003 0.18125 0.27968750000000003 0.18125 0.31093750000000003 0.1875 0.32187499999999997 0.19999999999999998 0.33125 0.23125 0.33125 0.240625 0.2703125
16 0.296875 0.2859375 0.2859375 0.27499999999999997 0.26875 0.2734375 0.25156249999999997 0.2734375 0.24375 0.28125 0.2375 0.29375 0.2375 0.31875000000000003 0.25625000000000003 0.34375 0.2734375 0.34375 0.2921875 0.32187499999999997 0.296875 0.2859375
17 0.46875 0.13749999999999998 0.46875 0.09999999999999999 0.4546875 0.0859375 0.4375 0.0859375 0.4375 0.0984375 0.4515625 0.1234375 0.45 0.146875 0.4578125 0.15 0.46875 0.13749999999999998
17 0.25937499999999997 0.19843750000000002 0.2625 0.1859375 0.2921875 0.1875 0.30624999999999997 0.171875 0.309375 0.16093749999999998 0.309375 0.13593750000000002 0.3046875 0.1265625 0.309375 0.1234375 0.29531250000000003 0.125 0.28281249999999997 0.1125 0.2421875 0.1125 0.2296875 0.1171875 0.2109375 0.1390625 0.2109375 0.16093749999999998 0.21875 0.1796875 0.23125 0.19218749999999998 0.246875 0.19375 0.25156249999999997 0.19999999999999998 0.25937499999999997 0.19843750000000002
17 0.5968749999999999 0.125 0.5906250000000001 0.11875 0.5750000000000001 0.1203125 0.56875 0.13125 0.5703125 0.14531249999999998 0.5765625 0.15 0.5921875 0.15 0.5968749999999999 0.1421875 0.5968749999999999 0.125
7 0.16874999999999998 0.1953125 0.16718750000000002 0.2046875 0.1734375 0.2171875 0.18125 0.2203125 0.19843750000000002 0.2421875 0.2109375 0.246875 0.2125 0.2609375 0.20625 0.2625 0.19218749999999998 0.28125 0.1875 0.3 0.19218749999999998 0.3171875 0.2125 0.33125 0.234375 0.33125 0.25156249999999997 0.34375 0.2609375 0.34375 0.2625 0.3546875 0.2546875 0.3640625 0.25625000000000003 0.37656249999999997 0.2625 0.38125000000000003 0.3359375 0.3796875 0.3625 0.38906250000000003 0.3796875 0.403125 0.3875 0.403125 0.39375 0.39999999999999997 0.39999999999999997 0.3796875 0.4125 0.36874999999999997 0.43125 0.371875 0.4421875 0.3796875 0.4578125 0.3796875 0.48125 0.3640625 0.49375 0.3484375 0.49375 0.31406249999999997 0.4875 0.3015625 0.4328125 0.29062499999999997 0.4125 0.28125 0.4125 0.178125 0.4171875 0.16874999999999998 0.4296875 0.16093749999999998 0.4421875 0.1625 0.465625 0.1546875 0.475 0.13749999999999998 0.46875 0.09375 0.4609375 0.0859375 0.45 0.08125 0.4265625 0.08437499999999999 0.415625 0.07968750000000001 0.3875 0.07968750000000001 0.375 0.0859375 0.32968749999999997 0.09218749999999999 0.278125 0.0890625 0.246875 0.09999999999999999 0.21875 0.1234375 0.2046875 0.1421875 0.209375 0.1703125 0.20625 0.1796875 0.1875 0.1875 0.16093749999999998 0.1875 0.16874999999999998 0.1953125
16 0.5812499999999999 0 0.5765625 0.0546875 0.5875 0.0578125 0.5968749999999999 0.049999999999999996 0.6046874999999999 0.049999999999999996 0.6046874999999999 0.0203125 0.609375 0.012499999999999999 0.6046874999999999 0 0.5812499999999999 0
16 0.8234375 0.14375000000000002 0.821875 0.15625 0.8265625 0.16093749999999998 0.8359375 0.15312499999999998 0.8375 0.1421875 0.8328125 0.1390625 0.8234375 0.14375000000000002
17 0.5750000000000001 0.0671875 0.5765625 0.115625 0.5968749999999999 0.1171875 0.6046874999999999 0.06874999999999999 0.5968749999999999 0.0625 0.5796875 0.0625 0.5750000000000001 0.0671875
16 0.1109375 0.15156250000000002 0.10625 0.16093749999999998 0.1109375 0.171875 0.1421875 0.171875 0.14375000000000002 0.16093749999999998 0.13593750000000002 0.15 0.1109375 0.15156250000000002
13 0.1125 0.1734375 0.0859375 0.15625 0.07968750000000001 0.1578125 0.07656249999999999 0.16093749999999998 0.09375 0.1859375 0.140625 0.1875 0.15 0.18125 0.146875 0.1734375 0.1125 0.1734375
22 0.27968750000000003 0.1859375 0.2484375 0.19375 0.2484375 0.209375 0.2734375 0.209375 0.2921875 0.19999999999999998 0.3 0.1875 0.3 0.17500000000000002 0.27968750000000003 0.1859375