17 0.484375 0.84375 0.49375 0.8265625 0.5046875000000001 0.825 0.5265624999999999 0.8328125 0.5656249999999999 0.83125 0.56875 0.8375 0.578125 0.8375 0.6 0.83125 0.6062500000000001 0.825 0.625 0.8265625 0.63125 0.821875 0.6296875000000001 0.790625 0.6437499999999999 0.7640625 0.6484375 0.725 0.6421875 0.65 0.625 0.6124999999999999 0.59375 0.59375 0.5734374999999999 0.6 0.53125 0.5968749999999999 0.4859375 0.6062500000000001 0.4484375 0.6281249999999999 0.4296875 0.65625 0.415625 0.6437499999999999 0.39999999999999997 0.6437499999999999 0.39375 0.6359374999999999 0.3546875 0.6359374999999999 0.29062499999999997 0.6546875 0.278125 0.6515624999999999 0.27187500000000003 0.65625 0.25156249999999997 0.65625 0.24375 0.6609375000000001 0.246875 0.6687500000000001 0.2359375 0.6984374999999999 0.23125 0.7374999999999999 0.23125 0.83125 0.2359375 0.8609375 0.24375 0.8859375 0.2609375 0.8875 0.26875 0.8984375 0.29062499999999997 0.9046875 0.3078125 0.9 0.33749999999999997 0.9171875 0.43125 0.9046875 0.4578125 0.89375 0.4796875 0.875 0.4875 0.8640625 0.484375 0.84375
16 0.85 0.6203124999999999 0.83125 0.5765625 0.825 0.571875 0.8234375 0.5609375 0.796875 0.5421874999999999 0.7374999999999999 0.540625 0.71875 0.5437500000000001 0.6875 0.5609375 0.6375000000000001 0.5578124999999999 0.6124999999999999 0.5625 0.59375 0.56875 0.5734374999999999 0.5890624999999999 0.5750000000000001 0.6015625 0.6281249999999999 0.63125 0.6437499999999999 0.65 0.65 0.7531249999999999 0.6609375000000001 0.7531249999999999 0.6906249999999999 0.7359375 0.69375 0.7296874999999999 0.728125 0.71875 0.7312500000000001 0.7140624999999999 0.7546875000000001 0.7140624999999999 0.7843749999999999 0.7062499999999999 0.8328125 0.6765625000000001 0.8484375 0.6484375 0.85 0.6203124999999999
16 0.453125 0.45625 0.465625 0.45 0.5 0.4515625 0.5140625 0.4453125 0.5234375 0.43125 0.5234375 0.40781249999999997 0.5046875000000001 0.3859375 0.41875 0.3796875 0.40625 0.39375 0.403125 0.425 0.41875 0.45625 0.453125 0.45625
16 0 0.3625 0.034374999999999996 0.36093749999999997 0.0546875 0.3671875 0.0734375 0.3671875 0.08125 0.3625 0.08750000000000001 0.34531249999999997 0.08437499999999999 0.32656250000000003 0.0375 0.31875000000000003 0.0296875 0.3234375 0 0.32187499999999997 0 0.3625
17 0.4859375 0.33749999999999997 0.4796875 0.34375 0.484375 0.36093749999999997 0.5859375 0.36874999999999997 0.6062500000000001 0.3640625 0.6046874999999999 0.3484375 0.5984375000000001 0.34375 0.4859375 0.33749999999999997
17 0.08750000000000001 0.3234375 0.0859375 0.3 0.0375 0.3015625 0.0375 0.3171875 0.08750000000000001 0.3234375
16 0.29843749999999997 0.27499999999999997 0.2921875 0.3328125 0.296875 0.33749999999999997 0.3171875 0.33749999999999997 0.32187499999999997 0.3328125 0.32187499999999997 0.2609375 0.3015625 0.2625 0.29843749999999997 0.27499999999999997
17 0.32187499999999997 0.19999999999999998 0.3171875 0.19218749999999998 0.3 0.19375 0.29375 0.20625 0.29375 0.24375 0.3046875 0.2546875 0.3125 0.2546875 0.31875000000000003 0.24375 0.32187499999999997 0.19999999999999998
7 0.96875 0.5625 0.9984375 0.5656249999999999 0.9984375 0.2375 0.9921875 0.2390625 0.984375 0.265625 0.975 0.3640625 0.925 0.4875 0.91875 0.53125 0.9296875 0.5421874999999999 0.953125 0.5499999999999999 0.96875 0.5625
11 0.4484375 0.36093749999999997 0.45 0.3703125 0.4609375 0.375 0.509375 0.3796875 0.5375 0.37656249999999997 0.5750000000000001 0.38437499999999997 0.7046875 0.3796875 0.7078125000000001 0.371875 0.7140624999999999 0.3796875 0.7421875 0.3796875 0.7453124999999999 0.375 0.7062499999999999 0.36874999999999997 0.5671875000000001 0.36874999999999997 0.5453125 0.3625 0.4484375 0.36093749999999997
8 0.2921875 0.1875 0.2921875 0.246875 0.29843749999999997 0.25937499999999997 0.29375 0.32968749999999997 0.3015625 0.33749999999999997 0.315625 0.33749999999999997 0.32187499999999997 0.33125 0.3234375 0.1875 0.32968749999999997 0.16874999999999998 0.32187499999999997 0.16093749999999998 0.28750000000000003 0.16093749999999998 0.2859375 0.171875 0.2921875 0.1875