17 0.09448215384615385 0.36643191987179485 0.12260286858974358 0.3659410705128205 0.13655415064102563 0.35944659615384617 0.14727183012820513 0.3467576153846154 0.15275733333333333 0.3029052019230769 0.13343753205128206 0.2704249326923077 0.1036727467948718 0.26625626282051285 0.07089251282051282 0.2683911826923077 0.05436209615384616 0.3061854358974359 0.053045259615384616 0.3202730641025641 0.059594269230769235 0.3373488685897436 0.09448215384615385 0.36643191987179485
17 0.21898017307692308 0.2470534487179487 0.2517876762820513 0.24648079166666667 0.268563516025641 0.22274689743589746 0.2682635544871795 0.2055620128205128 0.255274608974359 0.17765945192307692 0.22087757371794872 0.17669711858974357 0.2054185705128205 0.1863433846153846 0.19930586858974358 0.19426377243589746 0.19979671794871795 0.2223844871794872 0.20785345192307694 0.2363085 0.21898017307692308 0.2470534487179487
16 0.2699850737179487 0.5727753974358974 0.2577051314102564 0.5854916506410256 0.259123141025641 0.6667292756410256 0.2640008108974359 0.6775833012820512 0.27827932692307694 0.6898359711538462 0.34104249999999997 0.7043678173076923 0.4027421698717949 0.6579714423076923 0.4086094455128205 0.6359906987179488 0.4047759166666667 0.5954264230769231 0.39502057371794874 0.5737183717948718 0.36953353205128203 0.5460339647435897 0.3553640961538462 0.5400303429487179 0.31318302243589746 0.5407666153846155 0.2945449551282051 0.5473428942307692 0.2698759967948718 0.5665263493589744 0.2699850737179487 0.5727753974358974
16 0.1119511858974359 0.5614692467948718 0.08771853525641025 0.6056488942307693 0.08883658012820514 0.6697016378205128 0.109691375 0.700592375 0.1440338685897436 0.6984301858974359 0.15664104166666667 0.7044610801282051 0.19569759294871794 0.7037793461538462 0.2268337564102564 0.6969849102564103 0.24514458974358974 0.671661483974359 0.25084825 0.6403071666666666 0.2499756314102564 0.5903147820512821 0.24183708653846153 0.571703983974359 0.2243522435897436 0.5548190673076923 0.19297065384615383 0.5475531442307692 0.13206970512820512 0.5501789102564103 0.1119511858974359 0.5614692467948718
16 0.8848855673076923 0.257308358974359 0.8976290865384615 0.2711505608974359 0.935123375 0.2704960961538462 0.9526354903846153 0.2889432756410256 0.9807562083333334 0.2884524262820513 0.9946256794871795 0.2772711698717949 0.9938348685897436 0.23196557051282055 0.987531282051282 0.228950125 0.9640700801282052 0.22779690384615384 0.9438970224358975 0.23596271474358974 0.9310716923076924 0.21743372435897435 0.9060755 0.21787003525641027 0.8890815032051282 0.22910583333333334 0.8848855673076923 0.257308358974359
17 0.03448545192307692 0.0627452532051282 0.04243310897435897 0.07042021474358974 0.06123479166666666 0.07321750641025641 0.07661198717948718 0.05888445512820512 0.0682825608974359 0.02933782371794872 0.07258757371794872 0.007384346153846154 0.03196876282051282 0.008093352564102565 0.03448545192307692 0.0627452532051282
16 0.4404000737179487 0.6666905512820512 0.46087309615384614 0.6757096185897437 0.48274476602564104 0.6753278493589744 0.4993569903846154 0.6422203814102564 0.5119448012820512 0.5576128076923077 0.5100280384615384 0.5373306730769231 0.4770841891025641 0.5300920192307692 0.4568020512820513 0.532008782051282 0.4073823237179487 0.565688907051282 0.4062018333333333 0.5875878429487179 0.4149948397435897 0.6436929294871795 0.4404000737179487 0.6666905512820512
16 0.3959679070512821 0.09081578846153847 0.411726875 0.09835440705128205 0.44135531410256407 0.09471176282051283 0.4409190032051282 0.06971557051282051 0.43612313782051276 0.06354833012820513 0.4111269455128205 0.06398464102564103 0.3875021314102564 0.05345784935897436 0.3719340480769231 0.056855067307692304 0.3689458717948718 0.06472091346153845 0.36760176602564104 0.07724627884615384 0.3724794358974359 0.0881003076923077 0.3959679070512821 0.09081578846153847
17 0.8876010512820514 0.2338198878205128 0.8873010865384615 0.2166350064102564 0.879298891025641 0.20583551923076923 0.8386800769230769 0.20654452243589744 0.8325946474358974 0.2160271730769231 0.8314414262820512 0.23948837179487178 0.8394981602564103 0.25341238461538457 0.867700685897436 0.2576083205128205 0.8800624326923077 0.24957885576923075 0.8876010512820514 0.2338198878205128
17 0.8265910224358973 0.23019660897435898 0.8311687307692307 0.2238657532051282 0.8307324198717948 0.1988695608974359 0.8259638269230769 0.19426458333333335 0.7869345448717948 0.19650857692307694 0.7823295673076923 0.20127717307692308 0.782629532051282 0.2184620544871795 0.788987657051282 0.22460202564102566 0.8110502115384615 0.23515608974358976 0.8265910224358973 0.23019660897435898
7 1 0.5851658205128205 0.9998614006410256 0.5772254775641026 0.9935578141025642 0.5742100320512821 0.9870633429487179 0.5602587499999999 0.9494599775641026 0.5546641666666666 0.9289051442307692 0.540958310897436 0.9333465064102564 0.5268161442307692 0.9294311698717949 0.4815650865384616 0.9415202275641025 0.45791299999999996 0.9427552564102564 0.4391385865384615 0.9548715801282052 0.41704876282051284 0.9545170769230769 0.39673935576923075 0.9352518173076922 0.367383608974359 0.8891281346153846 0.3213065608974359 0.8570375448717948 0.2734218269230769 0.8333854583333332 0.2613327724358974 0.795345782051282 0.23074199679487178 0.789096733974359 0.23085107371794875 0.7636915 0.20785345192307694 0.7291035801282052 0.19595528525641026 0.6358393461538462 0.1350736955128205 0.5791616025641025 0.11105920192307693 0.5682257692307692 0.11125008653846152 0.5621676057692307 0.12229499999999999 0.5624948397435897 0.14104214423076925 0.5328118621794872 0.14156026282051282 0.5152179391025641 0.11842629487179487 0.48523499679487175 0.10175953205128205 0.4664605833333333 0.1005245 0.3875487628205128 0.14565857692307693 0.3830528621794872 0.15667621794871797 0.44200187179487177 0.22128225641025642 0.45833349679487184 0.26162837499999997 0.48856186217948716 0.2923554967948718 0.49042408653846153 0.3095131121794872 0.48428411538461535 0.3158712371794872 0.4865008429487179 0.3533382564102564 0.49129670833333333 0.3595054967948718 0.5131138365384615 0.3559991987179487 0.5291454967948718 0.3791604358974359 0.5257394871794872 0.38547083974358975 0.501133858974359 0.38590033333333335 0.4966924967948718 0.4000425 0.49855472115384614 0.4172001121794872 0.5175200224358975 0.42937097756410253 0.5263402980769231 0.48703832371794875 0.523488467948718 0.502715483974359 0.5111267211538462 0.5107449487179487 0.5211274871794872 0.5465133589743589 0.512135685897436 0.5685486442307692 0.5080760961538462 0.6045624775641025 0.5019906666666666 0.6140451282051281 0.4994115288461538 0.645344907051282 0.49497016666666666 0.6594870737179487 0.48271749679487175 0.6737655865384615 0.4830174583333333 0.690950467948718 0.4738347724358974 0.7020499198717949 0.4664325032051282 0.7256201955128204 0.41289864743589744 0.7921896314102563 0.4209553814102564 0.806113641025641 0.43507027884615385 0.8089927403846153 0.44743202564102563 0.8009632756410257 0.46719604487179484 0.769363532051282 0.5071603942307693 0.7311602403846154 0.5616214102564102 0.7177077147435897 0.5881798621794871 0.7172441378205128 0.6166278108974359 0.7355004326923077 0.6747587403846155 0.753238608974359 0.6921345064102564 0.7638744807692307 0.7109089198717948 0.7651095096153846 0.715350282051282 0.7509673429487179 0.6912346185897436 0.7123198333333333 0.6778911698717949 0.6641078653846153 0.6903074583333333 0.6592029230769231 0.7060391570512821 0.6651792788461538 0.7156036153846154 0.6759514967948718 0.7408452307692307 0.6895755448717948 0.7516719871794871 0.6831356121794872 0.7530979038461538 0.6752970320512821 0.7404907307692308 0.6692661378205128 0.7280199038461539 0.6710465544871794 0.7215526987179487 0.6586575352564102 0.7386285032051282 0.6521085256410257 0.7605001730769231 0.6517267532051283 0.7775487083333333 0.6436154807692308 0.7978581153846154 0.6432609775641026 0.8026267083333334 0.6478659551282051 0.8043525865384615 0.6572122596153847 0.8536553301282052 0.7063592916666667 0.879305987179487 0.7434172724358975 0.9031489583333333 0.7664421602564102 0.928063342948718 0.7613190641025641 0.9681640384615385 0.7309270833333333 1 0.7172499166666666 1 0.5851658205128205
17 0.4753274935897436 0.2503925769230769 0.4834660352564103 0.269003375 0.5406346282051282 0.32113858653846156 0.5750316602564103 0.32210092307692306 0.5905452019230769 0.3155791794871795 0.6319900032051282 0.2726618333333333 0.6306538044871794 0.1961109935897436 0.6050031474358974 0.15905301602564104 0.5907519038461538 0.14836260576923077 0.562522108974359 0.14260440705128205 0.5235746346153847 0.14953518910256408 0.500467939102564 0.168691375 0.4760444038461539 0.2019351858974359 0.4753274935897436 0.2503925769230769