16 0.39999999999999997 0.8484375 0.4109375 0.8390625 0.4234375 0.8156249999999999 0.4296875 0.7703125000000001 0.4234375 0.6984374999999999 0.40781249999999997 0.678125 0.37343750000000003 0.65625 0.3546875 0.6625 0.3015625 0.6625 0.2859375 0.6687500000000001 0.25625000000000003 0.69375 0.24375 0.7140624999999999 0.2375 0.7359375 0.2375 0.81875 0.24375 0.8359375 0.2625 0.8609375 0.3671875 0.8609375 0.38906250000000003 0.84375 0.39999999999999997 0.8484375
16 0.4625 0.75 0.475 0.725 0.5234375 0.6796875 0.5265624999999999 0.671875 0.5234375 0.65 0.509375 0.6171875 0.4921875 0.5921875 0.4765625 0.5812499999999999 0.4375 0.5859375 0.3875 0.6124999999999999 0.3640625 0.6359374999999999 0.3625 0.6546875 0.39218749999999997 0.6671874999999999 0.421875 0.696875 0.43125 0.75625 0.4375 0.7671875 0.4625 0.75
16 0.5421874999999999 0.6625 0.5515625000000001 0.65625 0.6046874999999999 0.609375 0.603125 0.56875 0.5578124999999999 0.5359375000000001 0.5046875000000001 0.5375 0.4625 0.571875 0.4609375 0.5765625 0.4703125 0.5859375 0.4859375 0.5890624999999999 0.50625 0.6124999999999999 0.53125 0.6609375000000001 0.5421874999999999 0.6625
17 0.4421875 0.240625 0.4328125 0.2359375 0.403125 0.2375 0.4015625 0.27968750000000003 0.41875 0.2859375 0.4390625 0.2859375 0.4484375 0.27968750000000003 0.45 0.2609375 0.4421875 0.240625
17 0.89375 0.33749999999999997 0.8859375 0.33125 0.85 0.33125 0.8359375 0.33749999999999997 0.83125 0.34375 0.8359375 0.38125000000000003 0.8546875 0.39375 0.884375 0.39218749999999997 0.89375 0.37656249999999997 0.89375 0.33749999999999997
17 0.6124999999999999 0.2734375 0.6328125 0.26875 0.6437499999999999 0.278125 0.6625 0.33125 0.6796875 0.3484375 0.7062499999999999 0.3484375 0.734375 0.3328125 0.75 0.33125 0.7734375 0.3125 0.78125 0.3 0.78125 0.28750000000000003 0.7703125000000001 0.28281249999999997 0.7640625 0.2734375 0.7843749999999999 0.26718749999999997 0.790625 0.25156249999999997 0.78125 0.2046875 0.7609374999999999 0.1734375 0.7390625000000001 0.15625 0.7218749999999999 0.15 0.69375 0.15625 0.634375 0.1875 0.63125 0.19999999999999998 0.6062500000000001 0.2171875 0.6046874999999999 0.2328125 0.6124999999999999 0.2421875 0.6453125000000001 0.25156249999999997 0.6359374999999999 0.25937499999999997 0.6124999999999999 0.2609375 0.6124999999999999 0.2734375
16 0.625 0.5921875 0.6359374999999999 0.56875 0.6359374999999999 0.496875 0.6109375 0.49375 0.5796875 0.5 0.5578124999999999 0.5109374999999999 0.5499999999999999 0.521875 0.5484375 0.53125 0.5578124999999999 0.540625 0.5796875 0.546875 0.6109375 0.5734374999999999 0.6124999999999999 0.5906250000000001 0.625 0.5921875
16 0.7640625 0.4390625 0.7453124999999999 0.43125 0.725 0.43125 0.71875 0.44375 0.7125 0.4875 0.7140624999999999 0.5187499999999999 0.7531249999999999 0.5046875000000001 0.78125 0.4796875 0.7796875 0.45625 0.7640625 0.4390625
7 0.3125 0.2921875 0.378125 0.3 0.40468750000000003 0.31093750000000003 0.4421875 0.3125 0.4421875 0.3078125 0.4484375 0.30624999999999997 0.4640625 0.31875000000000003 0.4671875 0.3671875 0.4578125 0.484375 0.4703125 0.5109374999999999 0.4703125 0.5234375 0.49375 0.5203125000000001 0.5125000000000001 0.5031249999999999 0.5359375000000001 0.4984375 0.5359375000000001 0.4890625 0.525 0.4734375 0.5359375000000001 0.4625 0.5421874999999999 0.421875 0.5421874999999999 0.34531249999999997 0.5625 0.3 0.5796875 0.2859375 0.59375 0.2625 0.603125 0.26406250000000003 0.6234375 0.28125 0.609375 0.29062499999999997 0.6140625000000001 0.3 0.63125 0.3125 0.6390625 0.3359375 0.65625 0.3640625 0.6593749999999999 0.3984375 0.65 0.4421875 0.6609375000000001 0.4421875 0.6703125 0.43125 0.7171875 0.4125 0.71875 0.39999999999999997 0.7109375 0.390625 0.725 0.375 0.7296874999999999 0.3546875 0.7218749999999999 0.34531249999999997 0.7640625 0.32187499999999997 0.7875 0.29062499999999997 0.86875 0.3 0.90625 0.31093750000000003 0.9390625 0.31093750000000003 0.9609375 0.3 0.965625 0.2609375 0.9984375 0.2609375 0.9984375 0.2234375 0.9921875 0.2234375 0.9671875 0.2015625 0.95 0.1953125 0.91875 0.16874999999999998 0.9109375 0.15625 0.88125 0.15 0.796875 0.146875 0.7515625 0.13749999999999998 0.7218749999999999 0.13749999999999998 0.71875 0.1421875 0.7046875 0.14375000000000002 0.665625 0.12968749999999998 0.6015625 0.125 0.56875 0.1171875 0.36093749999999997 0.11875 0.3171875 0.1390625 0.30312500000000003 0.15625 0.2625 0.1796875 0.246875 0.19843750000000002 0.1796875 0.2015625 0.1734375 0.2046875 0.178125 0.2171875 0.2265625 0.26875 0.2375 0.27499999999999997 0.2921875 0.28125 0.3125 0.2921875
17 0.90625 0.40468750000000003 0.95625 0.4234375 0.984375 0.421875 0.9984375 0.4109375 0.9984375 0.3484375 0.9921875 0.34375 0.9625 0.340625 0.934375 0.32968749999999997 0.91875 0.32968749999999997 0.903125 0.33749999999999997 0.884375 0.32968749999999997 0.853125 0.32968749999999997 0.8375 0.33125 0.83125 0.33749999999999997 0.83125 0.3796875 0.84375 0.39375 0.8546875 0.3984375 0.878125 0.3984375 0.9015625 0.38906250000000003 0.90625 0.40468750000000003
18 0.734375 0.3328125 0.75 0.33125 0.78125 0.3 0.78125 0.2859375 0.725 0.27968750000000003 0.7062499999999999 0.2703125 0.6593749999999999 0.26875 0.65 0.27499999999999997 0.65 0.2890625 0.65625 0.29843749999999997 0.6625 0.32968749999999997 0.6859375 0.35312499999999997 0.7109375 0.3484375 0.734375 0.3328125