17 0.4490539423076923 0.398619358974359 0.40997760256410254 0.39978552884615387 0.3982710128205128 0.41156833974358975 0.39889220833333333 0.4428512115384615 0.40400426923076926 0.44875900320512824 0.43517814423076917 0.4465791121794872 0.45812257371794873 0.4387094198717949 0.4560516794871795 0.4090942371794872 0.4490539423076923 0.398619358974359
17 0.12985937179487178 0.49299012820512816 0.1324645576923077 0.46304796153846156 0.12325416025641026 0.4433299166666667 0.10878993910256411 0.43807608974358975 0.08385083653846154 0.4398200032051282 0.07025857051282051 0.44703572756410254 0.06467776282051282 0.45682386858974355 0.06751161858974358 0.49734991025641023 0.0791854358974359 0.5074978044871795 0.11191800641025641 0.5052089198717948 0.12985937179487178 0.49299012820512816
17 0.3143294903846154 0.7119054102564102 0.352860858974359 0.7029457724358975 0.35710096153846155 0.696384016025641 0.3561527820512821 0.6604250608974359 0.34650640705128205 0.6344722403846154 0.33983565384615383 0.6286734423076924 0.2901754391025641 0.6352786538461539 0.28470362499999996 0.6466254871794872 0.2872105 0.6824754455128206 0.2966388846153846 0.7053108814102564 0.3143294903846154 0.7119054102564102
17 0.25653886858974356 0.42304553205128204 0.21757152243589745 0.42577039423076923 0.20597392948717946 0.4391119006410257 0.20336874358974358 0.4690540673076923 0.2147155769230769 0.4745258814102564 0.25803201923076924 0.46679795512820516 0.2668392115384615 0.4583505192307692 0.26553127564102563 0.4396461923076923 0.25653886858974356 0.42304553205128204
7 0 0.26039658012820516 0.020511451923076924 0.36280072115384615 0.02573250641025641 0.37026720512820516 0.0693759326923077 0.367215358974359 0.0732890544871795 0.35597751923076926 0.06774101602564103 0.34383495192307695 0.03641469230769231 0.2990360384615385 0.020708076923076923 0.23121647115384616 0.015269035256410256 0.22063259935897436 0.003922198717948718 0.21516078525641028 0 0.21543505128205132 0 0.26039658012820516
17 0.3516526891025641 0.170483 0.35589279166666665 0.1639212403846154 0.3516420064102564 0.10313217948717948 0.33884547435897433 0.09932805448717949 0.3267029070512821 0.10487609294871796 0.33138966987179486 0.17189992628205128 0.3516526891025641 0.170483
16 0.3366107243589744 0.17936641346153848 0.33818009935897436 0.24660823717948718 0.34640954487179487 0.2522980384615385 0.3573204038461538 0.2515350769230769 0.36558262179487183 0.23529417307692307 0.36198580128205127 0.18385727564102564 0.3518706794871795 0.1736003846153846 0.3366107243589744 0.17936641346153848
17 0.12387608333333333 0.250629625 0.11709633653846153 0.24327213461538463 0.07834697756410257 0.2491143846153846 0.07399788141025641 0.2541174487179487 0.07497883012820514 0.2681456923076923 0.08342626602564102 0.27695288461538464 0.10213059294871794 0.2756449487179487 0.12496602884615385 0.2662165641025641 0.12387608333333333 0.250629625
16 0.3373729583333333 0.4142604326923077 0.3400978205128205 0.4532277788461539 0.38105983974358976 0.45662869551282054 0.39588381410256407 0.44462789423076926 0.39170925320512817 0.4073282371794872 0.38047141346153845 0.4034151153846154 0.34773884294871793 0.405704 0.3373729583333333 0.4142604326923077
16 0.16037928205128205 0.48145807692307696 0.19155315705128204 0.4792781858974359 0.2019190416666667 0.4707217564102564 0.2000661378205128 0.4442239615384616 0.18995101282051283 0.4339670705128205 0.16145854487179487 0.42969419551282056 0.13873210576923076 0.44068127564102566 0.13293330769230768 0.4473520288461539 0.13489520833333332 0.47540851923076927 0.14823671474358974 0.4870061153846154 0.16037928205128205 0.48145807692307696
10 0.22945192307692308 0.5956680224358974 0.24790548717948718 0.6131734102564103 0.2363841185897436 0.6500043173076923 0.2372560737179487 0.6624738685897436 0.2422591378205128 0.6668229647435897 0.26987964743589743 0.6586262884615385 0.28724326923076926 0.6605447371794871 0.2951785032051282 0.63962775 0.3391489166666667 0.6412519871794872 0.35372213141025644 0.6480645064102564 0.3626383173076923 0.6411757628205128 0.38446003205128204 0.6396498397435898 0.3878281794871795 0.620618532051282 0.3689386346153846 0.5968783685897436 0.36664975 0.564145798076923 0.3491336826923077 0.515248548076923 0.3467358044871795 0.4809572820512821 0.3851581762820513 0.4704389519230769 0.4844786025641025 0.4572285288461539 0.49016840705128206 0.44899908012820516 0.4897324294871795 0.4427643076923077 0.46613403205128207 0.44128183653846154 0.4562368974358974 0.4341423333333333 0.4542749967948718 0.4060858461538462 0.4490539423076923 0.398619358974359 0.42991363782051284 0.3936925192307692 0.39428166987179486 0.39931677884615385 0.3765910641025641 0.39272225 0.32359547435897434 0.3964280608974359 0.30989421474358975 0.4020850929487179 0.2785023461538461 0.40114759615384615 0.2541082179487179 0.41068497756410255 0.19799524038461538 0.4146087788461538 0.19063775 0.42138852564102564 0.15511477564102563 0.4285714807692308 0.13093863461538463 0.44122625 0.09454370512820513 0.43593965384615385 0.07460766987179487 0.4420326634615384 0.05920594871794872 0.4681707051282052 0.06762061217948719 0.4989086025641025 0.04978824358974359 0.5126860865384615 0.058344673076923086 0.5230519711538462 0.07661302243589743 0.5155092628205128 0.12181514423076922 0.5123484230769231 0.1380888205128205 0.49867993269230776 0.1793778205128205 0.5067569326923077 0.20645335897435899 0.49076678846153843 0.23683150320512822 0.49960675 0.24404722756410258 0.513199016025641 0.24430866987179486 0.5617365128205128 0.24061353846153843 0.5760917403846154 0.22890694871794873 0.5878745544871795 0.22945192307692308 0.5956680224358974
13 0.7414999551282051 0.32491481730769234 0.7244633205128205 0.32767244871794876 0.6357595352564103 0.31351312179487184 0.6077030480769231 0.3154750224358974 0.6048364198717949 0.2968796891025641 0.6165430096153847 0.2850968782051282 0.6401414038461538 0.28657934935897433 0.6459402019230769 0.27990859294871795 0.6390514615384615 0.27099241025641024 0.6281406025641026 0.2717553717948718 0.5740985224358974 0.3052943557692308 0.5730848012820513 0.31319682051282055 0.5848676121794871 0.324903407051282 0.6071253044871795 0.32961225961538465 0.624270935897436 0.3284133205128205 0.6640012435897436 0.33659931730769227 0.688940342948718 0.33485540384615387 0.7034045673076923 0.34010922756410256 0.7471569871794872 0.33861607692307694 0.756400157051282 0.3364034166666667 0.7974277179487179 0.2959429198717949 0.797100733974359 0.2912668365384615 0.8077935993589743 0.28738648717948717 0.7738293205128206 0.29446044871794874 0.7414999551282051 0.32491481730769234
17 0.6010322948717949 0.30967622435897435 0.6077030480769231 0.3154750224358974 0.6737131602564103 0.31869072115384617 0.6850599967948718 0.32416253525641026 0.705323016025641 0.32274560897435894 0.7244633205128205 0.32767244871794876 0.736496891025641 0.32056571794871797 0.7355159423076923 0.3065374743589743 0.7269595096153846 0.29617158974358976 0.67196925 0.2937516217948718 0.6477168846153847 0.28291698717948716 0.6167609967948717 0.288214266025641 0.6034957147435898 0.30010607371794873 0.6010322948717949 0.30967622435897435
16 0.33419002884615384 0.4583398365384615 0.3398798333333333 0.450110391025641 0.32512139743589746 0.41824977564102567 0.29340254807692306 0.4126361955128205 0.2717988237179487 0.4172795064102564 0.270207358974359 0.4393192083333333 0.2806166955128205 0.4761828878205128 0.31501695512820516 0.4753437019230769 0.3233881666666667 0.46066149358974356 0.33419002884615384 0.4583398365384615