17 0.002035798076923077 0.5654231410256411 0.0006188685897435897 0.5856861602564103 0.020805663461538462 0.6105924903846154 0.12023508653846154 0.622244217948718 0.13335860256410256 0.6137640128205128 0.17142122115384614 0.607027717948718 0.18476272756410259 0.5954301217948719 0.18951503525641028 0.5722677051282051 0.1881415576923077 0.5471106153846154 0.17143190384615384 0.5396769006410256 0.13869933333333334 0.537388016025641 0.10052772115384616 0.5456830032051282 0.027596092948717947 0.5358841826923076 0.009251522435897436 0.551830875 0.002035798076923077 0.5654231410256411
16 0.49463717948717945 0.4870944711538462 0.44464998397435895 0.485165342948718 0.4396469198717949 0.48951443910256415 0.4385569743589744 0.5051013782051282 0.44692818589743594 0.5197835897435897 0.4968063878205128 0.5232714134615385 0.508589201923077 0.5115648237179488 0.5051120608974359 0.49409220833333334 0.49463717948717945 0.4870944711538462
11 0.4007518076923077 0.4726977884615384 0.4086746442307692 0.4732518076923077 0.40173902884615387 0.4805984006410256 0.4098442371794872 0.4811651698717949 0.4165974871794872 0.4738058269230769 0.4245218846153846 0.4743599551282051 0.41794944551282054 0.4817319423076923 0.44320028525641025 0.48349765384615384 0.4482919647435898 0.4760221217948718 0.46813938461538457 0.4852415641025641 0.5330267820512821 0.47568209615384616 0.4691203365384615 0.4712133205128205 0.4562148076923077 0.476576141025641 0.34587452884615383 0.46416144871794873 0.33931276923076925 0.4684015544871795 0.3343097051282051 0.4727506506410256 0.34500257371794874 0.476631 0.35310778205128207 0.47719777243589745 0.361134483974359 0.4699274775641025 0.3612129903846154 0.47776454166666665 0.36905732371794875 0.47048149358974356 0.3693181955128205 0.47833131410256413 0.37698172115384615 0.47103562179487174 0.37742340384615386 0.4788980865384615 0.38552861217948714 0.4794648557692307 0.38490456410256413 0.471589641025641 0.39282740384615383 0.47214366025641025 0.3936338205128205 0.48003162820512824 0.4007518076923077 0.4726977884615384
17 0.4511789711538462 0.4589945288461538 0.36378312179487177 0.454449532051282 0.3643608653846154 0.4685867724358974 0.45041600961538464 0.4699053878205128 0.4538603814102565 0.4654472948717949 0.4511789711538462 0.4589945288461538
10 0.027018349358974358 0.5217469423076923 0.04615865384615385 0.5168201025641026 0.05982714423076923 0.5005464262820514 0.08531121794871795 0.49449686858974357 0.10557423717948719 0.4959137948717948 0.11818555448717949 0.5171577660256411 0.13344550961538462 0.5229237916666667 0.13442645833333333 0.508895548076923 0.11413066987179488 0.48554791025641025 0.12382049679487181 0.41417497756410254 0.1458601987179487 0.4125835128205128 0.17326272115384617 0.42389757692307695 0.19305699038461538 0.40961857371794874 0.2242308685897436 0.4117984647435898 0.23724539102564102 0.4048769487179487 0.23833533653846153 0.38929001282051284 0.19679557692307692 0.3785536923076923 0.1654799326923077 0.35600178846153846 0.13274736217948718 0.35371290384615384 0.1252808782051282 0.34849184935897437 0.02084839102564103 0.341189217948718 0.009828538461538461 0.34198495192307693 0.006013733974358974 0.396539233974359 0.024282080128205128 0.4040819423076923 0.046103794871794876 0.4056078653846154 0.05157560897435898 0.41695470192307693 0.039716570512820515 0.4521506923076923 0.033874320512820515 0.4909000480769231 0.01697944871794872 0.5085144294871794 0.016434477564102566 0.5163079006410256 0.027018349358974358 0.5217469423076923
7 0.7060197083333334 0.3984989583333333 0.7193612147435897 0.3869013621794872 0.7895024358974359 0.3918061153846154 0.7973721314102564 0.3688616858974359 0.7917585512820513 0.33714283653846155 0.7750161250000001 0.30777841346153845 0.775343108974359 0.30310233012820514 0.7880306474358975 0.3008569006410256 0.7755610993589743 0.2999849423076923 0.7542515865384615 0.2687348429487179 0.7169519294871795 0.264560282051282 0.6991523301282051 0.2727135064102564 0.6851240865384616 0.2717325544871795 0.6688504102564102 0.2580640641025641 0.6610569391025641 0.25751909294871794 0.6154516121794872 0.2825237371794872 0.6137076987179487 0.3074628365384615 0.6347992243589743 0.3418303237179487 0.6208365192307692 0.38471079166666666 0.610373048076923 0.5343453974358975 0.5644300576923077 0.6313769423076924 0.5591655512820513 0.6842635352564103 0.5630786698717949 0.6955013782051283 0.6401086346153847 0.6914899455128205 0.679435733974359 0.7114694326923077 0.7107186057692307 0.7120906282051283 0.7143154230769231 0.660653733974359 0.7102605384615385 0.6290438782051282 0.7031210352564102 0.6191467435897436 0.7050829358974359 0.5910902532051282 0.7118626858974358 0.5837327628205128 0.712734641025641 0.5712632115384616 0.6968969423076923 0.5513599455128205 0.6939647724358975 0.5260938621794872 0.7060197083333334 0.3984989583333333
16 0.8007951378205128 0.4991052275641026 0.8089155897435898 0.4949741185897436 0.8097220032051282 0.4386431538461538 0.8054819006410256 0.4320813942307692 0.7956937596153846 0.437662201923077 0.7929688974358974 0.47662954807692304 0.8007951378205128 0.4991052275641026
17 0.7997920993589743 0.4238519455128205 0.8113569230769231 0.41526274679487185 0.8136458076923078 0.38253017628205127 0.8094057019230769 0.37596841666666664 0.8000535384615385 0.3753144487179487 0.7962821858974359 0.38444862179487177 0.7997920993589743 0.4238519455128205
16 0.15822075641025643 0.41501416346153847 0.15321768910256411 0.41936326282051284 0.1511467948717949 0.4489784455128205 0.16996011538461536 0.4487276858974359 0.17326272115384617 0.42389757692307695 0.15822075641025643 0.41501416346153847
16 0.06041557051282052 0.44733284615384616 0.05341783333333334 0.4578077243589743 0.05700396794871795 0.47372164743589745 0.06592015384615384 0.48061038782051285 0.09408563782051282 0.4810135961538462 0.10720915384615384 0.47253338782051285 0.10695839423076922 0.4537200673076923 0.06041557051282052 0.44733284615384616
16 0.7309374455128205 0.5349445064102564 0.7273840801282052 0.5409612916666666 0.7465571570512821 0.557965157051282 0.7501432916666666 0.5738790801282051 0.7630488205128205 0.5685162596153847 0.764138766025641 0.5529293205128205 0.754208858974359 0.5381381153846154 0.7309374455128205 0.5349445064102564