17 0.4609375 0.6687500000000001 0.4703125 0.65625 0.5 0.6484375 0.5125000000000001 0.634375 0.5109374999999999 0.5984375000000001 0.490625 0.5859375 0.471875 0.5859375 0.41875 0.6046874999999999 0.40468750000000003 0.59375 0.375 0.59375 0.3625 0.603125 0.35000000000000003 0.6265625 0.35000000000000003 0.6375000000000001 0.37656249999999997 0.6640625 0.4109375 0.6593749999999999 0.4296875 0.6703125 0.4609375 0.6687500000000001
16 0.8171875000000001 0.521875 0.8015625000000001 0.5109374999999999 0.78125 0.5140625 0.7531249999999999 0.509375 0.740625 0.5171875 0.7390625000000001 0.5375 0.74375 0.5453125 0.7703125000000001 0.5546875 0.8046875 0.5499999999999999 0.8171875000000001 0.5375 0.8171875000000001 0.521875
7 0.903125 0.6796875 0.9046875 0.7328125 0.9125 0.740625 0.9953125 0.7359375 0.9984375 0.6760421858974359 0.99375 0.671875 0.9984375 0.6593749999999999 0.98125 0.6625 0.95625 0.6265625 0.9546875 0.6140625000000001 0.98125 0.5484375 0.984375 0.5453125 0.9984375 0.5578124999999999 0.9984375 0.25625000000000003 0.9890625 0.25625000000000003 0.9625 0.278125 0.934375 0.2921875 0.928125 0.31093750000000003 0.928125 0.3171875 0.9625 0.34218750000000003 0.9671875 0.3515625 0.953125 0.3828125 0.95 0.56875 0.903125 0.6796875
10 0.378125 0.4953125 0.36562500000000003 0.50625 0.378125 0.515625 0.3546875 0.5671875000000001 0.3640625 0.5765625 0.3859375 0.578125 0.3859375 0.5343749999999999 0.425 0.525 0.4359375 0.5281250000000001 0.434375 0.4859375 0.425 0.471875 0.4375 0.465625 0.5265624999999999 0.459375 0.5359375000000001 0.4546875 0.5390625 0.4453125 0.5328125 0.4359375 0.5046875000000001 0.4359375 0.4640625 0.4109375 0.390625 0.4109375 0.33125 0.4140625 0.2859375 0.4484375 0.28750000000000003 0.4703125 0.36562500000000003 0.4671875 0.37656249999999997 0.4734375 0.37656249999999997 0.4828125 0.36874999999999997 0.484375 0.378125 0.4953125
7 0 0.4296875 0.0625 0.4328125 0.209375 0.4265625 0.2171875 0.525 0.25156249999999997 0.525 0.25 0.50625 0.234375 0.4765625 0.2328125 0.428125 0.221875 0.39687500000000003 0.1953125 0.3875 0.12812500000000002 0.390625 0.10625 0.3796875 0.090625 0.3859375 0.059375 0.378125 0 0.3796875 0 0.4296875
11 0.7796875 0.5078125 0.796875 0.5015625 0.8375 0.4953125 0.7953125 0.49375 0.7578125 0.5 0.6921875000000001 0.5015625 0.63125 0.5 0.6281249999999999 0.5031249999999999 0.6296875000000001 0.5078125 0.6453125000000001 0.5109374999999999 0.74375 0.5109374999999999 0.75 0.5078125 0.7796875 0.5078125
17 0.75 0.484375 0.740625 0.48125 0.728125 0.484375 0.71875 0.48125 0.709375 0.48125 0.703125 0.484375 0.6906249999999999 0.48125 0.6828124999999999 0.48125 0.68125 0.4828125 0.6640625 0.48125 0.6531250000000001 0.4859375 0.6515624999999999 0.4984375 0.6546875 0.5 0.7515625 0.4984375 0.7546875000000001 0.49375 0.7531249999999999 0.4875 0.75 0.484375
17 0.035937500000000004 0.5515625000000001 0.0390625 0.5515625000000001 0.040625 0.5499999999999999 0.046875 0.5499999999999999 0.0484375 0.5484375 0.0515625 0.5499999999999999 0.065625 0.5484375 0.07187500000000001 0.5453125 0.07656249999999999 0.5375 0.07656249999999999 0.5296875 0.07187500000000001 0.521875 0.0671875 0.5187499999999999 0.049999999999999996 0.5187499999999999 0.043750000000000004 0.5234375 0.040625 0.5234375 0.0390625 0.521875 0.01875 0.521875 0.010937500000000001 0.5281250000000001 0.009375 0.53125 0.009375 0.540625 0.012499999999999999 0.546875 0.0203125 0.553125 0.034374999999999996 0.553125 0.035937500000000004 0.5515625000000001
16 0.09999999999999999 0.5421874999999999 0.1234375 0.5421874999999999 0.125 0.540625 0.12812500000000002 0.540625 0.13125 0.5375 0.13125 0.521875 0.125 0.5140625 0.1078125 0.5140625 0.1015625 0.5171875 0.09531250000000001 0.515625 0.0828125 0.515625 0.08125 0.5171875 0.075 0.5187499999999999 0.0734375 0.521875 0.078125 0.53125 0.07656249999999999 0.5421874999999999 0.08125 0.5453125 0.09375 0.5453125 0.09999999999999999 0.5421874999999999
16 0.453125 0.49375 0.4546875 0.496875 0.459375 0.5 0.46875 0.5 0.4703125 0.4984375 0.4734375 0.4984375 0.4765625 0.4953125 0.4765625 0.4859375 0.475 0.484375 0.475 0.4671875 0.4734375 0.465625 0.46875 0.465625 0.4640625 0.4578125 0.46875 0.453125 0.4703125 0.453125 0.4703125 0.4515625 0.4734375 0.4484375 0.4734375 0.4421875 0.46875 0.4421875 0.46875 0.44375 0.465625 0.446875 0.4640625 0.4453125 0.459375 0.4453125 0.4578125 0.446875 0.4578125 0.453125 0.4625 0.4578125 0.4625 0.459375 0.4515625 0.4703125 0.4546875 0.4765625 0.453125 0.49375
16 0.4546875 0.4765625 0.453125 0.49375 0.45625 0.4984375 0.459375 0.4984375 0.4609375 0.5 0.4671875 0.5 0.46875 0.4984375 0.4734375 0.4984375 0.4765625 0.4953125 0.4765625 0.4859375 0.475 0.484375 0.475 0.4671875 0.46875 0.465625 0.4640625 0.4578125 0.4734375 0.4484375 0.471875 0.446875 0.471875 0.44375 0.4734375 0.4421875 0.4703125 0.4421875 0.465625 0.446875 0.4640625 0.4453125 0.459375 0.4453125 0.4578125 0.446875 0.4578125 0.4546875 0.4625 0.459375 0.459375 0.4609375 0.459375 0.4625 0.4515625 0.4703125 0.4546875 0.4765625
17 0.284375 0.50625 0.2890625 0.50625 0.2921875 0.5046875000000001 0.29375 0.5015625 0.29375 0.49375 0.2921875 0.4921875 0.2921875 0.4890625 0.2859375 0.4859375 0.278125 0.4859375 0.2765625 0.4875 0.2609375 0.4875 0.2546875 0.490625 0.253125 0.49375 0.253125 0.5 0.2546875 0.5015625 0.25625000000000003 0.5078125 0.28281249999999997 0.5078125 0.284375 0.50625