17 0.4063381794871795 0.5953991538461538 0.37665520192307694 0.5959172724358974 0.36432072115384617 0.6055090000000001 0.35223166666666667 0.6291610833333333 0.3524225512820513 0.6400969198717948 0.3794445865384616 0.6661917948717949 0.4137325416666667 0.6609050801282051 0.43267057051282054 0.6715136826923077 0.46388854166666665 0.669406032051282 0.47304396153846157 0.6567443205128205 0.502590592948718 0.648414891025641 0.5148432628205128 0.6341363782051282 0.5126538044871796 0.5982316217948718 0.49212624358974355 0.5860880288461539 0.4733790993589743 0.5864152596153845 0.42058942307692304 0.6060895641025641 0.4063381794871795 0.5953991538461538
16 0.8055137147435898 0.5446748557692308 0.817793657051282 0.5319586025641025 0.8175209615384615 0.516335983974359 0.8017074551282051 0.505672842948718 0.7814525897435898 0.5091518685897436 0.753250064102564 0.5049559326923078 0.7408883141025641 0.5129853974358974 0.7396805544871795 0.5333220737179487 0.7445036891025641 0.5410515737179487 0.7712257596153845 0.5499615673076923 0.8055137147435898 0.5446748557692308
7 1 0.6508802980769232 0.984012717948718 0.6540762788461538 0.9583893301282052 0.6185805641025641 0.9566089134615384 0.6061097371794871 0.9820220544871794 0.5400311506410257 0.9850920384615386 0.5368520897435898 0.9993705512820512 0.5491047596153846 0.9941075608974359 0.24758818910256414 0.9847339903846154 0.2477518076923077 0.9585573076923077 0.2700870544871795 0.9306820128205129 0.2846382628205128 0.9247601987179487 0.30349448397435896 0.9248692756410256 0.3097435320512821 0.9596753525641025 0.33413979807692307 0.9645257532051281 0.34343156089743593 0.9510107820512821 0.37492222756410254 0.9511313173076923 0.5608859455128206 0.9061995801282051 0.6726246314102564 0.9086890032051281 0.7257142692307692 0.9166366602564102 0.733389233974359 0.9993547371794872 0.7272571698717949 1 0.708655125 1 0.6660857884615385 0.9966744326923077 0.6632316955128206 1 0.6538696987179488 1 0.6508802980769232
10 0.43643810576923076 0.5292387596153846 0.43413957051282054 0.48708495512820515 0.42452057371794877 0.4731882147435898 0.436909592948718 0.4667210096153846 0.525849451923077 0.458917608974359 0.5351412147435897 0.45406720512820514 0.5381021217948718 0.44463909294871795 0.5316894583333334 0.4353745993589743 0.5035687403846154 0.4358654487179487 0.4625136185897436 0.41157825961538463 0.3890873044871795 0.4128599230769231 0.3297758846153846 0.4170206826923077 0.28507021153846157 0.45218125961538463 0.2870142467948718 0.4740256570512821 0.3650728076923077 0.4695376634615385 0.3761177211538462 0.4755958269230769 0.3762813365384615 0.4849694006410256 0.36849729487179483 0.4866680096153846 0.37806175320512825 0.4974402275641025 0.3657545448717949 0.5085942147435898 0.3784162564102564 0.5177496314102564 0.3558822147435898 0.5697133205128205 0.36541940384615385 0.5789232756410256 0.3873183429487179 0.5801037660256411 0.38655479807692306 0.5363604294871795 0.4254477339743589 0.5263051217948718 0.43643810576923076 0.5292387596153846
7 0 0.43846183974358977 0.06139405128205128 0.44045816025641027 0.20813760256410255 0.43164579166666667 0.21766688461538464 0.529931951923077 0.25203664743589743 0.5293320256410257 0.2501471538461538 0.5106121506410256 0.23400641666666666 0.4812018653846154 0.2315988012820513 0.4327990128205128 0.22011758012820515 0.4017446570512821 0.19339550961538463 0.39283466346153845 0.12627278205128206 0.3971317724358974 0.10421022756410256 0.3865777083333333 0.0886966858974359 0.39309945192307694 0.057315096153846154 0.38583352884615385 0 0.38834341346153844 0 0.43846183974358977
11 0.6298040961538461 0.505547951923077 0.6454812532051282 0.5083997820512821 0.7439037628205128 0.5066818108974359 0.7500982692307693 0.5034482083333334 0.77978125 0.5029300897435898 0.7968570544871795 0.4963810801282052 0.8373667884615384 0.48942302564102563 0.7951584455128206 0.48859703846153846 0.757773233974359 0.4955005512820513 0.6921854967948717 0.49820812820512816 0.6312300096153846 0.4977093717948718 0.6281600256410257 0.5008884358974359 0.6298040961538461 0.505547951923077
17 0.6809224326923077 0.4796518685897436 0.6637102788461539 0.4783895705128205 0.6528562532051282 0.4832672435897436 0.6515121474358975 0.495792608974359 0.654663939102564 0.4973003301282051 0.7514969166666666 0.49404736538461536 0.7545396314102565 0.4893060416666667 0.7528682916666666 0.48308426282051276 0.7496892307692308 0.48001427884615383 0.7402611185897435 0.47705337179487184 0.7278175608974359 0.4803960480769231 0.7183894519230769 0.47743514102564105 0.7090158782051282 0.47759875961538467 0.7028213685897436 0.480832358974359 0.690268733974359 0.4779259903846154 0.682457423076923 0.47806233653846153 0.6809224326923077 0.4796518685897436
17 0.07728145833333333 0.5448842916666666 0.07714510897435897 0.5370729807692307 0.07232197756410257 0.5293434807692308 0.06758065064102564 0.5263007628205129 0.05039576923076923 0.5266007275641026 0.044228528846153845 0.5313965897435897 0.04110400641025641 0.5314511282051282 0.03951447435897436 0.5299161378205128 0.01920506730769231 0.5302706378205128 0.011502836538461538 0.5366560352564103 0.009995112179487179 0.5398078269230769 0.010158727564102564 0.5491814006410256 0.013392330128205128 0.5553759102564103 0.02131271794871795 0.561488608974359 0.035373076923076924 0.5612431858974359 0.036908067307692305 0.5596536538461538 0.04003259294871795 0.5595991153846154 0.041567586538461536 0.5580095833333333 0.047816634615384615 0.5579005064102563 0.049351625 0.5563109743589744 0.052503419871794875 0.5578186987179488 0.06653650961538461 0.5560110128205128 0.07273101923076923 0.5527774102564103 0.07728145833333333 0.5448842916666666
16 0.10192314743589743 0.524138576923077 0.09564683012820513 0.522685391025641 0.08314873397435897 0.5229035448717949 0.08161374038461539 0.5244930769230769 0.07539196153846153 0.5261644166666667 0.07388424038461539 0.5293162115384615 0.07873464102564103 0.5386079743589745 0.07736326602564103 0.5495710769230769 0.08210458974358974 0.5526137948717949 0.09460268589743591 0.5523956378205128 0.10079719551282051 0.5491620384615385 0.12423112500000001 0.5487529967948718 0.1257661185897436 0.5471634647435898 0.12889064102564105 0.5471089262820512 0.13196062820512822 0.5439298621794872 0.1316879326923077 0.5283072435897436 0.12530253846153847 0.5206050096153846 0.10811765705128205 0.5209049743589744 0.10192314743589743 0.524138576923077
16 0.47473111217948716 0.48481368910256417 0.4744311506410256 0.46762880769230775 0.4728416185897436 0.46609381410256406 0.46815483333333335 0.4661756217948718 0.46333169871794877 0.4584461217948718 0.46793667948717943 0.4536775256410257 0.4694989391025641 0.4536502564102564 0.4694716698717949 0.4520879967948718 0.47254165705128204 0.4489089326923077 0.47243257692307694 0.4426598846153846 0.4677457916666667 0.44274169230769234 0.4677730608974359 0.44430395512820514 0.4647030769230769 0.4474830192307692 0.46311354487179485 0.44594802564102565 0.4584267596153846 0.4460298333333333 0.456891766025641 0.4476193653846154 0.4570008429487179 0.45386841346153844 0.4617694391025641 0.45847339102564105 0.4617967083333333 0.46003565384615386 0.45105175961538463 0.47116237179487175 0.45428535897435895 0.47735688141025645 0.45302306089743594 0.4945690320512821 0.45463986217948715 0.4976662884615385 0.45938118589743593 0.5007090032051281 0.4687547596153846 0.5005453878205128 0.47028975320512817 0.4989558557692308 0.4734142756410256 0.49890131730769227 0.47648426282051287 0.49572225320512825 0.47632064423076925 0.4863486826923077 0.47473111217948716 0.48481368910256417
16 0.47648426282051287 0.49572225320512825 0.47632064423076925 0.4863486826923077 0.47473111217948716 0.48481368910256417 0.4744311506410256 0.46762880769230775 0.46815483333333335 0.4661756217948718 0.46333169871794877 0.4584461217948718 0.47254165705128204 0.4489089326923077 0.470952125 0.4473739391025641 0.4708975865384616 0.4442494166666667 0.47243257692307694 0.4426598846153846 0.4693080544871795 0.4427144230769231 0.4647030769230769 0.4474830192307692 0.46311354487179485 0.44594802564102565 0.4584267596153846 0.4460298333333333 0.456891766025641 0.4476193653846154 0.4570281121794872 0.45543067628205125 0.4617967083333333 0.46003565384615386 0.45869945192307693 0.4616524519230769 0.45872672115384616 0.4632147147435897 0.45105175961538463 0.47116237179487175 0.45428535897435895 0.47735688141025645 0.45302306089743594 0.4945690320512821 0.45622939423076925 0.49920128205128206 0.45935391666666664 0.49914674358974365 0.46094344871794873 0.500681733974359 0.4671924967948718 0.5005726570512821 0.46872749038461536 0.498983125 0.4734142756410256 0.49890131730769227 0.47648426282051287 0.49572225320512825
17 0.2779133685897436 0.48981189423076926 0.276378375 0.4914014262820513 0.2607557564102564 0.4916741185897436 0.2545612467948718 0.4949077211538462 0.2530535224358974 0.49805951602564097 0.2531625993589744 0.5043085641025641 0.2547521314102564 0.5058435544871795 0.25642347115384617 0.5120653333333334 0.2829819262820513 0.5116017532051281 0.28451691987179484 0.5100122243589744 0.28920370512820515 0.5099304166666666 0.29230095833333336 0.5083136153846154 0.2938086826923077 0.5051618205128205 0.29367233653846153 0.49735050961538463 0.2920828044871795 0.4958155192307693 0.292028266025641 0.4926909935897436 0.2857246794871795 0.4896755480769231 0.2779133685897436 0.48981189423076926