7 0.27470573076923077 0.13732922756410257 0.2885960705128205 0.1321538076923077 0.3137444326923077 0.13596596474358974 0.34620976282051286 0.12545153846153848 0.3976317916666667 0.1205289358974359 0.4223984391025641 0.11341025641025641 0.47392952884615386 0.11161075 0.5579259487179486 0.09929681730769231 0.6671797884615385 0.09391813461538462 0.6778925032051283 0.08729023076923077 0.7231228717948718 0.08414729807692307 0.7370132115384616 0.0789718782051282 0.7419159775641025 0.08505448076923076 0.7451332756410256 0.17718582371794872 0.742540625 0.28202766987179484 0.7850296089743589 0.2899246378205128 0.7928373493589743 0.2896519871794872 0.7972493397435897 0.2816806538461539 0.7910378429487179 0.23812089743589743 0.7705542916666667 0.18880572115384614 0.7697363333333334 0.1653824967948718 0.7733650641025641 0.0902100641025641 0.7775589358974359 0.07599253846153846 0.8035054166666666 0.05788849038461539 0.8031237051282052 0.04695765384615385 0.7606892532051283 0.040622237179487174 0.75093825 0.03001858012820513 0.7271333141025641 0.019905701923076922 0.7014396474358974 0.00047806089743589745 0.6813031121794872 0.005871602564102564 0.6311699807692308 0.0029319326923076925 0.5954179647435898 0.008870778846153846 0.5552539551282052 0.02278095512820513 0.5224614423076923 0.023926096153846152 0.5129285641025642 0.019568634615384613 0.5021613173076923 0.024634990384615387 0.5027066217948718 0.04025047435897436 0.49522606410256415 0.049892413461538464 0.47465328525641026 0.04279357051282051 0.46802537820512824 0.03208085576923077 0.4322188333333333 0.036458150641025644 0.3789080737179487 0.03206599358974359 0.3338412980769231 0.03989357051282051 0.3194601826923077 0.031015054487179488 0.3008306634615385 0.03479251923076923 0.28263739102564106 0.05106236538461538 0.2641169358974359 0.05796292307692308 0.22039358653846156 0.059489775641025644 0.20806479166666664 0.06461066346153846 0.09590597756410256 0.07634459935897435 0.050531852564102565 0.12014231410256411 0.011929394230769231 0.13399796153846152 0.005901323717948718 0.14046227564102565 0.007899115384615385 0.1529001282051282 0.04392378205128205 0.15476902564102565 0.04603063782051282 0.17032997756410256 0.06300937820512821 0.208823375 0.07751939102564102 0.26616441346153846 0.07274552243589744 0.3085443365384615 0.07492674038461539 0.3710062628205128 0.08133652564102564 0.37547278525641026 0.13215871794871795 0.35337315384615386 0.08550558333333333 0.18145909935897436 0.08646729807692308 0.16422753846153848 0.09857796794871795 0.1528604583333333 0.27470573076923077 0.13732922756410257
16 0.4957764102564103 0.6924521378205127 0.4933622083333334 0.7128613237179487 0.41846242948717954 0.7170403365384616 0.39563904166666664 0.7350353237179487 0.38552616025641023 0.7588402564102564 0.3852188141025641 0.7948103974358974 0.4332103974358974 0.8259669935897437 0.4497528974358974 0.8519680064102564 0.4638068301282051 0.8514772339743589 0.468927717948718 0.8638060288461538 0.47522844230769234 0.8651494551282051 0.4907893942307693 0.8630426025641026 0.518461016025641 0.8495686666666666 0.5285738974358974 0.8257637307692308 0.5279195320512821 0.8070251538461538 0.5226350512820513 0.7900117147435898 0.5157493525641026 0.6823739519230769 0.5108465865384615 0.6762913525641026 0.4957764102564103 0.6924521378205127
16 0.43722581730769233 0.8961821314102565 0.437042391025641 0.8461580576923077 0.427018733974359 0.8277466634615385 0.4028866153846154 0.8082644935897435 0.3476325961538462 0.792996032051282 0.31656522435897433 0.7987712852564103 0.2983719519230769 0.8150411314102565 0.2973557083333333 0.8307111442307692 0.27400684935897435 0.8784300769230768 0.27633182371794873 0.9002372211538461 0.28758984615384614 0.9092247948717949 0.2943268108974359 0.923060608974359 0.3070918493589744 0.9304321057692309 0.30930776282051287 0.9491161538461538 0.31905876602564104 0.9597198076923076 0.32697556730769234 0.96257025 0.3422638653846154 0.9526556570512821 0.35163315384615385 0.9523284743589744 0.3414112147435897 0.9730103141025642 0.36488896794871795 0.9737539038461538 0.4097376185897436 0.9596801378205129 0.42023221474358974 0.9468060384615384 0.43722581730769233 0.8961821314102565
16 0.46217084935897434 0.31214328205128206 0.47488135897435896 0.31795323076923077 0.5057851378205128 0.3074933301282051 0.5247418397435898 0.31308516025641026 0.5449874326923076 0.31081471474358974 0.5538114166666667 0.2948720512820513 0.5534297051282051 0.2839412115384615 0.5401738942307692 0.262515782051282 0.5106680705128205 0.2682365064102564 0.5046945288461538 0.2762623685897436 0.4903679423076923 0.2689454006410257 0.46538317307692306 0.26981788782051286 0.45940963141025637 0.2778437532051282 0.46217084935897434 0.31214328205128206
17 0.738659076923077 0.39473179166666666 0.6966063365384615 0.39932721153846157 0.6780858814102564 0.40622776923076925 0.649507076923077 0.4384948108974359 0.6470383461538461 0.4573424487179487 0.6311700448717948 0.4954194423076923 0.6263416442307692 0.5362378141025641 0.6375451346153846 0.543663842948718 0.6898941826923076 0.5652875608974359 0.7118649166666666 0.5676472307692308 0.748380358974359 0.5835700576923077 0.7909784038461538 0.5945901217948718 0.8097169807692308 0.5939357564102564 0.8249507500000001 0.5824596153846153 0.8338837948717949 0.5696400448717949 0.8538369038461538 0.5142224326923077 0.8462819807692308 0.4769634006410256 0.8128697980769231 0.4155920833333333 0.7889558012820513 0.40235610576923075 0.738659076923077 0.39473179166666666
17 0.47940738782051284 0.4475617275641026 0.47926363141025635 0.48821650961538465 0.4890146314102564 0.4988201666666666 0.6263961762820512 0.5377993621794871 0.6324787756410257 0.5328965961538461 0.6310064551282051 0.4907347980769231 0.6470383461538461 0.4573424487179487 0.6535373557692308 0.41959264102564103 0.6271893237179487 0.38142642628205126 0.6128082051282051 0.37254791025641026 0.587659842948718 0.3687357532051282 0.5520714198717949 0.3793592435897436 0.5092205576923077 0.40587086538461536 0.4851082756410256 0.43172812499999996 0.47940738782051284 0.4475617275641026
16 0.3032674038461538 1 0.3010637788461539 0.936896419871795 0.2926562019230769 0.9199920416666666 0.2540884358974359 0.8900698108974359 0.2318450512820513 0.8799024006410255 0.2177911153846154 0.880393173076923 0.18247534294871795 0.8988244038461539 0.11551219871794871 0.9511932852564103 0.1172165673076923 1 0.3032674038461538 1
17 0.1841458878205128 0.4094054615384615 0.2140879551282051 0.416177125 0.23320824358974357 0.4264535961538461 0.258193016025641 0.42558110897435897 0.2648556153846154 0.3925159455128205 0.28239452564102563 0.35750751923076923 0.3051088525641026 0.33638943589743586 0.3049452596153846 0.33170479166666667 0.2857704391025641 0.31986677243589745 0.24010382692307694 0.31051731730769233 0.21980370192307694 0.31122621474358975 0.1877746153846154 0.33423302884615386 0.1824554423076923 0.36099746794871795 0.1841458878205128 0.4094054615384615
17 0.390646983974359 0.2786815448717949 0.36878530769230766 0.27944497115384614 0.361250217948718 0.2875253621794872 0.35996132371794876 0.29538763461538464 0.36486408974358975 0.3014702371794872 0.39329914102564106 0.3098579775641026 0.40417544551282053 0.3079147147435897 0.4034120192307692 0.2860530416666667 0.390646983974359 0.2786815448717949
17 0.9645679775641025 0.19297477884615385 0.9878821378205128 0.18903372756410258 0.986573407051282 0.1515565705128205 0.963150185897436 0.15237452884615385 0.9525465288461539 0.16212552884615386 0.9549805673076923 0.18705576923076925 0.9645679775641025 0.19297477884615385
17 0.448424266025641 0.2766639166666667 0.4357682884615385 0.272415516025641 0.4093855608974359 0.2780271794871795 0.4085874391025641 0.2999433846153846 0.41516081410256406 0.30909455128205127 0.43093988782051285 0.31323389102564103 0.451185483974359 0.3109634455128205 0.45494310897435897 0.28425353525641023 0.448424266025641 0.2766639166666667
16 0.6562490192307693 0.5867873557692308 0.6235110352564102 0.5894940448717949 0.6256030288461538 0.6941723012820513 0.6307239166666667 0.7065010961538462 0.6385316570512821 0.7062284423076923 0.6461758076923078 0.7012711474358974 0.6489717211538462 0.6917927980769231 0.6524220000000001 0.7010530256410257 0.6723949455128205 0.6909748397435898 0.6751908589743589 0.6814964903846153 0.6673831153846154 0.681769141025641 0.6624258205128205 0.6741249935897436 0.679112076923077 0.6594712243589743 0.6874452852564102 0.6294746250000001 0.6772580384615384 0.6063785865384616 0.6562490192307693 0.5867873557692308