16 0.3073545512820513 0.6693263782051282 0.2919571923076923 0.676117875 0.26316026282051286 0.7021387243589744 0.2513767756410256 0.7228750961538462 0.2458940064102564 0.744954891025641 0.24878412179487178 0.8277169455128205 0.2556301506410256 0.8446758525641025 0.27524121474358976 0.8690062564102564 0.3798649423076923 0.8653527147435898 0.40112678205128205 0.8474122596153847 0.4122212115384616 0.8517151923076923 0.4228248653846154 0.8419641891025642 0.4344992948717949 0.8181047211538461 0.4391641025641026 0.7726017051282051 0.4304095096153846 0.700988608974359 0.4140851314102564 0.6812337884615385 0.37896764423076923 0.6605717852564102 0.3604471891025641 0.6674723429487179 0.3073545512820513 0.6693263782051282
16 0.44053725 0.5880663685897436 0.39149472435897437 0.6163576602564103 0.36888945833333336 0.6405988397435898 0.36798227564102565 0.6593919487179487 0.3980879358974359 0.6708482564102564 0.42879342948717947 0.6994815929487179 0.44023487820512824 0.7584932403846154 0.44686278205128205 0.7692059551282051 0.47124771794871795 0.751156439102564 0.48286761538461537 0.7257354230769231 0.5296942243589744 0.6787600833333334 0.5325446698717949 0.6708432820512821 0.5286581474358975 0.6490906666666667 0.5134590737179487 0.6167889294871794 0.49540955769230766 0.5924039935897436 0.47941236217948724 0.5820184615384616 0.44053725 0.5880663685897436
16 0.47332975961538465 0.5869212275641026 0.4890543044871795 0.5894990192307693 0.5101723846153846 0.6122133461538461 0.5368476025641026 0.6597488525641025 0.5478329679487179 0.6609286858974359 0.5569841346153847 0.6543553108974359 0.608440858974359 0.6056548301282051 0.6054615192307693 0.565109108974359 0.559031483974359 0.5338979807692308 0.505993375 0.537313564102564 0.46503124679487184 0.5731399455128204 0.46363328846153845 0.5778791217948718 0.47332975961538465 0.5869212275641026
17 0.43317066025641027 0.24280063141025643 0.4236377820512821 0.23844316987179484 0.3940228942307692 0.24104079807692308 0.39393366987179484 0.28325712820512816 0.4113288205128205 0.288903483974359 0.43162894871794866 0.28819458974358975 0.44078011538461537 0.28162121474358975 0.44168729807692303 0.26282810576923077 0.43317066025641027 0.24280063141025643
17 0.8892022307692309 0.3628960192307692 0.8878389711538462 0.3238573141025641 0.8798131057692308 0.31788377243589744 0.8438975 0.3191379743589744 0.8300616891025641 0.3258749423076923 0.8255951666666667 0.3322847243589743 0.8315885416666666 0.36959828846153847 0.8507633621794872 0.3814363108974359 0.8803782467948719 0.3788386826923077 0.8892022307692309 0.3628960192307692
17 0.7667272724358974 0.3030713878205128 0.7740987692307691 0.29030635256410253 0.7736625256410257 0.27781396474358977 0.7625680993589743 0.27351103525641024 0.7559947243589743 0.2643598685897436 0.7760767275641026 0.25740477884615387 0.7817776153846153 0.24157117628205127 0.7707724134615385 0.19505191346153847 0.7493816762820513 0.16452984615384617 0.7269201666666667 0.1481162435897436 0.709525016025641 0.14246988461538462 0.6816352692307692 0.149697625 0.623387048076923 0.1830007467948718 0.6207001955128205 0.1956021923076923 0.5963152628205128 0.21365171153846155 0.5952990192307692 0.22932172115384616 0.6034339423076923 0.23841835897435898 0.6365536346153846 0.2466425096153846 0.6274569999999999 0.2547774326923077 0.6040883076923077 0.2571569358974359 0.6045245512820513 0.2696493237179487 0.6246610865384615 0.2642557820512821 0.6359191057692307 0.273243358974359 0.656511717948718 0.3256816282051282 0.6742885833333333 0.3422588237179487 0.7008349038461539 0.3413318076923077 0.7283974647435897 0.32473477564102565 0.7439584166666666 0.3226279230769231 0.7667272724358974 0.3030713878205128
16 0.5591950737179487 0.538582625 0.5812748717948718 0.544065391025641 0.6134328525641026 0.5695210993589743 0.615594233974359 0.5866435993589744 0.6281411506410256 0.5877689038461538 0.6382540320512821 0.563963967948718 0.6357456282051281 0.4921327532051282 0.610651798076923 0.48988214423076926 0.5796389551282051 0.4972189455128205 0.5581589967948718 0.5089132115384616 0.550732967948718 0.5201166987179487 0.5494986025641025 0.5295405192307693 0.5591950737179487 0.538582625
16 0.7779902692307693 0.44651569871794866 0.761774951923077 0.4298839743589743 0.7427637211538461 0.42273059935897433 0.7224635961538461 0.4234394935897436 0.7166536474358974 0.43615 0.7119343076923077 0.4800914711538461 0.7145864647435898 0.5112679038461538 0.7531343942307692 0.49585070833333333 0.7803697756410256 0.469884391025641 0.7779902692307693 0.44651569871794866
7 0.45729289423076924 0.48585683974358973 0.47071229807692305 0.5119669166666666 0.47114854166666664 0.5244593012820513 0.49446270192307695 0.5205182467948718 0.5126014455128205 0.5026868525641026 0.5358610769230769 0.49718425 0.5355338942307692 0.4878149615384616 0.5240577532051283 0.47258119230769235 0.5346068782051282 0.46126864423076924 0.5394352788461538 0.4204502692307693 0.5367632852564103 0.34393441025641025 0.5554820288461538 0.29794061538461536 0.572168282051282 0.28328684615384614 0.5854042596153847 0.25937284935897437 0.5948280801282052 0.2606072147435897 0.6157280416666666 0.2770753493589743 0.6020012884615384 0.28693541346153845 0.6070131153846153 0.2961411121794872 0.624626391025641 0.30803366025641027 0.6332520897435897 0.33118423076923076 0.6514106666666667 0.3586922628205128 0.6557334326923077 0.3929372628205128 0.6478909967948717 0.4369877948717949 0.6588218333333333 0.43660608012820507 0.6678094102564103 0.42534806089743593 0.7140014903846154 0.4049735673076923 0.7151267948717949 0.3924266538461539 0.7069918685897436 0.38333001602564104 0.7205005 0.3672237596153846 0.7244762467948718 0.3467600416666667 0.7163413237179487 0.33766340705128206 0.7576851666666666 0.3127678621794872 0.780017782051282 0.2807189391025641 0.861545467948718 0.28725264423076924 0.8994043365384615 0.29687475 0.9321968493589744 0.2957296121794872 0.953676810897436 0.28403534935897434 0.9569981923076923 0.2448330512820513 0.9897907051282052 0.24368791346153848 0.9884819743589744 0.2062107564102564 0.982235782051282 0.2064288782051282 0.9564875833333334 0.1854396923076923 0.9390924326923078 0.17979333333333333 0.906934451923077 0.154337625 0.8986904647435898 0.142117891025641 0.8688029294871794 0.13690777884615385 0.784370266025641 0.13672932692307693 0.7387581858974359 0.12894141987179486 0.7090887724358974 0.1299775 0.7061292660256411 0.13477120512820515 0.6921298653846153 0.13682352564102565 0.6526003846153846 0.12413285576923076 0.5884133205128206 0.12168395833333334 0.555348157051282 0.11502135897435899 0.3477167788461538 0.12383545833333333 0.3047023269230769 0.1456624391025641 0.29124822756410257 0.16333024038461538 0.25146593269230766 0.18817125641025642 0.2365048173076923 0.20745513782051284 0.1694673076923077 0.21292304487179486 0.1633301762820513 0.21626426282051284 0.16845106410256408 0.22859305769230767 0.21865856089743588 0.2784337019230769 0.22980752243589742 0.28429818269230767 0.2846798301282051 0.2886358076923077 0.30536166987179486 0.29885775 0.37121934294871795 0.30437521153846153 0.398147375 0.3143790288461539 0.4356790608974359 0.31463184615384615 0.4355154711538462 0.3099472019230769 0.4417071314102564 0.30816753205128206 0.457758858974359 0.32011461217948717 0.4625724006410256 0.36841354487179484 0.45729289423076924 0.48585683974358973
17 0.9125510897435897 0.31517708653846155 0.8972082596153845 0.3235301314102564 0.8781970288461539 0.3163767564102564 0.8469660641025641 0.3174673653846154 0.8314051153846154 0.31957421794871793 0.8253770416666666 0.3260385320512821 0.8268493653846155 0.36820033333333335 0.8398325256410255 0.38181802243589746 0.8509269551282052 0.38612095512820516 0.8743501762820513 0.3853029967948718 0.8974462147435898 0.37511574999999997 0.9026761666666667 0.39056764102564107 0.9533000705128205 0.4075612435897436 0.9813534102564102 0.4050181474358974 0.9950256282051282 0.39359653525641025 0.9928444102564102 0.331134608974359 0.986434625 0.3266680865384616 0.9566561506410256 0.32458107051282054 0.9281665705128205 0.31463178205128206 0.9125510897435897 0.31517708653846155
18 0.6425470128205129 0.28395607371794873 0.6491203878205128 0.2931072403846154 0.6564571891025641 0.32412008012820515 0.6806983685897436 0.34672534615384615 0.7055195480769231 0.34116821474358977 0.7283974647435897 0.32473477564102565 0.7439584166666666 0.3226279230769231 0.7740987692307691 0.29030635256410253 0.7736079967948718 0.27625241666666667 0.717174141025641 0.2719693205128205 0.6981083814102563 0.26325439743589746 0.6512074038461539 0.2633287628205128 0.6420562371794872 0.2699021378205128 0.6425470128205129 0.28395607371794873