6 0 0.8336008557692307 0.37961476602564104 0.8336008557692307 0.28009630769230764 0.7950775801282051 0.036115570512820515 0.7075976442307692 0.002407705128205128 0.6931514166666667 0 0.6931514166666667 0 0.8336008557692307
6 0.4036918141025641 0.36811128846153846 0.5545746378205129 0.3994114487179487 0.5706260032051282 0.39539860897435897 0.598715891025641 0.39379347115384616 0.6300160512820513 0.4146602467948718 0.7487961474358975 0.43713215705128206 0.7640449423076924 0.43873729166666664 0.7688603525641026 0.42990904166666666 0.7744783301282051 0.3921883365384616 0.772070625 0.3841626538461539 0.7399678974358974 0.3809523814102564 0.6829855544871796 0.3705189935897436 0.40128410897435896 0.3159443557692308 0.40048154166666666 0.31514178846153845 0.3964686987179487 0.3159443557692308 0.3964686987179487 0.3183520608974359 0.4028892467948718 0.3311931506410256 0.4044943814102564 0.34162653846153845 0.3956661314102564 0.36490101602564107 0.4036918141025641 0.36811128846153846
6 0 0.628143391025641 0.08105939102564103 0.5591225256410256 0.08025682051282051 0.5551096858974359 0.06821829807692308 0.5446762980769231 0.06581059294871795 0.5390583205128205 0.06179775320512821 0.5133761378205127 0.06260032051282052 0.4957196346153846 0.07704654807692309 0.4620117724358974 0.08587479807692307 0.45639379487179493 0.09309791346153846 0.4451578397435898 0.11235955128205127 0.4275013365384615 0.1404494391025641 0.41546281410256414 0.1508828237179487 0.41385767948717944 0.1669341891025641 0.4194756538461539 0.17736757692307692 0.42027822435897433 0.2215088269230769 0.4411449967948718 0.3049759230769231 0.37533440384615385 0.3009630833333333 0.3624933108974359 0.28491171794871795 0.338416266025641 0.2825040128205128 0.3311931506410256 0.2825040128205128 0.3159443557692308 0.2780898878205128 0.3159443557692308 0.2672552179487179 0.3191546282051282 0.14446227884615384 0.40342429166666666 0.12038523397435896 0.41546281410256414 0.11717495833333334 0.4194756538461539 0.10192616346153846 0.4250936314102564 0.10353130128205128 0.42669876923076927 0.09951845833333334 0.430711608974359 0.09390048076923077 0.43151417948717946 0.09069020833333334 0.4379347243589744 0.08105939102564103 0.4411449967948718 0.07383627564102564 0.4499732467948718 0.060995185897435904 0.4596040673076923 0 0.49892991025641026 0 0.628143391025641
11 0.06179775320512821 0.5165864102564103 0.06661316346153846 0.5414660256410256 0.07544141346153846 0.5518994102564102 0.14446227884615384 0.5807918685897436 0.16292134935897434 0.5864098461538462 0.1741573044871795 0.5864098461538462 0.20947030448717952 0.5671482083333333 0.24077046474358973 0.5366506153846153 0.24478330769230772 0.5181915448717949 0.24317816987179489 0.4844836826923077 0.23996789743589744 0.4652220448717949 0.23194221474358975 0.4499732467948718 0.1837881217948718 0.421883358974359 0.15409309935897436 0.41385767948717944 0.1492776891025641 0.41385767948717944 0.13081861858974358 0.4178705192307692 0.11075441346153846 0.4258962019230769 0.0971107532051282 0.43713215705128206 0.0714285705128205 0.46923488461538465 0.060995185897435904 0.5013376121794872 0.06179775320512821 0.5165864102564103
10 0.3675762435897436 0.5085607275641026 0.38362760897435894 0.5302300705128206 0.3916532916666666 0.5366506153846153 0.43900481410256414 0.5374531826923077 0.47913322756410254 0.5326377756410257 0.4855537724358974 0.5262172275641026 0.4983948621794872 0.5045478878205127 0.5024077051282051 0.4604066346153846 0.49197431730769237 0.42990904166666666 0.47512038461538464 0.40823970192307696 0.45585874679487176 0.3986088814102564 0.4515248782051282 0.3986088814102564 0.41252006410256403 0.3986088814102564 0.39085072115384617 0.40342429166666666 0.38041733653846155 0.40984483653846154 0.3643659711538461 0.43392188461538456 0.36276083333333337 0.4523809519230769 0.3675762435897436 0.5085607275641026
10 0.5714285705128206 0.6265382564102564 0.6019261634615385 0.6746923493589743 0.6219903685897435 0.7035848044871795 0.631621189102564 0.7100053493589744 0.7215088269230768 0.7084002147435898 0.7319422147435898 0.7051899423076923 0.7423756025641025 0.6923488493589743 0.7664526474358975 0.6321562339743589 0.7696629198717948 0.6177100064102564 0.7680577852564102 0.610486891025641 0.7383627596153846 0.5615302307692307 0.7118780096153846 0.5342429102564102 0.7046548942307692 0.5310326378205128 0.6869983942307692 0.5294274999999999 0.6828250416666667 0.5294274999999999 0.6605136442307692 0.5302300705128206 0.6260032115384616 0.5382557532051282 0.6099518461538462 0.5446762980769231 0.5842696634615384 0.5807918685897436 0.5698234358974359 0.6161048685897436 0.5714285705128206 0.6265382564102564
10 0.3081861955128205 0.37372926602564105 0.3218298557692308 0.38576779166666664 0.3346709455128205 0.3889780641025641 0.35393258333333333 0.386570358974359 0.3892455865384616 0.3673087211538461 0.3956661314102564 0.36169074358974357 0.4044943814102564 0.34002140064102565 0.4044943814102564 0.3352059935897436 0.3956661314102564 0.3167469230769231 0.37078651602564106 0.2758159455128205 0.34831460576923073 0.27100053525641027 0.3410914935897436 0.27100053525641027 0.3081861955128205 0.2830390576923077 0.29133226282051283 0.3006955576923077 0.2857142852564103 0.31353665064102565 0.28410915064102565 0.3255751730769231 0.2865168525641026 0.338416266025641 0.3081861955128205 0.37372926602564105
10 0.5112359551282051 0.49331193269230766 0.5345104326923077 0.5222043878205128 0.5609951858974359 0.542268592948718 0.5922953461538462 0.5382557532051282 0.629213483974359 0.5222043878205128 0.6372391666666667 0.5109684326923077 0.6436597115384616 0.4884965224358974 0.6508828237179488 0.45719636217948717 0.6500802564102565 0.4451578397435898 0.6211878012820513 0.40823970192307696 0.596308185897436 0.3945960416666666 0.5910914935897436 0.3945960416666666 0.5626003205128205 0.3986088814102564 0.530497592948718 0.41706795192307694 0.5192616378205128 0.4331193141025641 0.50882825 0.4604066346153846 0.5072231153846154 0.4828785448717949 0.5112359551282051 0.49331193269230766
11 0.5104333878205127 0.4925093621794872 0.5313001602564102 0.5189941153846154 0.5601926153846153 0.542268592948718 0.589887641025641 0.5390583205128205 0.6284109134615384 0.5230069551282052 0.6348314615384616 0.5165864102564103 0.6436597115384616 0.48929908974358977 0.6508828237179488 0.45880149679487175 0.6508828237179488 0.44596040705128204 0.6211878012820513 0.40823970192307696 0.596308185897436 0.3945960416666666 0.5910914935897436 0.3945960416666666 0.5626003205128205 0.3986088814102564 0.5313001602564102 0.4162653814102564 0.5152487948717949 0.4403424294871795 0.5080256826923076 0.4620117724358974 0.5064205448717949 0.47806313461538463 0.5104333878205127 0.4925093621794872
11 0.664526483974359 0.5278223653846154 0.7038523269230769 0.5294274999999999 0.7110754423076923 0.5318352051282051 0.7391653301282052 0.5607276602564103 0.7552166923076923 0.5864098461538462 0.7624398076923077 0.5896201185897436 0.7800963076923078 0.5775815929487179 0.7929374006410256 0.5559122532051283 0.8001605128205128 0.533440342948718 0.8025682179487179 0.5045478878205127 0.7736757628205129 0.47324772756410255 0.7399678974358974 0.4507758173076923 0.7287319423076922 0.4467629743589744 0.7271268044871795 0.4467629743589744 0.688603532051282 0.45719636217948717 0.6516853942307692 0.47244515705128204 0.6404494391025641 0.5053504551282051 0.6356340288461538 0.533440342948718 0.6404494391025641 0.5342429102564102 0.664526483974359 0.5278223653846154
10 0.6019261634615385 0.6746923493589743 0.6195826634615385 0.7003745320512821 0.6324237564102564 0.7100053493589744 0.7215088269230768 0.7084002147435898 0.7303370801282052 0.7059925096153846 0.7415730352564103 0.6939539871794872 0.7664526474358975 0.6329588012820513 0.7696629198717948 0.6185125737179487 0.7672552179487179 0.6088817564102563 0.7351524871794872 0.5575173878205129 0.7070625993589744 0.5318352051282051 0.6773675769230769 0.5294274999999999 0.6721508814102564 0.5294274999999999 0.6324237564102564 0.5366506153846153 0.6123595512820513 0.5430711602564102 0.5842696634615384 0.5807918685897436 0.5698234358974359 0.6161048685897436 0.5714285705128206 0.6265382564102564 0.6019261634615385 0.6746923493589743