12 0.4429531025641026 0.6634681506410256 0.4450723653846154 0.6589642051282052 0.4464627403846154 0.6472408814102564 0.44850216666666665 0.6450231217948719 0.4497214679487179 0.6381987724358975 0.4517152724358975 0.6372874070512821 0.45244415705128205 0.6445067884615384 0.4511180576923077 0.6637532756410257 0.4458012467948718 0.6661835801282051 0.4445819487179487 0.6730079326923077 0.44614650641025644 0.6750245448717949 0.4452424006410256 0.6821869006410256 0.45256027564102563 0.6880013878205128 0.4632923974358974 0.6896841474358975 0.5266410641025642 0.692223326923077 0.5326795064102564 0.6878562435897435 0.5331885865384616 0.6826420737179487 0.531703858974359 0.6783392724358974 0.5330144006410256 0.6689021346153846 0.5308650737179488 0.6649031217948718 0.5313969647435898 0.6590357564102565 0.5331326025641026 0.6561533974358975 0.534146608974359 0.6552078141025641 0.5375795224358974 0.6599056474358974 0.5457444775641026 0.6601907724358974 0.543762076923077 0.6607755416666666 0.5423644423076923 0.6633427083333334 0.5380958557692308 0.6638476378205128 0.5370134166666666 0.6667528076923076 0.5346473910256411 0.6689591602564102 0.5348029134615384 0.6738695384615385 0.5360180673076923 0.6765279455128205 0.5405676346153846 0.6773408141025641 0.5488507916666666 0.664877201923077 0.5472976346153846 0.6625339903846154 0.548323048076923 0.6612618108974359 0.5486081762820513 0.6530968525641025 0.5507730576923077 0.6472865128205129 0.5499000576923077 0.6348301570512821 0.5523386602564103 0.6211814583333334 0.5520960448717949 0.6094011089743591 0.5509721314102564 0.6041299134615384 0.5482038237179487 0.5991282980769231 0.5452457756410256 0.5901960929487179 0.5392799166666666 0.5831208301282051 0.5383913621794871 0.5804738301282051 0.5329874551282051 0.5760341666666666 0.5132018205128205 0.5714192756410257 0.4841687852564103 0.5694244326923077 0.48227451282051287 0.569358282051282 0.47174664423076923 0.5693176378205128 0.4674096282051282 0.571782157051282 0.4532860641025641 0.5735779262820513 0.450266842948718 0.5757614711538461 0.4365300128205128 0.5945745673076923 0.43399291346153845 0.6016798942307693 0.43046772115384613 0.6277165192307692 0.4316030384615384 0.6326611153846153 0.43118519871794875 0.6352624935897436 0.43273835576923075 0.6376057115384616 0.4317502628205129 0.6565370064102565 0.43348175 0.6631374038461538 0.43663368589743595 0.666517435897436 0.4429531025641026 0.6634681506410256
12 0.486838625 0.36187483333333337 0.48415741025641024 0.36374318269230765 0.48139635576923073 0.3678977211538461 0.47844556410256406 0.36812166987179484 0.4800329358974359 0.36948509294871795 0.47998731730769234 0.37079148397435896 0.472407125 0.3724887564102564 0.4683282756410257 0.37692427243589743 0.46823703525641025 0.37953706089743594 0.45885277564102567 0.386076282051282 0.45926646474358973 0.39295765705128205 0.45820683653846156 0.39520962820512817 0.4629803557692308 0.39897328846153846 0.4698275128205128 0.39953939423076923 0.4741303141025641 0.39805466666666667 0.4773164647435898 0.40045490384615384 0.48132688461538464 0.3979789807692308 0.4838484294871795 0.4006830064102564 0.4811672147435897 0.4025513557692308 0.4772480320512821 0.4024144967948718 0.4768073846153846 0.40566907371794875 0.4795985064102564 0.4100174967948718 0.47694009615384614 0.41123265064102565 0.47648804166666664 0.4148138269230769 0.4738182307692308 0.41635557692307695 0.46568749038461543 0.41509065384615385 0.464977266025641 0.4167008365384615 0.4665418301282051 0.41871745192307697 0.464829 0.42094661538461536 0.46642777884615383 0.42198343589743587 0.4687938012820513 0.41977708333333336 0.47238638141025635 0.41990253846153847 0.4729825544871795 0.4215583397435898 0.47683330448717953 0.4236547916666667 0.4791993301282051 0.4214484358974359 0.47896397115384615 0.41882424679487185 0.4871859519230769 0.41747638141025645 0.4882455833333333 0.41522441025641027 0.4929548205128205 0.4114648974358974 0.4978994134615385 0.4103295833333333 0.5007475608974359 0.41304501282051287 0.5043401410256411 0.413170467948718 0.5058932948717949 0.41551368269230765 0.5048336666666666 0.41776565384615383 0.5067590384615385 0.4188138814102564 0.5161961762820513 0.4201244230769231 0.5226254967948718 0.4232919102564102 0.5248318493589743 0.4256579358974359 0.5309459775641026 0.4284874166666667 0.5318801538461538 0.4298280256410257 0.5338739551282051 0.4289166602564103 0.5387501217948718 0.4297409326923077 0.540280467948718 0.4327373429487179 0.542205842948718 0.43378557051282046 0.5432654711538462 0.431533592948718 0.5418263653846154 0.4259243974358974 0.5437486314102564 0.4083337083333333 0.5475236955128205 0.40323359294871797 0.5459705416666666 0.4008903782051282 0.5460617820512821 0.39827759294871795 0.5500950096153846 0.39514846794871794 0.550547064102564 0.39156729487179487 0.5480141153846153 0.3891898653846154 0.5481167596153846 0.38625048076923074 0.5508321923076923 0.3834023365384615 0.5508892179487179 0.38176934294871795 0.5476916634615384 0.3796957019230769 0.5434458846153846 0.3795474358974359 0.5428611217948718 0.37756503846153844 0.5390788012820513 0.3735089967948718 0.5376282884615384 0.36822640064102563 0.5342067852564103 0.36320196794871795 0.5307054455128205 0.36046372756410255 0.5285789262820513 0.35581151602564104 0.5248194166666666 0.3511022788461538 0.5206876923076923 0.34768802884615385 0.5106429807692308 0.345048282051282 0.5103163814102565 0.3450368782051282 0.5076693782051281 0.3459254326923077 0.5001804262820513 0.34500991987179486 0.4955396185897436 0.3468098397435897 0.49317359615384615 0.3490161891025641 0.4885898173076923 0.3491831185897436 0.4875758076923077 0.35012870192307693 0.4887453397435898 0.3540935 0.4930709519230769 0.3519555737179487 0.4929340897435897 0.3558747564102564 0.4889236730769231 0.3583506826923077 0.484339891025641 0.35851760897435897 0.48365247756410257 0.359474592948718 0.4859158557692308 0.36020762820512825 0.486838625 0.36187483333333337
15 0.46697728846153846 0.4530672980769231 0.46895968910256414 0.4524825352564103 0.471864858974359 0.45356497435897436 0.4755144647435897 0.45205743910256413 0.4833341602564103 0.4435015993589744 0.4914120288461538 0.4369167564102564 0.4940590288461539 0.4360282019230769 0.4947920608974359 0.4337648269230769 0.49318188141025643 0.43305460256410255 0.49152607692307687 0.4336507756410256 0.4907930480769231 0.43591415384615384 0.48980184615384614 0.4362065352564103 0.4880361410256411 0.43058593589743593 0.4900641634615384 0.42869477564102565 0.48982880448717947 0.4260705833333333 0.4946707532051282 0.4278746474358975 0.4986811762820513 0.42539872435897436 0.5007434102564102 0.42252776923076923 0.4992700897435897 0.41789836858974355 0.4950813365384615 0.416117108974359 0.4927951506410256 0.41603727564102566 0.4868821666666667 0.41681178205128205 0.4805057211538462 0.4214940576923077 0.47203282692307685 0.43002708653846156 0.46971242307692307 0.4309270448717949 0.4692375576923077 0.4351614166666667 0.46050649358974355 0.4417234519230769 0.4582161602564102 0.4511263717948718 0.4627201057692308 0.45324563141025637 0.4616604743589744 0.45549760256410254 0.46359725320512823 0.4562192307692307 0.46414780769230773 0.4591814262820512 0.46646820833333336 0.458281467948718 0.46557965384615385 0.4556344647435897 0.46697728846153846 0.4530672980769231
15 0.490921608974359 0.45096048397435895 0.487541576923077 0.4541124166666667 0.4863108717948718 0.46126336538461543 0.479585016025641 0.4665874358974359 0.4788063653846154 0.4701572051282052 0.47549476282051284 0.4713495480769231 0.47194365384615383 0.47940045512820517 0.46958903205128205 0.4812802115384615 0.46760248717948716 0.49134773397435894 0.4665998782051282 0.4919667147435898 0.46305291987179487 0.49053486217948716 0.4600793205128205 0.49141201602564105 0.458894233974359 0.4972565705128205 0.4568548076923077 0.49947432371794875 0.4577661730769231 0.5014681314102564 0.4569419006410257 0.506344298076923 0.4525364519230769 0.5107684070512821 0.4520387756410257 0.5156559775641026 0.450641141025641 0.5182231442307692 0.45076245192307696 0.5241133173076923 0.4520004134615384 0.5261185288461538 0.45555877884615387 0.5272237788461539 0.4580118942307692 0.5318873942307693 0.4559268493589744 0.5354115480769231 0.44903407051282057 0.5361518333333333 0.449690375 0.5548135576923077 0.451083858974359 0.5617291474358974 0.45801810897435896 0.5691652211538462 0.4609004711538462 0.570900858974359 0.4756772275641025 0.5691279006410256 0.4942933333333333 0.5697779871794872 0.5151728141025641 0.5711611057692308 0.523269342948718 0.5734058237179487 0.5275151185897436 0.5735540897435898 0.5373700961538461 0.57226325 0.5395121634615385 0.567106108974359 0.5428465769230769 0.5652605705128205 0.544559407051282 0.5630314038461538 0.5464433076923076 0.5559032692307693 0.5463147467948718 0.5408569358974359 0.5484495576923077 0.5265436378205128 0.5478689423076923 0.5150784807692308 0.5486361891025641 0.5118353076923077 0.5464754551282051 0.508162891025641 0.5422638942307693 0.507034830128205 0.5436501217948718 0.5047942628205129 0.54206275 0.503430842948718 0.5412768429487179 0.49784445512820513 0.5397236858974359 0.49550124358974357 0.5401301217948719 0.4932264583333333 0.5372819775641026 0.4905110288461539 0.534692 0.48976659294871794 0.5334540352564102 0.48776138141025643 0.5295120480769231 0.4882777147435897 0.5299298878205128 0.4856763333333333 0.5253502532051282 0.47636050641025646 0.5277162756410256 0.47415415384615384 0.5238541217948718 0.4723843012820513 0.5187882179487179 0.4676294455128205 0.5185072435897435 0.4663116474358975 0.5205352628205129 0.4644204871794872 0.5166617019230769 0.4629772339743589 0.5161111506410256 0.4600150384615384 0.5178239775641026 0.457785875 0.5111250865384616 0.4529739903846154 0.5121619038461538 0.45137521474358977 0.5167799006410256 0.45022849358974365 0.5226244551282051 0.45141358012820515 0.5257991987179488 0.45414041666666666 0.5273295448717948 0.4571368269230769 0.5318563012820513 0.45860289102564106 0.5347158493589743 0.46099172756410256 0.5358667211538461 0.4561269647435897 0.538559342948718 0.45393201602564104 0.5393151858974359 0.45101544230769225 0.5398812916666667 0.4441682852564102 0.537811798076923 0.4378830801282051 0.5388942403846154 0.43497791025641025 0.5315991730769232 0.42851022756410256 0.5310030032051282 0.4268544230769231 0.5284016217948718 0.42643658653846156 0.5226711185897436 0.42198551602564105 0.515273407051282 0.4184572147435897 0.513967016025641 0.41841159615384615 0.5037740352564103 0.42001763141025644 0.5053271923076923 0.4223608429487179 0.5026459743589744 0.42422919230769235 0.5051789262820513 0.4266066217948718 0.5037812916666667 0.4291737884615384 0.5059876474358974 0.4315398108974359 0.5052546121794872 0.4338031891025641 0.5118736730769231 0.4409012596153846 0.5107456089743589 0.44511282051282053 0.5032110384615385 0.4455037019230769 0.4996640801282051 0.4440718525641026 0.496994266025641 0.44561360576923076 0.49305227564102566 0.4461299391025641 0.490921608974359 0.45096048397435895
11 0.45949559615384616 0.4613079455128205 0.4637413717948718 0.4614562115384615 0.468078391025641 0.4589916891025641 0.47234697756410254 0.4584867596153846 0.4734978493589743 0.453622 0.4832885416666666 0.44480799358974354 0.48694955448717947 0.442973858974359 0.490432233974359 0.4368825416666667 0.5000974711538461 0.4316611185897436 0.5040052435897436 0.43212457692307693 0.5046014134615385 0.43378037820512827 0.5084407596153847 0.43620342628205133 0.5125382724358974 0.4405974711538461 0.5144066217948718 0.4432786891025641 0.5143153814102563 0.4458914743589744 0.5172319551282052 0.4466473173076923 0.5206876762820513 0.45069195192307693 0.5276903589743589 0.4561684391025641 0.5362161282051282 0.4554851730769231 0.5428279326923077 0.4534270865384616 0.5433940384615384 0.44657992628205123 0.5419321217948718 0.44162392628205127 0.5400409615384616 0.43959590705128204 0.540109391025641 0.4376363173076923 0.5357194967948719 0.43225107371794874 0.531261169871795 0.4288254198717949 0.5285156730769232 0.42317060256410255 0.5249116826923077 0.42337174358974355 0.5233357179487179 0.42168172756410255 0.5155886025641025 0.41879522115384615 0.5080654358974359 0.4188595032051282 0.5045941602564102 0.4246242211538461 0.5044002756410256 0.43017639102564104 0.5004582820512821 0.43069272756410254 0.4992431314102564 0.4280343205128205 0.5010471987179488 0.42319237179487185 0.4999232852564103 0.41792117948717955 0.4947661410256411 0.4157791057692308 0.49313315064102564 0.4157220801282051 0.4865783782051282 0.4161471794871795 0.4822641698717949 0.41795850320512823 0.4818919487179487 0.41925349038461535 0.47381408333333336 0.4258383333333333 0.4727202403846154 0.42907009935897433 0.46874403205128207 0.4305662307692308 0.4670083942307692 0.43344858974358974 0.4600015641025641 0.4374548621794872 0.45804923076923076 0.4465425897435898 0.4566858141025641 0.4481299615384616 0.4565717628205128 0.4513959455128205 0.4583944903846154 0.4553835544871795 0.45732345512820516 0.4579621282051282 0.45949559615384616 0.4613079455128205
11 0.9478067115384615 0.5519343750000001 0.9549804711538462 0.5525118846153847 0.9599934935897435 0.5494169775641026 0.9581137435897435 0.5470623621794872 0.9588467724358974 0.5447989807692307 0.9621241602564101 0.5445864326923077 0.9656597179487181 0.5463448814102564 0.9703347403846154 0.5435651666666667 0.9727235737179487 0.5407056185897436 0.9729060544871795 0.5354800448717949 0.9797418108974358 0.5363727467948718 0.9814888525641025 0.5331637884615384 0.9820549551282051 0.5263166314102564 0.9768563429487179 0.5159981955128204 0.9699220897435898 0.5085621217948718 0.9635383910256411 0.5040882435897436 0.9541468750000001 0.5014713076923076 0.9518606858974358 0.5013914711538461 0.9469503076923076 0.5015469935897436 0.9426475032051282 0.5030317211538462 0.9285768173076923 0.5126772564102564 0.9241371538461538 0.5180811634615384 0.9233128814102565 0.522957326923077 0.9290547884615384 0.5270817980769231 0.9262595224358975 0.5322161314102564 0.9294000512820514 0.5359227596153846 0.9299277916666667 0.5395381538461539 0.9324265256410257 0.5428953782051281 0.9411534391025642 0.5458160993589743 0.9413773942307692 0.548766891025641 0.9442597532051281 0.5505025256410256 0.9478067115384615 0.5519343750000001
11 0.6825269967948717 0.39519514423076924 0.6759307499999999 0.38744387500000005 0.6691634262820513 0.3845915833333334 0.6675304326923077 0.3845345576923077 0.6619668589743589 0.38466727243589743 0.6576298397435897 0.38713179166666667 0.6522217852564103 0.39217488461538463 0.6497759262820513 0.3966674262820513 0.6492668461538462 0.40188159294871795 0.6512222852564102 0.41143277884615387 0.654970391025641 0.4164686153846154 0.6578413461538462 0.4185308493589744 0.6669518846153846 0.41982998717948716 0.673191467948718 0.4190668878205129 0.6778550833333333 0.4166137724358974 0.6833885929487179 0.4079780993589744 0.6843041057692307 0.4004891474358974 0.6825269967948717 0.39519514423076924
11 0.3921696955128205 0.385382641025641 0.38473776923076924 0.3828341378205128 0.3824515801282051 0.3827543012820513 0.3791741923076923 0.3829668461538462 0.3731927756410256 0.3857009423076923 0.3684265128205128 0.3910934423076923 0.36661104166666664 0.3962619903846154 0.36779923717948715 0.40905634935897434 0.3724587051282051 0.41608599038461536 0.3760056666666666 0.41751783974358975 0.3897342019230769 0.4176702532051282 0.3927078012820513 0.41679310256410257 0.3964144326923077 0.41365257692307694 0.39818428525641025 0.4097904230769231 0.3999126634615385 0.3977519038461539 0.39786598397435896 0.3908135064102564 0.3921696955128205 0.385382641025641
11 0.34066255128205125 0.37148509935897434 0.335889032051282 0.3677214391025641 0.33007869230769227 0.3655565608974359 0.32828240384615387 0.36549383333333335 0.3199085256410256 0.36650939743589744 0.314173875 0.3715410833333333 0.31106341025641027 0.37633741025641027 0.31111628846153844 0.3841871762820513 0.3141769807692308 0.3901799967948718 0.31766691666666663 0.39324483653846154 0.3279812019230769 0.39752898076923077 0.3328801762820513 0.3977000576923077 0.33485116987179486 0.3974418878205128 0.3423328685897436 0.38920124038461534 0.3448129391025641 0.3837289070512821 0.3450068269230769 0.3781767371794872 0.34381448397435893 0.3748651314102564 0.34066255128205125 0.37148509935897434
10 0.4365994679487179 0.6674972307692308 0.4402832916666667 0.6650099006410256 0.4451594551282051 0.665834173076923 0.44426675320512826 0.6726699294871795 0.44581991025641027 0.675013141025641 0.4452538044871795 0.6818603012820512 0.4535286634615385 0.6883622019230768 0.462965798076923 0.6896727403846155 0.5158861314102564 0.6911937628205128 0.522057282051282 0.6923902564102564 0.5289500608974359 0.6916499647435898 0.5333555128205129 0.6872258557692308 0.5331585192307693 0.6741391121794872 0.5341497179487179 0.6738467307692309 0.535353467948718 0.676831733974359 0.5405676346153846 0.6773408141025641 0.546146766025641 0.66739875 0.5485127852564102 0.6651923942307693 0.5482432115384616 0.6635479967948718 0.5460140512820513 0.6618351698717948 0.548334451923077 0.6609352115384615 0.5474573044871794 0.6579616121794871 0.5485055288461539 0.6560362371794871 0.548292983974359 0.6527588493589744 0.5510654423076924 0.6482777115384615 0.5502494647435897 0.6341883685897436 0.552710875 0.6198864711538462 0.5512987307692307 0.6041413205128205 0.545572375 0.5902074967948717 0.5392685096153846 0.5834474294871794 0.5380875737179487 0.5798092275641026 0.5352394294871795 0.5770937948717949 0.5158032019230769 0.5718371153846155 0.4890563557692308 0.5699221057692307 0.48738711217948716 0.569863814102564 0.4717352403846154 0.569644233974359 0.4641208333333333 0.5723213012820513 0.4569128621794872 0.5727235897435897 0.45360125641025645 0.5739159294871795 0.44479035897435903 0.5827641506410257 0.4409582724358974 0.5894972628205128 0.4372174230769231 0.5936175833333334 0.43474875641025645 0.5987633205128206 0.43096539743589746 0.6228289487179487 0.4307601057692308 0.6287077211538462 0.43241175641025636 0.6375943044871796 0.4320768621794872 0.6565484102564103 0.4338083493589744 0.6631488076923077 0.4365994679487179 0.6674972307692308
10 0.45870450961538456 0.39032206089743593 0.4585334358974359 0.3952210352564103 0.4617081762820513 0.3979478717948718 0.4624826794871795 0.40386085897435897 0.4614344551282051 0.40578623076923076 0.45846085576923074 0.4066633814102564 0.459596173076923 0.41160797435897434 0.46181392948717953 0.4136474006410256 0.46188961538461537 0.4208439679487179 0.46600993910256416 0.4245848173076923 0.4702671217948718 0.42440648397435904 0.4728228846153846 0.42613071474358977 0.47354450961538463 0.4241939358974359 0.48661984935897434 0.4243235416666667 0.4871289262820513 0.4191093717948718 0.48851515384615385 0.41686880769230766 0.49019376602564096 0.4156194358974359 0.494800358974359 0.4147993141025641 0.49780091987179487 0.40378620833333334 0.5049860801282051 0.40403712179487183 0.5059088493589743 0.40570432692307695 0.5059731314102565 0.4132274935897436 0.5077844551282051 0.4175417051282051 0.5159151987179487 0.418806625 0.5280978333333334 0.42577198397435895 0.5316790096153846 0.4262240352564102 0.5345385576923076 0.4286128717948718 0.5388185512820513 0.42778134294871795 0.5422172467948718 0.4334589711538462 0.5430529230769231 0.42825620512820517 0.541499766025641 0.42591299358974355 0.5428859967948717 0.4236724230769231 0.5419860384615385 0.4213520224358974 0.5432053365384615 0.41452766987179485 0.5427916506410256 0.40764629807692304 0.5468704999999999 0.4032107820512821 0.5450135576923076 0.40020296794871796 0.5464225961538461 0.3973092019230769 0.5484278012820513 0.3960712403846154 0.5485190448717949 0.39345845192307694 0.5460089038461539 0.3904278269230769 0.5448393717948717 0.38646302884615386 0.5397620641025641 0.38203476923076923 0.5398304935897436 0.3800751794871795 0.5335608461538461 0.3723353173076923 0.5306784871794872 0.3705996794871795 0.5294519294871795 0.3682678717948718 0.5268619487179488 0.3675234326923077 0.5247468397435897 0.3625446217948718 0.5192630993589743 0.3603911506410256 0.5197493653846154 0.3558301794871795 0.5181962115384616 0.35348696153846154 0.5225218269230769 0.3513490416666667 0.5206078557692307 0.3499742147435897 0.5166772692307692 0.35016395512820514 0.5112163397435897 0.3473572820512821 0.5092567499999999 0.3472888525641026 0.5069135352564103 0.34884200961538464 0.5017335833333333 0.34735313461538464 0.4964281762820513 0.34945683974358976 0.4963939615384616 0.3504366378205128 0.49964853846153845 0.35087728525641027 0.49991810897435895 0.35252167948717944 0.49759770833333333 0.353421641025641 0.49385685897435894 0.35754196474358974 0.4885286410256411 0.3602988685897436 0.48236474679487185 0.36825853205128206 0.4712676602564102 0.37702691666666666 0.470185217948718 0.3799320897435897 0.46316698397435896 0.3842649583333333 0.45870450961538456 0.39032206089743593
10 0.324726625 0.39708833012820516 0.32276703205128204 0.39701990064102566 0.3109296602564102 0.39889550320512823 0.3065584262820513 0.4023398205128205 0.30410116025641026 0.40715896153846154 0.30438939743589744 0.41763291666666663 0.30830442628205124 0.4272525352564103 0.31052218589743585 0.4292919583333333 0.3163211185897436 0.43178343910256406 0.33437526602564105 0.42979792948717954 0.3360652852564102 0.42822196474358976 0.3399658012820513 0.41952926282051284 0.33992433012820517 0.41135290384615386 0.33812441025641027 0.4067120961538462 0.33306991346153847 0.40163064102564106 0.324726625 0.39708833012820516
11 0.4543560705128205 0.49611710576923074 0.4486898493589743 0.4991891987179487 0.45089620192307694 0.5015552243589744 0.44851877564102566 0.5040881730769231 0.44981376282051283 0.5044603942307692 0.45184178205128206 0.502569233974359 0.45376715705128207 0.5036174615384615 0.45171632692307695 0.5061618141025641 0.45324667307692307 0.5091582243589744 0.45066395192307696 0.5175699455128205 0.45044725641025646 0.5237753141025642 0.45645873717948715 0.5295441826923076 0.4567397179487179 0.5308619807692307 0.45662566666666665 0.5341279615384615 0.4552736538461538 0.5353887371794872 0.4483808717948718 0.5361290256410256 0.4499485416666667 0.5567845512820513 0.45232182371794877 0.563734358974359 0.4609004711538462 0.570900858974359 0.47631902243589747 0.5694773076923076 0.49331353846153847 0.5697437724358974 0.5135398205128205 0.5711040801282051 0.5239225416666666 0.5734286346153846 0.5269303557692309 0.5715716891025641 0.5267178076923077 0.5682943044871795 0.5280698205128205 0.5670335288461538 0.5281610608974359 0.5644207435897436 0.5269116923076923 0.5627421314102564 0.5274321794871795 0.5572013653846154 0.5307437788461539 0.5560090224358974 0.5323197467948718 0.5576990416666667 0.5323384070512821 0.5665285993589744 0.5345447628205128 0.5688946217948718 0.5375069551282051 0.5683440705128205 0.5442442115384615 0.5626934038461539 0.5426910544871796 0.5603501891025642 0.5450342692307693 0.5587970320512821 0.5464433076923076 0.5559032692307693 0.5466942211538461 0.5487181057692307 0.5454562564102564 0.5467128942307692 0.5465044807692307 0.5447875224358975 0.5475682628205129 0.5330527916666666 0.5489658942307692 0.530485625 0.549308048076923 0.5206876762820513 0.5472271506410257 0.5147290705128206 0.5476563942307693 0.5118010897435897 0.545788048076923 0.509119875 0.5419372948717949 0.507023423076923 0.5426703301282051 0.5047600480769231 0.5411285769230769 0.5020902371794872 0.5401301217948719 0.4932264583333333 0.5366287788461539 0.4904882179487179 0.5340273974358974 0.4900703782051282 0.533116032051282 0.4880765737179487 0.5317412083333333 0.48999054166666667 0.5294436185897435 0.49023730769230767 0.5287033269230769 0.48334452884615386 0.5250236538461538 0.4763491025641026 0.5250692756410257 0.47504270833333334 0.5267364807692307 0.4741199391025641 0.5234819038461539 0.47367928846153845 0.5162438653846154 0.46557861217948715 0.5155377916666667 0.45770603846153846 0.510809891025641 0.4526359871794872 0.5109695641025641 0.4480636153846154 0.5070389807692307 0.4482533493589743 0.504832625 0.445887326923077 0.5016008557692307 0.4447934775641026 0.49996786538461535 0.44473645512820514 0.4937054711538461 0.44615275 0.4902684166666666 0.45093767307692306 0.48622377884615386 0.4543933974358974 0.48564626602564104 0.4615671538461538 0.47518371794871794 0.4615287884615385 0.47334543269230767 0.46735053525641024 0.47415415384615384 0.4722837243589743 0.47160564743589745 0.4797156506410256 0.46858642948717955 0.48189919230769235 0.46651278846153843 0.48509674358974364 0.46356199679487176 0.48532069871794875 0.4605541826923077 0.48717764423076926 0.46011353525641024 0.49043221794871794 0.4543560705128205 0.49611710576923074
2 0.46973420512820513 0.35539159615384613 0.4667834166666667 0.35561554487179486 0.4649036634615385 0.35326092948717946 0.4657808108974359 0.35623452884615386 0.4643831794871795 0.3588016955128205 0.46627433653846156 0.36082971474358977 0.46227532051282044 0.36297904487179483 0.4595101217948718 0.3766163365384615 0.45673766346153843 0.3810974711538462 0.45727681089743594 0.384386266025641 0.45563966987179494 0.3938119967948718 0.45565833012820517 0.4026415544871795 0.45234257692307694 0.4133166538461538 0.4523726442307692 0.4218196153846154 0.4495089487179487 0.42891353846153846 0.4502948557692308 0.4344999230769231 0.4481984070512821 0.4383506730769231 0.446933483974359 0.44648141666666663 0.443731782051282 0.45389053205128205 0.4422957852564103 0.46692024679487176 0.44010809294871794 0.47338378525641023 0.4416498461538461 0.4760535961538461 0.43994842307692306 0.47795616025641025 0.44019518589743595 0.48025375641025636 0.43229565384615387 0.4910957788461538 0.4302292692307692 0.5034494903846154 0.42640858653846153 0.5098560032051282 0.4250068044871795 0.5219059230769231 0.423969983974359 0.523504701923077 0.4235365929487179 0.5359154358974358 0.4203805128205128 0.5420181570512821 0.41988283653846153 0.5469057275641026 0.4185080128205128 0.5488196987179487 0.4158226474358975 0.5601708012820513 0.4147360576923077 0.5725587275641026 0.41116213782051286 0.5812628301282051 0.40953640384615386 0.5903619647435898 0.40813876923076925 0.5929291314102564 0.4087121314102564 0.5952381282051282 0.40699930448717947 0.5974672916666667 0.40570016666666664 0.6065778301282051 0.40431393910256413 0.6088183974358974 0.4020992884615385 0.6254178846153846 0.39966483333333336 0.6295838269230769 0.39772390384615386 0.6383449551282051 0.3945107980769231 0.6460806698717949 0.39097834935897435 0.6629611378205128 0.3849813846153846 0.6755045865384616 0.3846620416666667 0.6846493397435898 0.3831731666666667 0.6898292916666667 0.3798501602564103 0.6913482307692308 0.3801269871794872 0.7021487852564103 0.3750714487179487 0.7251890000000001 0.3756220032051282 0.7281511955128206 0.3737266923076923 0.7356059326923077 0.3723518717948718 0.7375199006410257 0.37258722756410256 0.740144092948718 0.3708858076923077 0.742046657051282 0.37113256730769234 0.74434425 0.3694197403846154 0.7465734102564102 0.3675472435897436 0.7533749519230769 0.36571621474358973 0.7683528525641026 0.36322473717948717 0.7741517884615384 0.3620126923076923 0.7901322948717949 0.35947559294871795 0.7972376217948718 0.35508155128205127 0.8013351346153846 0.35261288141025643 0.8064808717948717 0.3524646153846154 0.8107266506410257 0.35508465705128206 0.8199740480769231 0.36165809615384614 0.8283785128205128 0.6082398205128206 0.8369893365384615 0.6093336634615384 0.8337575673076923 0.6154405352564103 0.8274308942307692 0.6189574294871795 0.8203597788461539 0.6190486698717949 0.8177469935897436 0.6140626057692308 0.8107059487179488 0.6091304519230769 0.783393 0.6095711025641025 0.7801384198717949 0.6081548076923077 0.7738760256410256 0.607361641025641 0.759133483974359 0.6054746314102564 0.7476227051282052 0.6019318173076923 0.7367080993589743 0.6014538461538462 0.7223035608974359 0.5997793846153846 0.7140701730769231 0.6002998685897436 0.708529407051282 0.6030038942307693 0.7060078589743589 0.6034331378205129 0.7030798782051282 0.5984242628205129 0.696692032051282 0.5961463685897436 0.6776466826923078 0.5948970032051282 0.6759680705128205 0.5940011923076923 0.6641649134615384 0.5918974871794872 0.6588595032051282 0.5904055032051282 0.6454005416666667 0.5875044807692308 0.6348353461538461 0.586980891025641 0.6217371987179487 0.5844292788461539 0.6105302115384615 0.5798050673076923 0.5743991057692308 0.5771964294871795 0.564825108974359 0.5761222852564103 0.5487647692307692 0.5740413846153846 0.5428061602564103 0.5722383589743589 0.5195264423076923 0.5667587692307692 0.5078902083333333 0.5658515512820512 0.49641364743589744 0.560630125 0.4867484102564102 0.5610707756410256 0.48349383333333334 0.5592024262820513 0.48081261538461534 0.5596544807692307 0.4772314391025641 0.5575963942307692 0.4706196378205128 0.5586788333333333 0.4677144711538462 0.5571712980769231 0.4640648621794872 0.5566860705128206 0.4405041634615384 0.5528322115384616 0.419768798076923 0.5520888141025642 0.39423710576923077 0.5506611153846154 0.3883013108974359 0.5519374423076924 0.37984396794871794 0.5506994775641026 0.3778387596153846 0.5500846474358975 0.3673534006410256 0.5478368237179487 0.3568110128205128 0.5482546634615384 0.3542096314102564 0.5456118076923077 0.3456154294871795 0.5440856121794871 0.33313626282051284 0.5417921634615385 0.3239002692307692 0.5300273685897435 0.31433352884615384 0.5258614262820513 0.3118990769230769 0.5235752403846154 0.3118192403846154 0.5229178942307693 0.3212791858974359 0.5240760224358975 0.32557058653846155 0.5239049455128205 0.33046955769230774 0.5233844615384615 0.3360103269230769 0.5216260128205129 0.33954588141025643 0.5224689487179487 0.34349927884615383 0.5273337083333334 0.34465014743589745 0.5240335096153846 0.345515891025641 0.5204865480769231 0.3440840416666667 0.5171521346153846 0.34592958333333335 0.5110151955128206 0.3437532948717949 0.4986386794871795 0.34234010897435896 0.4932461762820513 0.33757384615384617 0.4899801923076923 0.3374597948717949 0.4893726185897436 0.33613059294871794 0.48912585256410257 0.3338329967948718 0.49149187499999997 0.3316266474358974 0.4903109391025641 0.3279884423076923 0.49076299358974357 0.32440726923076924 0.4921378173076923 0.32249329807692306 0.4925141826923077 0.31171555448717947 0.49159141666666667 0.31004834615384613 0.4909610288461539 0.30937234294871796 0.4855643814102564 0.3140888333333333 0.4728913269230769 0.3211672019230769 0.4713226185897436 0.32863334294871793 0.46931740705128205 0.3298713076923077 0.4678243846153846 0.34453401602564104 0.4650291185897436 0.3496683461538462 0.4685532692307692 0.35175339423076923 0.4722142820512821 0.3499192596153846 0.4738358685897436 0.3503028814102564 0.4766954166666667 0.35269171794871795 0.4769649903846154 0.3543361153846154 0.47432939102564103 0.3548980705128205 0.47143562820512824 0.35348903205128207 0.46973420512820513 0.35539159615384613
6 0.8387249711538461 0.38887782051282055 0.8260218557692307 0.38745323076923077 0.8224862980769231 0.38569478205128205 0.8149330641025642 0.3772561025641025 0.8012314871794872 0.36696773717948716 0.790864326923077 0.3548338269230769 0.7822742724358974 0.3479939262820513 0.7780627115384615 0.3468658653846154 0.7502904487179487 0.3462230320512821 0.7491737948717948 0.350108 0.7514257692307692 0.3511676282051282 0.7706836634615385 0.35216712499999997 0.7775951025641026 0.36025639743589744 0.8111538525641026 0.3918389775641026 0.8211529487179487 0.3957851121794872 0.8397120224358975 0.3980681955128205 0.8740048493589743 0.39926572756410256 0.9207426217948719 0.39991685576923075 0.9569722243589743 0.40183601282051284 0.9707463782051281 0.4006820352564103 0.9735074294871794 0.39652749679487176 0.9739822948717949 0.392293125 0.9727671410256411 0.38963471794871796 0.968343032051282 0.3852292692307692 0.956464185897436 0.3789285096153846 0.9411410224358975 0.3682565224358974 0.9282823814102564 0.36192154807692306 0.9251190448717949 0.3588681153846154 0.925233092948718 0.3556021314102564 0.9298510897435898 0.35445541025641025 0.9340854647435898 0.3549302724358975 0.9374084711538462 0.35341133333333336 0.9378035032051282 0.35146314743589746 0.9352135224358974 0.35071870833333335 0.9335805320512821 0.3506616826923077 0.9060436314102563 0.3526430448717949 0.898687391025641 0.35729110576923073 0.8976163557692308 0.3598696794871795 0.9046190352564102 0.3653461634615385 0.9379351730769232 0.38514839423076924 0.9398035192307693 0.387829608974359 0.9445884455128205 0.39126666987179487 0.9432478365384614 0.39220084294871793 0.9282129102564102 0.39200280769230766 0.9252393108974359 0.39287995833333333 0.9053738365384615 0.3905512596153846 0.8746507852564103 0.3901323782051282 0.8612944711538463 0.38868497756410253 0.8387249711538461 0.38887782051282055