16 0.4276271474358974 0.5322041442307692 0.4440486314102564 0.537318951923077 0.46000554807692307 0.5388097115384616 0.49270891346153844 0.5392146410256411 0.5119108397435898 0.5349850352564103 0.5230395416666667 0.5286961057692308 0.5392146410256411 0.5072910865384616 0.5418411506410257 0.5008838173076924 0.5442041762820513 0.46828307051282053 0.5402338974358974 0.45662139423076925 0.5305090480769231 0.44236741025641024 0.5285809967948718 0.422958858974359 0.5246976217948718 0.4158831762820513 0.521913016025641 0.40657435576923073 0.5103853878205128 0.3954983525641026 0.5068468525641026 0.39433116987179484 0.504097842948718 0.3905873942307692 0.4992881153846154 0.3886990961538462 0.4480341378205128 0.3863402371794872 0.4423835769230769 0.38800758012820513 0.436218532051282 0.3932476602564102 0.429537608974359 0.39584274038461537 0.4258123269230769 0.4044831442307692 0.4202870384615385 0.42873701923076923 0.41510104166666667 0.4340284134615385 0.4168196923076923 0.4386999262820513 0.4104323044871795 0.44818255128205126 0.4070832916666666 0.44964326602564103 0.397862766025641 0.4632316121794872 0.39829866987179485 0.4923793397435898 0.4004989903846154 0.5003485512820512 0.40613522115384615 0.5114430480769231 0.41139241025641027 0.5172817467948718 0.4137637596153846 0.521987467948718 0.4193815032051282 0.527190564102564 0.4276271474358974 0.5322041442307692
16 0.26022923397435893 0.37944300961538463 0.25736188782051284 0.3842014294871795 0.2567789903846154 0.38907956730769233 0.25980442948717947 0.40003724038461536 0.2668144743589744 0.4098947467948718 0.26937395833333333 0.411010625 0.28438603525641026 0.411797375 0.2910840608974359 0.4088759423076923 0.293178983974359 0.406367766025641 0.29520410256410257 0.3989472435897436 0.29542506089743586 0.38848695512820514 0.28473110256410256 0.38023623076923074 0.28559759294871795 0.3761910673076923 0.27558337499999996 0.3737027692307692 0.2653639230769231 0.37513066666666667 0.26022923397435893 0.37944300961538463
11 0.8938335833333334 0.35963497756410256 0.8936611634615386 0.3566807275641026 0.9022659743589744 0.35484096794871794 0.9020935544871795 0.35188672115384617 0.8844193717948718 0.3519421923076923 0.8748526153846155 0.35340429487179487 0.8668491955128206 0.3562573108974359 0.8627277628205129 0.359968266025641 0.8706128461538462 0.3656174391025641 0.900931923076923 0.38029623076923075 0.8985556730769232 0.384425891025641 0.8964499326923078 0.38464278205128205 0.834117173076923 0.3813760608974359 0.8115135416666667 0.38182768269230766 0.7916917371794872 0.37915263782051284 0.7767979935897436 0.36986369551282056 0.7661638974358974 0.36047074679487184 0.7494488846153846 0.34846839102564103 0.7358106153846153 0.3464446570512821 0.7184798846153847 0.3461908846153846 0.7171060737179488 0.3474278685897436 0.7182404391025641 0.35075977884615384 0.7380793461538462 0.35310847435897436 0.7787075544871795 0.3833808493589744 0.7834659711538462 0.38624819871794874 0.7931367371794872 0.38904574038461537 0.8208422371794872 0.39115221794871796 0.9358198878205127 0.39521446474358973 0.9401308461538462 0.39413141025641024 0.9422770769230769 0.39064418269230766 0.9425678333333334 0.3850962435897436 0.9404031121794872 0.3826920737179487 0.9145161025641025 0.37086352243589743 0.8938335833333334 0.35963497756410256
22 0.5175410352564103 0.36511225320512825 0.5144656762820513 0.36135137500000003 0.508345 0.33452368910256414 0.49552768910256406 0.3168351794871795 0.4932247532051282 0.3108240576923077 0.4810444230769231 0.29971384615384616 0.4728514807692308 0.29993896794871794 0.4670811955128205 0.3038907532051282 0.45456296474358976 0.31796076602564105 0.45442614102564105 0.3205715641025641 0.45193645512820513 0.32436803205128206 0.4434014455128205 0.331120141025641 0.4405512051282051 0.3355522083333333 0.4418408878205128 0.3421647147435897 0.4333599615384615 0.360373266025641 0.435387858974359 0.36538822756410255 0.4327456346153846 0.3783395897435897 0.4289690416666667 0.38795904166666667 0.429021733974359 0.39319774038461536 0.4304995544871795 0.39622040064102565 0.44602473076923077 0.3872166634615385 0.46534776602564104 0.38692035897435895 0.49374017307692303 0.38840834294871796 0.5011778012820512 0.3901071153846154 0.5110209807692307 0.39585890705128207 0.5171545993589743 0.4037070128205128 0.5215510705128206 0.4009922083333333 0.519466314102564 0.3720853141025641 0.5175410352564103 0.36511225320512825
17 0.272029125 0.37907967948717947 0.2689195608974359 0.37597150320512823 0.26471122115384615 0.3750964583333333 0.26462570512820516 0.37672820833333337 0.2612595929487179 0.37851527243589744 0.25947391666666664 0.38136690384615385 0.2590107403846154 0.3839605929487179 0.2573105801282051 0.3851804743589744 0.25708823717948714 0.3894230192307692 0.25946097435897436 0.40034648397435896 0.2662985993589743 0.4072497467948718 0.27016348397435896 0.40843403205128204 0.276243016025641 0.4048256987179487 0.2803829391025641 0.4070061378205128 0.29491196474358977 0.3982774423076923 0.29494478205128205 0.3914069967948718 0.28214734935897434 0.385827625 0.2826276282051282 0.38290758333333336 0.27537813782051285 0.37761896474358975 0.272029125 0.37907967948717947
17 0.9589731506410255 0.4716944262820512 0.9477903621794872 0.46652691987179484 0.9367115833333333 0.46561905769230766 0.9307346698717948 0.46726929487179486 0.9125658814102564 0.4830066474358974 0.9117435384615384 0.49245368269230766 0.9161756057692307 0.49530392307692306 0.9165033397435898 0.5015387692307692 0.918977314102564 0.5042863942307693 0.9231343397435898 0.506140483974359 0.9242516025641024 0.5097987403846154 0.9315695064102564 0.5137819615384616 0.9475093237179487 0.5155990673076923 0.953812580128205 0.5139659326923077 0.9684613301282052 0.5029527916666666 0.9723248269230769 0.49791933653846154 0.9718246666666667 0.48873023717948716 0.965243592948718 0.47693173076923073 0.9589731506410255 0.4716944262820512
17 0.3255661634615385 0.3753405192307692 0.32488064423076923 0.3821767564102564 0.3260677083333333 0.39074735897435897 0.3315999358974359 0.3975822115384615 0.33608331410256415 0.39945340384615385 0.3484674903846154 0.40042967307692307 0.3557840064102564 0.3981951506410256 0.35988694871794874 0.3885928012820513 0.36046845833333335 0.3774969166666667 0.35907615705128204 0.3728425064102564 0.3538018685897436 0.36733016025641024 0.34643265384615385 0.3643259903846154 0.3362645096153846 0.36477483653846154 0.3274373557692308 0.370857141025641 0.3255661634615385 0.3753405192307692
17 0.267029875 0.37456348397435896 0.2739003173076923 0.3745963044871795 0.2917996217948718 0.3827337756410256 0.2941011730769231 0.38252714743589744 0.2958355384615384 0.3806545673076923 0.30246237179487184 0.36660304487179485 0.30144773076923076 0.3609866923076923 0.29565756730769227 0.352829342948718 0.282465375 0.3485382628205128 0.2735513141025641 0.3500345737179487 0.26546376602564103 0.3607370833333333 0.2650874935897436 0.36791677243589743 0.267029875 0.37456348397435896
17 0.6418802019230769 0.371628592948718 0.6299947948717949 0.37362367307692307 0.6240876826923077 0.3801862564102564 0.6222335929487179 0.38434328205128204 0.6217533173076922 0.38726332692307697 0.6233693461538461 0.3938929358974359 0.6287462564102564 0.3974471858974359 0.6282317724358973 0.40101992948717946 0.6316676891025641 0.40414521153846156 0.6420766666666667 0.40534521153846154 0.6447558750000001 0.404176641025641 0.6483614358974359 0.3978206826923077 0.653015842948718 0.3964283814102564 0.6551449711538461 0.3932675064102564 0.6555212435897436 0.3860878141025641 0.6541118397435898 0.3817597532051282 0.6473084198717949 0.37420379487179484 0.6418802019230769 0.371628592948718
17 0.5138471826923077 0.360664467948718 0.5121456346153845 0.355666608974359 0.5131232980769231 0.3495001730769231 0.5069526987179487 0.3298692788461538 0.49728054807692307 0.3208539903846154 0.4920219743589743 0.3087975512820513 0.4810786282051282 0.2990611506410256 0.4765268397435898 0.29849535576923075 0.47018937499999996 0.30078118910256413 0.45708685897435897 0.31351159294871794 0.4496006987179487 0.32522735897435895 0.4406538237179487 0.33359411217948715 0.44003810576923075 0.34534269551282054 0.43734317948717955 0.3530553621794872 0.4363669102564103 0.3654395384615384 0.43082313141025647 0.383802016025641 0.4271135608974359 0.3858983269230769 0.42768074679487184 0.38756428205128207 0.42622141666666663 0.390433016025641 0.42836903846153845 0.39316353205128207 0.4322510256410257 0.3940214711538461 0.44533782692307694 0.3878351570512821 0.45162398397435893 0.3865283717948718 0.5015554583333333 0.38914516987179487 0.5172572179487179 0.40174891346153846 0.5208812692307693 0.40128435256410255 0.5220655576923077 0.3974194679487179 0.5204324198717948 0.3911162051282051 0.5193794102564103 0.3674993205128205 0.5179186955128205 0.3641503076923077 0.5138471826923077 0.360664467948718
18 0.4070971698717949 0.5118207083333334 0.41878011538461535 0.5261773108974358 0.4282969487179487 0.531912 0.4433959294871795 0.5372847467948718 0.4691433365384616 0.5392886025641026 0.49399721153846154 0.5396094038461539 0.5078920256410256 0.5367378942307692 0.5202577147435897 0.5318227724358975 0.5282255416666667 0.5234047115384615 0.5417043237179487 0.5034946153846154 0.5433517916666667 0.49703603525641027 0.5447542564102564 0.47027537500000005 0.5432066378205128 0.46234036858974353 0.5308525032051282 0.4420581634615384 0.5282375416666667 0.4232681057692308 0.5218788108974359 0.40722705769230766 0.5138213012820513 0.39862363141025636 0.510334076923077 0.3964774038461539 0.508015423076923 0.3970103782051282 0.5037372852564103 0.3912229903846154 0.49731291666666666 0.38892282692307695 0.452293782051282 0.38623622756410253 0.448584217948718 0.38833254166666664 0.4439811185897436 0.3887457916666667 0.43044824358974354 0.3971994487179487 0.42665455128205126 0.40714525320512823 0.4265519326923077 0.40910334935897436 0.4287166538461538 0.4115075192307692 0.4253505384615385 0.4132945865384616 0.42066469871794876 0.4277750737179487 0.4184500512820513 0.4325676987179487 0.41640643910256414 0.43409682692307694 0.41692231089743587 0.43674182692307695 0.4100717467948718 0.44881814743589743 0.40629376602564105 0.45221985576923074 0.3991681634615385 0.4633000256410257 0.3999618525641026 0.4793766666666666 0.3988487532051282 0.4943716410256411 0.4070971698717949 0.5118207083333334
5 0 0.6487365865384616 0.1747710032051282 0.655086798076923 0.2634169647435897 0.6558055833333334 0.2869141282051282 0.657037016025641 0.2913448076923077 0.6536695160256409 0.2927856442307692 0.6449093878205128 0.29103278525641024 0.6408905737179488 0.29532525000000004 0.633916125 0.2955646955128205 0.6293472307692307 0.29324465705128205 0.6236624615384615 0.28998116025641024 0.6234914294871795 0.2849661923076923 0.6255193269230769 0.25454727564102564 0.6252341217948718 0.09565065384615384 0.6224698814102564 0.02314975 0.6196520096153846 0.01523184294871795 0.6208732788461538 0.006560009615384616 0.6302361826923077 0.004895445512820513 0.6370211121794872 0 0.6372653365384615 0 0.6487365865384616
5 0.7853811217948717 0.6556719134615384 0.7825992916666666 0.6587985801282051 0.7780132948717949 0.6588854871794871 0.7733246794871794 0.6609304871794871 0.7679477692307692 0.6573762371794871 0.7502393814102565 0.6580844070512821 0.7438492147435897 0.6551315480769231 0.7414621474358974 0.656969923076923 0.735244407051282 0.656971310897436 0.7288029326923077 0.6549974967948717 0.7195796282051282 0.6561503525641026 0.7006855608974359 0.6545056634615385 0.6987787756410256 0.6534239967948718 0.6951205160256411 0.6545412596153846 0.6777726826923077 0.6546138333333333 0.6490881314102565 0.6524560512820512 0.645429875 0.6535733141025641 0.6450193974358974 0.6614057019230769 0.6481631698717949 0.6638611794871795 0.6951403974358974 0.6666503974358974 0.8575755512820513 0.6705818205128206 0.8964111474358974 0.672617108974359 0.9007221025641027 0.6715340544871794 0.9169882692307693 0.6733682628205129 0.9911551282051283 0.6756189551282051 0.9917366378205128 0.6645230737179487 0.9802630961538461 0.6649035064102564 0.9583976762820513 0.6637575897435897 0.9451028621794872 0.661424608974359 0.7880432275641025 0.6548296891025641 0.7853811217948717 0.6556719134615384
5 0.8564213108974358 0.6551407756410256 0.8617113141025641 0.6541090288461539 0.8707977916666667 0.6555669679487179 0.991856358974359 0.662238625 0.9925918012820514 0.6482055961538462 0.753481608974359 0.6399285608974359 0.6591152852564103 0.635964766025641 0.6454599166666667 0.6342673814102564 0.6427636057692308 0.6357623012820512 0.6408753076923076 0.6405720288461538 0.642009673076923 0.6439039358974359 0.6454626923076923 0.6467028685897436 0.6468549967948718 0.6513572788461538 0.6541435897435898 0.6471578141025641 0.6646831057692307 0.6483646602564103 0.695428375 0.6486669679487179 0.6992248461538462 0.6511566538461538 0.7060952916666666 0.6511894711538461 0.7117458525641026 0.6495221314102564 0.7346587307692308 0.6494139615384615 0.8204886538461539 0.6539121185897435 0.837853592948718 0.6535131891025642 0.8564213108974358 0.6551407756410256
5 0.5492908173076924 0.6334815705128205 0.5490855769230769 0.6373977628205127 0.5560101057692308 0.6488870224358975 0.5546376826923076 0.6563417500000001 0.5557891506410256 0.6593473076923078 0.626950451923077 0.662749467948718 0.6355552596153846 0.6609097083333334 0.6368250641025641 0.6554130737179487 0.638198875 0.6541760897435898 0.6373039551282051 0.6462752852564103 0.6395699102564103 0.6405036153846154 0.6347416955128206 0.632723923076923 0.5625158301282052 0.6309022019230769 0.5530174871794872 0.6310589070512821 0.5492908173076924 0.6334815705128205
5 0.29992696153846155 0.627285125 0.2987084679487179 0.6318027083333333 0.3033984743589744 0.6359754519230769 0.31380745192307696 0.6371754551282052 0.31581685897435896 0.6362990256410256 0.35762380448717945 0.6378355416666667 0.36246773717948716 0.639071141025641 0.3651640480769231 0.6375762211538462 0.3756414391025641 0.6374708237179487 0.38302775641025644 0.6401486474358975 0.3855673653846154 0.6291553814102564 0.38378029807692304 0.625789266025641 0.3082396314102564 0.6247755608974359 0.30365363461538464 0.6248624647435898 0.29992696153846155 0.627285125
5 0.3002417596153846 0.6524995576923077 0.30532652564102564 0.6553840032051281 0.3196688012820513 0.6564628974358975 0.3733440512820513 0.6563306858974359 0.37896040705128203 0.6553160384615385 0.3829422403846154 0.6417803942307692 0.3664366282051282 0.6445150737179487 0.3484189903846154 0.6448797948717948 0.33210151602564103 0.6440246314102565 0.31329296474358975 0.6407481987179487 0.3078832403846154 0.6440643878205129 0.3029879967948718 0.6438078397435897 0.3002745801282051 0.6456291121794872 0.3002417596153846 0.6524995576923077
8 0.501542483974359 0.17708916987179488 0.49439700000000003 0.17606019871794873 0.4650255416666666 0.17452090384615385 0.45970133333333335 0.17620535256410255 0.45920394871794873 0.17945174358974358 0.4639350993589743 0.21406050641025642 0.46267464102564104 0.24435566666666667 0.46040627884615387 0.25641753205128204 0.46196961217948723 0.2578084455128205 0.4675517628205128 0.2574465032051282 0.47634470512820515 0.25201689743589745 0.4864971346153846 0.2581121442307692 0.49367682692307696 0.2584884134615385 0.49484400961538466 0.2549498782051282 0.495863266025641 0.2042801891025641 0.499039858974359 0.19986522435897436 0.5040677628205128 0.17885774358974357 0.501542483974359 0.17708916987179488
7 0.5359547051282052 0.4449657788461538 0.6602182756410256 0.6055271826923077 0.5617545897435898 0.3784932435897436 0.5476510480769231 0.3633490705128205 0.526801141025641 0.3087575673076923 0.5295886923076923 0.3029428717948718 0.5158640544871795 0.27109629166666666 0.49282850641025644 0.24952356089743588 0.4985831634615385 0.2660513076923077 0.5064391987179487 0.27722516025641025 0.5054407948717949 0.2804842371794872 0.47976266346153845 0.2524813814102564 0.47598322115384617 0.2519521378205128 0.45732570512820514 0.2700151378205128 0.46174263141025645 0.245742125 0.4366396153846154 0.2667787307692308 0.4213211474358975 0.3028532596153846 0.38533457692307693 0.3734191923076923 0.28071946153846156 0.5879115448717949 0.29542973397435895 0.6235989551282051 0.26646395512820514 0.8141339935897436 0.6633965064102565 0.842026782051282 0.6376037532051282 0.6321438333333333 0.6570806314102564 0.611515625 0.5426035448717949 0.4626333878205129 0.5428385384615384 0.49944875641025643 0.5124608012820513 0.5422371570512821 0.43044492628205133 0.5379388878205128 0.39976728205128204 0.5038575512820512 0.41457971474358973 0.44834689423076923 0.4346055865384616 0.33465713141025644 0.4824195224358975 0.28953559294871795 0.5120745224358974 0.3224804775641026 0.5359547051282052 0.4449657788461538