11 0.8225678333333334 0.46945320192307693 0.8214772083333333 0.43822183974358975 0.7808767564102563 0.4396396378205128 0.7819673782051283 0.4708710032051282 0.8225678333333334 0.46945320192307693
10 0.9932875865384616 0.5229025288461538 0.9907791923076923 0.4510715128205128 0.9314397596153845 0.4531436923076923 0.9339481538461538 0.5249747083333334 0.9932875865384616 0.5229025288461538
11 0.6291543685897436 0.48246075961538465 0.626864108974359 0.4168763365384615 0.5394174134615385 0.4199300448717948 0.5417076698717949 0.4855144647435897 0.6291543685897436 0.48246075961538465
11 0.7881744967948717 0.3799738044871795 0.7873020096153847 0.3549890352564103 0.7654397307692308 0.355752483974359 0.766312217948718 0.38073725320512825 0.7881744967948717 0.3799738044871795
14 0.6328221730769231 0.4979674006410256 0.6292231570512821 0.3949050224358975 0.3762529551282051 0.4037389358974359 0.3798519743589744 0.5068013173076923 0.6328221730769231 0.4979674006410256
11 0.8809651858974359 0.5299520192307693 0.8795473878205129 0.48935156730769225 0.8358236378205128 0.49087843589743596 0.8372414358974359 0.5314788846153846 0.8809651858974359 0.5299520192307693
10 0.5389115769230769 0.4949934230769231 0.5357488012820513 0.40442342948717946 0.4576711955128205 0.40714995833333334 0.460833967948718 0.4977199551282051 0.5389115769230769 0.4949934230769231
11 0.7606117371794872 0.3965710416666667 0.7418727596153847 0.3972254198717949 0.7430724230769231 0.43157928205128204 0.7586881057692307 0.4310339711538461 0.7617023333333334 0.42780160576923076 0.7606117371794872 0.3965710416666667
12 0.5184384903846154 0.49908842948717946 0.5332578557692308 0.4865250641025641 0.5315136506410256 0.4825706826923077 0.52260675 0.4804725480769231 0.4743699551282051 0.4789447852564102 0.4763662435897436 0.490117875 0.4732419551282051 0.49263615064102567 0.47982664423076926 0.4972245544871795 0.49434809935897434 0.4991266282051282 0.5184384903846154 0.49908842948717946
12 0.48288472435897434 0.4698138108974359 0.5351879391025641 0.47280568589743593 0.5391143044871795 0.47025940384615383 0.5432545608974358 0.4508414423076923 0.5429464583333333 0.4420185705128205 0.5352235769230769 0.4278332275641026 0.5229403076923077 0.42103465064102563 0.5091929198717948 0.4183024903846154 0.48759280128205124 0.4206629006410256 0.47423754166666665 0.4291598493589744 0.4619084391025641 0.44404542628205124 0.46343875641025645 0.4648714775641025 0.48288472435897434 0.4698138108974359
10 0.9121167948717949 0.3475033012820513 0.9130983493589744 0.3756113685897436 0.9412056153846154 0.37462983974358977 0.944219842948718 0.37139747435897436 0.9441108044871794 0.36827498076923076 0.9471250320512821 0.3650426153846154 0.9464706506410255 0.3463036378205128 0.9121167948717949 0.3475033012820513
12 0.41442789102564104 0.46417380128205127 0.44819925 0.4654036506410256 0.4542237564102564 0.4539504679487179 0.4521154326923077 0.4395690576923077 0.4469948557692307 0.4309142435897436 0.4362317115384616 0.421653407051282 0.40870893269230774 0.41538700961538466 0.4040645128205128 0.4203675416666667 0.3917175865384615 0.45773934615384615 0.39030949679487176 0.4634099198717949 0.39443192948717953 0.46647819230769233 0.41442789102564104 0.46417380128205127
12 0.40298489743589744 0.4814376057692307 0.41698436538461536 0.4913884807692308 0.4250051602564102 0.49110838782051286 0.4272433397435898 0.48621188461538456 0.4408506794871795 0.4849336474358974 0.44389093910256416 0.4800091346153846 0.44137266987179485 0.47688484615384613 0.4284833782051282 0.4757288365384616 0.4246130288461538 0.4798792788461538 0.4133839198717949 0.4802714070512821 0.4027888333333333 0.4758230512820513 0.40041060256410255 0.4767091602564103 0.40298489743589744 0.4814376057692307
12 0.370209125 0.416731451923077 0.35170528525641026 0.4157715064102564 0.3366058205128205 0.4203140801282051 0.3209563621794872 0.43210337499999996 0.3196042884615385 0.4393781057692308 0.3226267307692308 0.4569398237179487 0.32525704487179485 0.4632724294871795 0.3318137243589743 0.46705875 0.32788735256410256 0.4696050352564103 0.32728133974358975 0.47524759935897437 0.3332039967948718 0.4838744070512821 0.35663234935897437 0.48787461858974357 0.3694376121794872 0.48662439102564103 0.37731835897435895 0.48233390064102566 0.37271976602564105 0.46563028205128204 0.3859808108974359 0.43143878205128205 0.3848986346153846 0.423446 0.370209125 0.416731451923077