6 0.819162375 0.7582465993589743 0.8198667756410256 0.7526154711538461 0.8451388525641025 0.7288963237179487 0.861570016025641 0.7045288044871795 0.897021766025641 0.6661835384615384 0.9008799230769231 0.6572865961538462 0.9245751185897436 0.6352003525641026 0.9457229102564102 0.6051316698717949 0.9756836025641025 0.5741064679487179 0.9999851506410256 0.5407719743589744 0.9959010641025642 0.3987670448717949 0.7851916923076923 0.6055256826923077 0.7772512724358974 0.6104804262820513 0.6139743205128205 0.7754739102564102 0.6001646570512821 0.7660826730769231 0.4213615096153846 0.5934144807692308 0.31532070192307693 0.4965345032051282 0.2964862596153846 0.4751906153846153 0.25573366025641026 0.4397808846153846 0.25008852243589746 0.43827404166666667 0.24830154166666665 0.4278702564102564 0.2554255096153846 0.42212707371794866 0.24698084615384616 0.3981937596153846 0.24975642307692306 0.37326191025641026 0.25990808653846154 0.35703090064102566 0.2662856314102564 0.3545115064102564 0.26701804487179487 0.35048527243589744 0.2726351666666667 0.35038722435897435 0.27574690384615386 0.34471407692307693 0.28057558653846154 0.3454324807692308 0.2877275673076923 0.3412941923076923 0.28926242307692307 0.3372539455128205 0.3092955608974359 0.3352988878205128 0.3100279743589744 0.3312726506410256 0.3333409262820513 0.3332737916666667 0.3503463653846154 0.3418065544871795 0.35500696794871794 0.33289560897435894 0.3554452403846154 0.3120180096153846 0.36873665384615384 0.2917187403846154 0.21129504487179487 0.377144016025641 0.20653639423076925 0.38043783974358975 0.20509958012820514 0.3900952051282051 0.19703309935897437 0.3878279326923077 0.19157005448717948 0.3967528878205128 0.18039183653846153 0.40015876602564104 0.17574524358974358 0.40987215705128205 0.16938170512820513 0.4131939967948718 0.1647631217948718 0.4245122788461539 0.1667321858974359 0.4453478621794872 0.18811403525641024 0.4746741891025641 0.2831306987179487 0.583786951923077 0.46930587179487177 0.8109094166666667 0.48811230128205124 0.8306484102564102 0.4994025705128205 0.8336620993589744 0.7497657147435898 0.8292919967948718 0.7561152532051282 0.8251677147435899 0.7601414871794872 0.825900125 0.7774731442307692 0.807135717948718 0.7805428589743589 0.799055233974359 0.8018727403846153 0.7794183461538462 0.8057449038461539 0.7713238525641025 0.819162375 0.7582465993589743
6 0.585825391025641 0.22050344551282053 0.5758878942307692 0.20301771474358973 0.5701867307692308 0.19830108653846154 0.5700746762820513 0.19188151602564102 0.5652179807692307 0.18955822115384616 0.5516184166666667 0.19220367307692307 0.5498874679487179 0.1850096730769231 0.5410045320512821 0.18195396474358974 0.5305867435897436 0.18293849679487179 0.5272508974358975 0.17577250961538463 0.5168611185897436 0.1783619358974359 0.5201269294871795 0.18151569230769232 0.5161567211538461 0.1839930641025641 0.529980391025641 0.19418674679487177 0.5300644326923076 0.1990014230769231 0.5205751474358974 0.20719396153846154 0.39655613461538464 0.275982032051282 0.41491434294871793 0.2700427564102564 0.42538816025641024 0.27226800641025645 0.43030088461538457 0.27780108653846153 0.43993023717948715 0.2776330064102564 0.45213500641025645 0.2870522564102564 0.4762784198717949 0.29064428525641023 0.5668188108974359 0.23528363461538462 0.585825391025641 0.22050344551282053
14 0.514389217948718 0.5885799134615385 0.5594983333333333 0.5516714615384616 0.5641449262820513 0.5419580673076922 0.5634445897435898 0.5018357692307692 0.5916982788461538 0.5109748846153845 0.6021020641025641 0.5091879038461539 0.6354546282051282 0.48853847115384613 0.6631620544871796 0.4663821955128205 0.6670622307692308 0.459892592948718 0.665181266025641 0.3981182596153846 0.6624377660256411 0.37890157371794875 0.6575110384615385 0.37256604807692306 0.5895873237179488 0.34405211217948717 0.5783390737179487 0.3434457628205128 0.5632046538461538 0.35013145833333337 0.5580958365384615 0.3333641314102564 0.5434837243589744 0.3239869038461538 0.49656367948717944 0.30313325 0.4821476634615385 0.30499026602564105 0.4489112147435897 0.28630583974358975 0.4141679230769231 0.27326654487179486 0.39735858012820513 0.2759680256410256 0.3592473653846154 0.2999112820512821 0.35265565705128205 0.3361474134615385 0.3390000705128205 0.3355830833333333 0.3332849006410256 0.3300640096153846 0.3211921826923077 0.32706432692307696 0.2971748301282051 0.3306943108974359 0.2630058141025641 0.3505553076923077 0.24739110256410257 0.3757112628205128 0.2478393205128205 0.40138953846153846 0.25456703846153844 0.4189312948717948 0.27026172756410255 0.44434343910256413 0.29388282692307693 0.463998391025641 0.32291094871794873 0.471518608974359 0.3352978108974359 0.49136965705128205 0.35649756730769233 0.5102641858974359 0.3920573141025641 0.5240919166666667 0.4078920705128205 0.5575285192307693 0.4250655897435897 0.5756906346153846 0.4429995352564103 0.591431407051282 0.4761239294871795 0.6036962660256411 0.4921308301282051 0.6010087948717949 0.514389217948718 0.5885799134615385
10 0.46727125 0.41842929166666665 0.4513764038461539 0.42753633012820513 0.41567252884615385 0.4514375673076923 0.3911888942307692 0.474340266025641 0.391959266025641 0.5184747948717949 0.40623114743589744 0.55434675 0.42179977884615383 0.5725368782051282 0.4470537884615385 0.5937687115384616 0.47290014102564104 0.6029498461538462 0.4905399455128205 0.6018392532051282 0.5199363044871794 0.5844696378205128 0.5547676987179487 0.5565701762820512 0.5633845032051282 0.5443794134615384 0.562572108974359 0.49783754807692304 0.5538333044871795 0.4570528685897436 0.524581076923077 0.43669351602564105 0.4833201698717949 0.418149157051282 0.46727125 0.41842929166666665
10 0.381287532051282 0.36695257051282054 0.3447251858974359 0.38765802884615386 0.3170877916666667 0.41382653846153844 0.31776011538461535 0.45234394551282053 0.33363689102564104 0.48818788782051276 0.3573000128205128 0.5102501794871795 0.3872146217948718 0.522571064102564 0.3928177371794872 0.5216705705128205 0.3893978525641026 0.5096899102564103 0.388921625 0.4824067435897436 0.3934981826923077 0.4686811217948718 0.46482189102564103 0.41606397435897435 0.4621764391025641 0.4024644102564102 0.4556308108974359 0.39535445192307694 0.4240132628205128 0.37744445833333334 0.390902875 0.36598204487179486 0.381287532051282 0.36695257051282054
10 0.3212342051282051 0.32947166346153844 0.30677616987179485 0.32892133653846156 0.2749164423076923 0.3431231891025641 0.26304783653846153 0.352962641025641 0.24974241666666666 0.37245946153846154 0.24750315705128204 0.3821308333333333 0.2495002403846154 0.4045713076923077 0.2553834903846154 0.419719733974359 0.2710361570512821 0.4427245384615385 0.2898285801282051 0.46166108653846155 0.32127804487179484 0.4699417307692308 0.3152827435897436 0.4483737371794872 0.3170457692307692 0.4114192019230769 0.34152940705128204 0.3885165064102564 0.3788941987179487 0.3677970352564102 0.3812034903846154 0.3621378942307692 0.3746578621794872 0.35502793589743586 0.3511348044871795 0.34099010256410256 0.3212342051282051 0.32947166346153844
10 0.37115799679487177 0.2924791698717949 0.35937342628205127 0.3071332980769231 0.35634573076923076 0.317621125 0.35504899038461535 0.3353029487179487 0.3592292980769231 0.344862266025641 0.37462984935897437 0.35342304166666666 0.3852577403846154 0.3644751987179487 0.39892733333333336 0.3658419775641026 0.42640659294871797 0.3765999903846154 0.4282536634615384 0.34446013461538466 0.4424455673076923 0.3297639807692308 0.47419323717948714 0.3091425608974359 0.47572809615384615 0.3051023205128205 0.469154451923077 0.29638746794871795 0.461862407051282 0.2925012980769231 0.40693190384615385 0.27259016346153847 0.37115799679487177 0.2924791698717949
10 0.4821476634615385 0.30499026602564105 0.4495835384615384 0.3248232467948718 0.4282956826923077 0.346867467948718 0.4288279391025641 0.3773604166666667 0.45803814743589744 0.3953124326923077 0.46458377564102565 0.40242239102564104 0.46803167307692306 0.4160079455128205 0.4808708108974359 0.41578383653846157 0.5067451762820513 0.4265698653846154 0.5091385096153846 0.42572540064102565 0.510141108974359 0.3911922115384615 0.5624302211538461 0.35175035576923075 0.5605872115384616 0.33813678846153844 0.5523946762820513 0.3286475064102564 0.505446608974359 0.30618896153846153 0.49093254807692305 0.30242885256410257 0.4821476634615385 0.30499026602564105
10 0.5338923365384616 0.37231575 0.5109575641025641 0.39198064743589744 0.5124043205128205 0.42887915705128205 0.5554381987179488 0.4570248557692308 0.5633885608974359 0.4986259839743589 0.5698921730769231 0.5033286089743589 0.5925007275641025 0.510960875 0.6021020641025641 0.5091879038461539 0.6370315064102564 0.4869055673076923 0.6670762371794872 0.4606950384615385 0.6624377660256411 0.37890157371794875 0.6567225961538461 0.3733825 0.6275824198717949 0.35944271474358974 0.588784875 0.3440661185897436 0.5783530801282051 0.34424820512820514 0.5338923365384616 0.37231575
1 0.4090446826923077 0.5775756634615384 0.4138313461538461 0.5758867275641025 0.4221219358974359 0.5909931378205128 0.4285975288461539 0.5940908653846153 0.43194737820512824 0.6020593012820513 0.44174481410256417 0.6115205705128205 0.47520536858974355 0.6430441314102564 0.48738212820512816 0.6508584903846154 0.4898875096153846 0.656433592948718 0.5143250673076923 0.6768769871794872 0.5331455 0.6974184262820513 0.5428728974358974 0.7028674679487179 0.5478416506410256 0.7116103333333333 0.5583154647435897 0.7138355833333333 0.5584275192307693 0.7202551506410256 0.5747985961538462 0.7384312724358975 0.5926765128205128 0.7509622596153847 0.6057677724358975 0.7651821826923076 0.6186209134615385 0.7657605192307693 0.6185368717948718 0.7609458429487179 0.62730775 0.7575819839743589 0.6303634647435897 0.7486990512820513 0.6367690224358974 0.7477845544871795 0.6478351858974359 0.7379591057692308 0.6619850737179487 0.7208556185897436 0.6683486121794872 0.7175337788461539 0.6714323365384615 0.7102557371794872 0.6754305608974358 0.7093832596153846 0.6967324230769231 0.6881414839743589 0.6990417147435897 0.6824823397435897 0.7046308237179487 0.6807794006410257 0.7645381987179487 0.6179265448717949 0.7709017403846153 0.6146047083333332 0.7834467371794872 0.597529233974359 0.789035842948718 0.5958262980769231 0.7937104487179487 0.587717798076923 0.799313564102564 0.5868173044871795 0.818236108974359 0.5672224391025641 0.822094266025641 0.5583254999999999 0.837989108974359 0.5492184583333333 0.8623887051282051 0.5215010865384615 0.879818407051282 0.508353798076923 0.8899980865384615 0.4937276858974359 0.8963896378205128 0.4920107403846154 0.9792177788461538 0.4086905416666667 0.9974359230769232 0.3947268044871795 0.9962173365384616 0.3249140032051282 0.9721299487179488 0.3245317596153846 0.9656543557692308 0.32143403205128207 0.9631629775641025 0.316661375 0.9543780897435897 0.3192227852564103 0.9414969326923077 0.3170395544871795 0.9389915512820514 0.31146445512820514 0.9316995032051282 0.3075782852564103 0.9285177307692308 0.30923920512820513 0.9252099006410256 0.303678108974359 0.9212256826923078 0.3053530352564102 0.9114842788461539 0.2991015480769231 0.8825822179487179 0.2988033429487179 0.8695890064102565 0.2902005480769231 0.8583547628205128 0.290396641025641 0.842151766025641 0.2818498717948718 0.8260888429487179 0.2813275608974359 0.8139120865384616 0.27351320192307693 0.7865588878205129 0.2699771987179487 0.7856583974358974 0.26437408333333334 0.734287842948718 0.2644680705128205 0.7301915737179487 0.2597234262820513 0.7092579455128205 0.256075375 0.7052737275641026 0.2577503012820513 0.6899432147435898 0.2532017532051282 0.6810042564102564 0.2469362596153846 0.663336435897436 0.24644196153846154 0.6527645737179487 0.23859958653846156 0.6230600641025641 0.238315391025641 0.61168575 0.23048702564102563 0.5892172628205129 0.23087921474358977 0.5853451025641025 0.23897370833333334 0.5765322051282051 0.23993022756410257 0.5798260288461539 0.2446888782051282 0.577474717948718 0.2479406826923077 0.5646635929487179 0.24976968269230768 0.5657321698717949 0.26500215064102567 0.5633668525641026 0.2674515064102564 0.5384770192307692 0.26708327243589747 0.5318243076923077 0.27683167948717946 0.5249755032051282 0.27534584615384616 0.5154862211538462 0.2835383846153846 0.5130648750000001 0.2827779615384616 0.5091366858974359 0.2876626698717949 0.5100371794871794 0.2932657852564103 0.5045181057692307 0.29898095512820516 0.4973241025641026 0.30071190705128203 0.5215515576923077 0.3091186121794872 0.525647826923077 0.3138632532051282 0.5368820705128206 0.31366715705128206 0.5410203621794871 0.32081913782051286 0.5506777275641026 0.3222559487179487 0.5604751602564102 0.33171722115384616 0.5644733846153847 0.3308447435897436 0.5678652564102564 0.3412205096153846 0.5943599775641025 0.3415607371794872 0.5992586955128205 0.3462913685897436 0.6323690833333333 0.35775378205128205 0.6631561730769231 0.374072891025641 0.6676026121794871 0.3988786826923077 0.670173967948718 0.4542194455128205 0.6632320897435898 0.47039442628205125 0.6236280416666666 0.5007852628205128 0.5957805448717949 0.5149170801282051 0.567568875 0.5081853012820512 0.567396733974359 0.5443093782051281 0.5603708141025641 0.5556696826923078 0.5279607628205129 0.5843295705128205 0.5001833012820512 0.6024736153846154 0.4866117564102564 0.6067239615384615 0.47216772435897436 0.6069760833333334 0.44225311858974353 0.5946551955128205 0.40552675 0.5599778782051282 0.39711010256410256 0.5376494583333333 0.39380227243589744 0.5320883621794872 0.38977603525641025 0.5313559487179487 0.3888755448717949 0.5257528333333333 0.3557511474358975 0.5134879775641026 0.34510925000000003 0.501633375 0.33213004807692303 0.4938330224358975 0.32793572756410255 0.4834712564102564 0.3206436826923077 0.47958508974358977 0.3237974391025641 0.4763192788461538 0.31664545833333335 0.4804575673076923 0.3184604519230769 0.4924662435897436 0.32490803205128205 0.49395908333333327 0.332256108974359 0.5010550352564103 0.3323541570512821 0.5066721570512821 0.33809733974358974 0.513796125 0.34049066666666666 0.5129516602564103 0.35603128525641026 0.5295368974358974 0.3600435128205128 0.5294668621794871 0.3609440096153846 0.5350699775641026 0.37065739743589743 0.5397165705128205 0.37483770833333335 0.549275891025641 0.38701446794871797 0.55709025 0.4041879903846154 0.5752523653846153 0.4090446826923077 0.5775756634615384
1 0.32443741987179486 0.50535025 0.34310378205128206 0.5170647852564102 0.3456091666666667 0.5226398878205128 0.36269864743589747 0.5359873269230769 0.363571125 0.5399855512820513 0.3708491698717949 0.5430692724358974 0.3709192019230769 0.5470815032051282 0.3815330865384616 0.5573312147435897 0.39449828205128207 0.5643291217948718 0.39376587179487177 0.5683553557692308 0.40102990384615383 0.5706366346153846 0.42232770833333333 0.5951482852564103 0.4295777371794872 0.5966271121794872 0.44027566346153846 0.6116914999999999 0.46056091987179487 0.624180467948718 0.462263858974359 0.629769576923077 0.473512108974359 0.6303759294871795 0.47765040064102565 0.637527907051282 0.47610153525641025 0.6407657051282052 0.47925529166666664 0.6374998942307692 0.4849144326923077 0.6398091858974359 0.48502648717948715 0.6462287532051282 0.4923325416666667 0.6509173685897436 0.4907836762820513 0.6541551666666666 0.4972592724358974 0.6572528942307693 0.5092399358974359 0.6538330096153846 0.5181648878205127 0.6592960576923077 0.5176005576923077 0.6729516474358974 0.5288488076923077 0.6735579967948718 0.5324087596153847 0.6935631185897436 0.5445575032051282 0.6997725897435897 0.5609846057692308 0.7211584935897436 0.5714164006410256 0.7209764070512821 0.5749203301282052 0.7377717435897436 0.5861825865384616 0.7391805416666666 0.5887580032051282 0.748767875 0.5947903557692308 0.7494652692307693 0.6000902948717949 0.7541889006410256 0.6034961762820513 0.7653671185897436 0.6172358012820514 0.770746125 0.6424098301282052 0.7414098557692308 0.6479989391025641 0.7397069134615385 0.6518851089743589 0.7324148685897436 0.6724825769230769 0.716804217948718 0.7127069871794871 0.6759675737179487 0.7181560256410257 0.6662401762820513 0.7434841282051282 0.6457308108974359 0.7434281025641025 0.6425210288461539 0.7560431282051282 0.629457782051282 0.808192173076923 0.5819914711538462 0.8531192019230769 0.534651217948718 0.8736606442307692 0.5158307852564102 0.8768704262820513 0.5157747564102565 0.8807565961538462 0.5084827115384615 0.9659920737179487 0.42512049358974363 0.9976557051282051 0.39968439743589745 0.996128967948718 0.31221778525641025 0.977616685897436 0.30933015705128203 0.9624682564102565 0.31521340705128204 0.934046483974359 0.2964449391025641 0.9179695544871794 0.29512018269230766 0.9042019102564103 0.28813628205128206 0.8800444903846153 0.2837418076923077 0.876074282051282 0.28621917948717945 0.8647139775641025 0.2791932628205128 0.8486370416666668 0.27786850320512824 0.8002381634615384 0.2642648814102564 0.7914672852564103 0.2676287403846154 0.7752642884615385 0.25908196794871796 0.7712800737179487 0.2607568942307692 0.7680142628205129 0.25760313461538464 0.7527537852564102 0.2570668205128205 0.7518953108974359 0.25387104166666663 0.7350299358974359 0.2533627403846154 0.7228811955128205 0.24715326923076922 0.7148847467948718 0.2488982307692308 0.712407375 0.24492802243589742 0.6963444519230769 0.24440570833333333 0.6922621858974359 0.24046351282051281 0.6745243333333334 0.23595698717948715 0.6552516217948717 0.23549070192307694 0.6503669134615385 0.23156251282051285 0.6415400064102564 0.23171658653846153 0.6366553012820513 0.22778839743589743 0.6036569647435898 0.22274555128205129 0.5955624711538462 0.21887339102564105 0.5909018685897436 0.22778433653846156 0.5796536185897436 0.22717798717948717 0.573388125 0.2361169455128205 0.552650592948718 0.2437031346153846 0.5503553076923077 0.2501647211538462 0.5454986121794873 0.2478414262820513 0.547975983974359 0.25181163461538464 0.5448222275641026 0.2550774455128205 0.5320111025641026 0.2569064455128205 0.5241267147435897 0.26507097435897436 0.5042196346153847 0.2742480480769231 0.49557481730769226 0.2848339166666667 0.49076014423076925 0.28491795833333333 0.48922528525641024 0.2889582019230769 0.4828337307692308 0.29067514743589745 0.4853391153846154 0.29625025 0.4830158173076923 0.3011069455128205 0.4741609006410256 0.2996561314102564 0.4538896474358975 0.2879696057692308 0.4458651891025641 0.2881096730769231 0.43691222115384615 0.2810417371794872 0.4232146121794872 0.27807006730769235 0.41749944551282053 0.2725509935897436 0.40382984935897437 0.2711842147435898 0.3712377115384615 0.2894123012820513 0.36574664743589747 0.2967323653846154 0.355328858974359 0.2977168974358974 0.35867871153846154 0.30568533012820515 0.35814239102564105 0.3209458108974359 0.3477246025641026 0.32193034615384614 0.3452612371794872 0.31876258012820513 0.3348854647435897 0.32215445192307696 0.3283258301282051 0.3142420480769231 0.3116565512820513 0.324967983974359 0.30444854487179485 0.3258964935897436 0.26149464423076924 0.34831889743589745 0.25850896794871797 0.3612140608974359 0.24817521794871794 0.36701327243589743 0.24592195192307692 0.3758821955128205 0.23385725000000002 0.37448740705128203 0.21946925 0.3779493108974359 0.22222675641025644 0.39796844230769235 0.24466723076923075 0.395971358974359 0.2487494935897436 0.3999135576923077 0.24804509615384612 0.4055446858974359 0.2529438141025641 0.4102753205128205 0.2555332403846154 0.4206650961538462 0.25426450641025644 0.43995181410256406 0.2607821217948718 0.44545688461538463 0.26478034615384616 0.44458440384615383 0.27301490384615384 0.4564810256410256 0.2843752115384615 0.46350694230769235 0.2950591314102564 0.47776888461538464 0.31540041346153846 0.4934676346153846 0.32443741987179486 0.50535025