11 0.05779157371794872 0.3056585576923077 0.023500512820512822 0.30326069551282053 0.021102589743589743 0.3375525608974359 0.0522768685897436 0.3397324775641026 0.05561165705128205 0.3368328365384616 0.05779157371794872 0.3056585576923077
11 0.6429461442307692 0.6285137371794871 0.6468699743589743 0.5724003589743589 0.5845222211538462 0.5680405801282051 0.580598391025641 0.6241539583333333 0.6429461442307692 0.6285137371794871
11 0.323119157051282 0.40879371153846156 0.3252990769230769 0.3776194326923077 0.29100721153846154 0.37522151282051286 0.28882729166666665 0.40639578846153845 0.323119157051282 0.40879371153846156
11 0.4270823076923077 0.40040016346153845 0.39590883012820516 0.3982203044871795 0.3939469166666667 0.4262769935897436 0.42200360576923074 0.42823890705128204 0.4253383974358974 0.42533926602564104 0.4270823076923077 0.40040016346153845
10 0.9201966474358975 0.5163300801282051 0.8578488942307693 0.5119703012820513 0.8532711121794873 0.5774356442307692 0.9125020801282051 0.5815774775641025 0.9158368685897437 0.5786778333333333 0.9201966474358975 0.5163300801282051
11 0.5110128237179488 0.5441049198717949 0.515808608974359 0.4755219903846154 0.4690479935897436 0.4722521698717949 0.4642522083333333 0.5408350993589744 0.5110128237179488 0.5441049198717949
10 0.7825955865384616 0.5129737403846154 0.785211451923077 0.47556508974358974 0.7415684262820513 0.4725132724358974 0.7389525576923077 0.5099219230769231 0.7825955865384616 0.5129737403846154
10 0.9241438365384615 0.773482233974359 0.9298115801282051 0.6924297532051282 0.8487590993589743 0.6867620128205127 0.843091358974359 0.7678144935897436 0.9241438365384615 0.773482233974359
10 0.8515271987179488 0.6023747435897436 0.8517452019230769 0.599257157051282 0.8550807403846153 0.5963583717948718 0.8581326121794871 0.5527145448717948 0.8113719967948718 0.5494447243589743 0.8078841730769231 0.5993229262820513 0.8515271987179488 0.6023747435897436
11 0.824364016025641 0.4532418557692308 0.8263259326923077 0.42518516987179483 0.7951524551282052 0.42300530769230765 0.7931905384615384 0.45106199358974364 0.824364016025641 0.4532418557692308
10 0.4591727051282052 0.5686737852564102 0.46309653525641026 0.512560407051282 0.4069831570512821 0.5086365801282051 0.4030593269230769 0.5647499551282051 0.4591727051282052 0.5686737852564102
11 0.6924099455128205 0.503534516025641 0.6487661185897436 0.5004826442307693 0.6457142467948718 0.5441264711538462 0.686240483974359 0.5469603397435897 0.689576076923077 0.5440607532051283 0.6924099455128205 0.503534516025641
10 0.7056856826923077 0.44807589102564105 0.6589250673076923 0.4448060705128205 0.6560912532051282 0.48533150961538457 0.6966166923076923 0.48816532371794874 0.7032878173076923 0.48236695512820515 0.7056856826923077 0.44807589102564105
10 0.9956679038461539 0.5122098557692307 0.9976298205128206 0.48415316346153847 0.972690717948718 0.4824092532051282 0.9707288044871795 0.5104659423076924 0.9956679038461539 0.5122098557692307
10 0.6454305288461538 0.5033822243589743 0.6473924423076923 0.47532553846153847 0.6006318301282051 0.472055717948718 0.5982339647435898 0.506346782051282 0.6294082403846154 0.5085266987179486 0.6327429743589743 0.5056278589743589 0.6358605641025641 0.5058458621794871 0.6391961538461539 0.5029462756410257 0.6454305288461538 0.5033822243589743
11 0.818478326923077 0.537411125 0.8195682852564102 0.5218239839743589 0.8229038237179487 0.5189252019230769 0.8242117852564101 0.5002204743589744 0.7961550929487179 0.4982585608974359 0.7935392275641026 0.5356672115384615 0.818478326923077 0.537411125
10 0.7581242147435897 0.5708804775641025 0.7621272788461538 0.5711603974358974 0.7697415192307693 0.5773245352564103 0.7863864455128206 0.5809020416666666 0.7997560993589743 0.5737916634615384 0.806480080128205 0.5581712884615384 0.8070399230769231 0.5501651538461539 0.7998735544871796 0.5375961153846154 0.7763590160256411 0.5287110641025641 0.762244733974359 0.5349648493589744 0.7559126442307692 0.5449809326923077 0.7529677948717949 0.5640836794871795 0.7581242147435897 0.5708804775641025
10 0.7465288493589743 0.42605913782051286 0.7469767243589743 0.41965423076923075 0.7402750673076923 0.41194485256410257 0.729867092948718 0.4112170576923077 0.7207244423076923 0.4154049102564103 0.7162175160256411 0.42233050320512827 0.7155457051282051 0.43193786538461537 0.7231039615384616 0.4389026121794872 0.7383156153846153 0.4399663141025641 0.7472734807692307 0.426915733974359 0.7486675993589744 0.44149472435897436 0.753079391025641 0.44743492307692306 0.768867717948718 0.4517570608974359 0.7762971730769231 0.44905846794871795 0.7815487275641025 0.44298946794871796 0.7817558333333333 0.42852244551282054 0.771795733974359 0.4213897467948718 0.7605311666666666 0.42140657692307687 0.7488187211538462 0.42782831410256417 0.7465288493589743 0.42605913782051286
10 0.6759852403846154 0.3994039903846154 0.6744231666666667 0.38722683974358973 0.669899407051282 0.3828878653846154 0.6603480352564102 0.3814154423076923 0.6545198044871795 0.3842260032051282 0.64926825 0.3902950064102564 0.6500856987179487 0.40161555769230767 0.6576999358974359 0.4077796955128205 0.667307298076923 0.4084515064102564 0.6759852403846154 0.3994039903846154
10 0.4927791057692308 0.36165259935897437 0.49279593589743587 0.37291716987179485 0.5002982083333334 0.38068253205128205 0.5132759743589743 0.3791764423076923 0.5204646602564102 0.36841573076923073 0.5116970673076923 0.35573472115384613 0.5037469198717949 0.3543742628205128 0.4927791057692308 0.36165259935897437
10 0.6361448525641026 0.3708731826923077 0.6241356538461539 0.37003341666666667 0.6191080384615385 0.3728999647435898 0.6166670448717948 0.3847971923076923 0.6202222371794872 0.39148202243589747 0.6337206955128205 0.39403498076923077 0.6405174903846154 0.3888785608974359 0.6413572532051283 0.3768693653846154 0.6361448525641026 0.3708731826923077
10 0.9805713685897436 0.5421864551282051 0.9807729871794871 0.5623137532051282 0.986265310897436 0.5643068717948718 0.9876425993589744 0.5676212916666667 0.9955927467948718 0.56898175 0.9976081826923078 0.5401596730769231 0.9890813621794872 0.5355407788461538 0.9805713685897436 0.5421864551282051
10 0.45547484615384615 0.30835876602564105 0.45249632692307695 0.3049323782051282 0.4411197884615385 0.3065504358974359 0.43838204487179483 0.3111861634615385 0.4394794134615385 0.31850365064102565 0.44800623397435896 0.32312254487179487 0.4529218846153847 0.32185722435897435 0.4564602435897436 0.317277483974359 0.45547484615384615 0.30835876602564105
10 0.8529716282051282 0.5606177660256411 0.8454302051282051 0.5649175833333333 0.8432523012820513 0.5615471794871795 0.8491925 0.557135391025641 0.8469026282051281 0.5553662115384616 0.8374632211538461 0.5522925576923077 0.8417070576923076 0.5606345961538461 0.8337009262820513 0.5600747532051282 0.8326595448717949 0.5519566538461539 0.8278558653846153 0.5516207467948718 0.8179126025641025 0.5557526153846154 0.8177446474358974 0.5581544551282052 0.8216917275641026 0.5592349903846153 0.8244854583333333 0.5537986506410256 0.8256947948717949 0.5595149102564102 0.8424516858974359 0.5614911955128205 0.8445736057692307 0.5656622147435898 0.8426924583333334 0.5695533108974359 0.8453742211538461 0.5657181987179487 0.8466955224358974 0.569833233974359 0.8547016570512821 0.570393076923077 0.854925592948718 0.567190625 0.8503458493589744 0.563652266025641 0.8529716282051282 0.5606177660256411
10 0.764209673076923 0.47234906730769227 0.754322391025641 0.4756803205128205 0.7455324775641026 0.4863290641025641 0.7421789070512821 0.49977153525641027 0.7473353269230769 0.5065683301282051 0.7507617147435897 0.5035898141025641 0.7538521987179487 0.5054149807692307 0.7517386987179487 0.5068762435897436 0.7561420705128205 0.5071841570512821 0.7575585096153846 0.4984333974358975 0.7696236923076923 0.4984725480769231 0.7830101794871794 0.5026267371794872 0.7871811987179488 0.5005048173076923 0.7881329294871795 0.48689439102564097 0.786122983974359 0.48112214743589743 0.7722158012820513 0.4729089102564103 0.764209673076923 0.47234906730769227
0 0 0.5474722788461539 0.39599492948717946 0.4916545544871795 0.4628768653846154 0.4786317756410256 0.4765432756410256 0.47878289743589747 0.4933393205128205 0.468694 0.49367522756410254 0.4638903205128205 0.48732630769230767 0.46264183333333336 0.48412385256410256 0.46241789423076923 0.4637726153846154 0.46582196794871794 0.4486169487179487 0.46395765384615384 0.44353334935897437 0.4676248108974359 0.3289673557692308 0.4837494134615385 0 0.5237469166666667 0 0.5474722788461539
0 0.8384145865384616 0.4236346057692308 0.8417849903846153 0.42145670192307694 0.8410963429487179 0.4197994903846154 0.8293110833333333 0.4157572724358975 0.8237067916666666 0.4153653814102564 0.8082152211538461 0.4183047467948718 0.8065020224358975 0.4197940032051282 0.7960380705128205 0.4198668205128205 0.7748862179487179 0.423214907051282 0.7763194935897436 0.42572871794871797 0.7794659615384615 0.426753266025641 0.7839337371794871 0.4318928525641026 0.7879368012820513 0.43217277243589747 0.7953102724358975 0.43027479166666666 0.8022190384615384 0.42351715064102563 0.807991282051282 0.4215072019230769 0.8200004807692307 0.42234696474358974 0.827038048076923 0.42525266346153845 0.8384145865384616 0.4236346057692308
0 0.7505319198717948 0.4263390576923077 0.7472174967948718 0.4277163461538461 0.7455043012820513 0.4292056057692308 0.7445357371794872 0.4315514615384616 0.7428225384615385 0.43304071474358974 0.7391722115384616 0.43922168589743593 0.7423746634615385 0.439445625 0.7432312628205128 0.43870099358974357 0.7497481378205128 0.4375476442307692 0.7498601057692308 0.4359464166666667 0.7507167019230769 0.4352017884615385 0.750940641025641 0.43199933333333335 0.7536224038461539 0.4281642211538461 0.7537343717948718 0.4265629967948718 0.7505319198717948 0.4263390576923077
0 0.6774298589743589 0.44777668589743586 0.6830341506410256 0.44816857692307693 0.7294528878205129 0.4401510993589744 0.7138884967948719 0.43262650961538457 0.7090848173076923 0.4322906025641026 0.6328194551282051 0.4414391121794872 0.6131008814102564 0.44730100961538466 0.5929735833333333 0.44750262500000004 0.5675947307692307 0.4537732435897435 0.5649129711538462 0.4576083557692308 0.5670348878205128 0.461779375 0.5764742916666667 0.4648530288461538 0.5873301378205128 0.4591759166666667 0.6058002243589744 0.45966294230769233 0.6400418076923077 0.4532075416666667 0.644548733974359 0.44628194230769236 0.6520901570512821 0.441982125 0.6689590192307693 0.4423571794871795 0.6774298589743589 0.44777668589743586
10 0.6697036506410257 0.44321377884615387 0.6536354006410257 0.4428947051282051 0.6426675865384615 0.45017304166666666 0.6413239615384615 0.46938775961538465 0.6624366602564102 0.47810485256410257 0.6639650673076923 0.4677528685897436 0.6767580448717948 0.45738404807692307 0.6765172788461538 0.4493219294871795 0.6697036506410257 0.44321377884615387
2 0.6545699294871795 0.3029721826923077 0.6559472179487179 0.30628660256410256 0.6492792211538462 0.3211063621794872 0.646502326923077 0.3378072692307692 0.628418641025641 0.3663102724358974 0.6373373557692308 0.36532487500000005 0.6459593141025641 0.35707797115384615 0.6513956538461538 0.35987170192307694 0.6494585224358974 0.36456341025641026 0.6529408974358974 0.36078428525641026 0.6543741698717949 0.36329809294871795 0.6674525576923076 0.31433188461538464 0.6597823301282052 0.30896836538461536 0.6586289775641025 0.30245148717948717 0.6545699294871795 0.3029721826923077
2 0.7641196506410256 0.3355730096153846 0.7705245544871795 0.3360208846153846 0.7730383621794872 0.3345876121794872 0.7716050897435898 0.3320738044871795 0.7765207371794872 0.33080848076923075 0.7812124487179487 0.3327456153846154 0.7862568974358974 0.3411436378205128 0.7945989358974359 0.33689980128205127 0.7968888076923077 0.33866898397435896 0.7951756121794872 0.3401582371794872 0.8038144038461539 0.34317590705128204 0.8012446121794872 0.34540979487179485 0.8125091826923078 0.34539296153846155 0.8178335512820513 0.3497879166666667 0.8377369134615384 0.3527887532051282 0.8396180608974358 0.34889765384615384 0.8484807884615384 0.3487128685897436 0.8545497916666667 0.35396442307692305 0.8712506987179487 0.35674132051282054 0.874805891025641 0.36342614743589746 0.8863503814102563 0.35940625 0.8901295096153847 0.3628886217948718 0.9053971442307692 0.36315171474358976 0.9113373429487179 0.3587399230769231 0.9135712307692307 0.36130971794871797 0.9124347083333333 0.3660574134615385 0.9201049358974359 0.3714209326923077 0.9274784102564103 0.36952295192307694 0.9280382532051282 0.36151682371794874 0.9353557371794872 0.3604194519230769 0.9468050961538461 0.36926534935897437 0.9440113653846154 0.3747016891025641 0.9511608974358975 0.37600616025641026 0.951681592948718 0.38006521153846157 0.9550519967948718 0.3778873108974359 0.9572858846153847 0.3804570993589743 0.9756999871794871 0.38174474038461537 0.975140141025641 0.3897508717948718 0.9350761891025641 0.4794700512820512 0.9354849102564102 0.4851303269230769 0.9461896378205128 0.49311962820512817 0.9680301314102564 0.49142875 0.9737855448717949 0.47815423397435897 0.9760080833333333 0.4348651346153846 0.9997743685897436 0.38262365705128204 0.9962751570512821 0.375138217948718 0.9909507884615385 0.3707432596153846 0.9829446538461539 0.37018341666666665 0.9792774967948719 0.36509982051282047 0.9825359326923078 0.364523141025641 0.9837844198717949 0.3581742211538461 0.9896686346153846 0.3545630448717949 0.982390298076923 0.34359523076923076 0.9732308141025641 0.3365185128205128 0.8867477564102564 0.3192076378205128 0.8742738525641025 0.3135082083333333 0.8668275641025641 0.30494223076923077 0.810952592948718 0.29862148717948717 0.804827608974359 0.29417054807692306 0.7768621314102564 0.2914104839743589 0.7700485032051282 0.2853023333333334 0.7643322403846153 0.2865116698717949 0.755766266025641 0.2939579583333333 0.7495293141025642 0.2911082435897436 0.7421558397435898 0.29300622435897433 0.739289294871795 0.28797860576923073 0.7345415993589743 0.28684208974358977 0.7296819358974359 0.28730679487179484 0.7276888173076923 0.29279911858974356 0.7223644487179488 0.28840416346153847 0.7165922019230769 0.29041411217948715 0.7151589294871794 0.28790030448717946 0.7030377628205128 0.2886617628205128 0.6984020384615385 0.2859240224358975 0.6735830288461538 0.2841885064102564 0.6686673782051282 0.2854538269230769 0.6623352884615384 0.29546990705128207 0.6575316121794872 0.2951340032051282 0.6564510769230769 0.29908108333333333 0.663768564102564 0.297983717948718 0.6676036762820513 0.30066547435897434 0.6671456217948718 0.3072159487179487 0.6720714519230769 0.3058050608974359 0.678885080128205 0.3119132115384616 0.6873390833333334 0.30606815064102566 0.695362048076923 0.3178925641025641 0.6994770865384615 0.3165712564102564 0.7150974615384615 0.3232952371794872 0.720925689102564 0.3204846762820513 0.7293405448717949 0.3267047948717949 0.7469540352564102 0.3279364487179487 0.7503804230769231 0.3249579358974359 0.7600997532051282 0.3240285192307692 0.7641196506410256 0.3355730096153846
5 0.566849608974359 0.3362600512820513 0.5696041923076923 0.34288889423076924 0.5674991057692308 0.3499824423076923 0.5606294903846154 0.34467490705128206 0.5515988076923077 0.347261532051282 0.5430328333333333 0.3547078205128205 0.5401103012820513 0.3504808141025641 0.5468342788461538 0.3348604423076923 0.544359625 0.3242285352564102 0.541325125 0.3216027564102564 0.5229838397435898 0.3307790737179487 0.522272875 0.35245161217948723 0.527446125 0.3705129807692308 0.5217803621794871 0.40551602243589746 0.5179620801282052 0.41409883012820514 0.5174190705128205 0.4333695320512821 0.5121675192307692 0.4394385288461538 0.5042733525641026 0.43727746153846153 0.4990217980769231 0.4433464615384615 0.5006958429487179 0.4539223878205128 0.49654165705128206 0.46730887499999996 0.5110086794871795 0.4675159775641025 0.5258116057692308 0.46291940064102566 0.5583736570512821 0.48048239743589743 0.5664357756410257 0.480241625 0.5569458717948718 0.4433742692307692 0.560562532051282 0.41466416025641023 0.5651814294871794 0.40613733653846157 0.5836906666666667 0.39455918269230766 0.5909185064102564 0.37173328525641025 0.5775543365384616 0.3442493493589744 0.569363419871795 0.33482677564102564 0.566849608974359 0.3362600512820513
3 0.46297674679487183 0.20107659615384615 0.46448283333333334 0.21405436217948717 0.4519196506410256 0.3016739391025641 0.45988663141025643 0.31429896474358976 0.46469031089743584 0.31463487179487176 0.47165506089743586 0.30707661538461534 0.47141429166666665 0.2990145 0.47586523076923076 0.29288951282051284 0.4822364711538461 0.2708082532051282 0.48214682051282054 0.24907972756410254 0.49466536538461536 0.20811965064102564 0.4932880769230769 0.20480523076923077 0.4736086506410256 0.1986019423076923 0.4664031346153846 0.1980980833333333 0.46297674679487183 0.20107659615384615
6 0.2743123205128205 0.2989087628205128 0.2693406923076923 0.3009746955128205 0.2674035576923077 0.30566640705128206 0.2898375608974359 0.31849853525641025 0.2895576378205128 0.32250160576923076 0.21413204487179485 0.31964091346153845 0.19828773397435898 0.316119391025641 0.16153783012820513 0.2894137467948718 0.15261659615384615 0.28878991346153843 0.15079395192307693 0.2934896282051282 0.14815638141025642 0.28847802243589743 0.14444502884615384 0.29224113782051286 0.1436953621794872 0.2881660801282051 0.13923514743589743 0.2878541891025641 0.14118659294871796 0.29281781730769235 0.1347741314102564 0.28754224679487184 0.13169120512820515 0.2905447788461538 0.13031391346153848 0.2872303557692308 0.12934534935897438 0.2895762115384616 0.13243583333333334 0.291401375 0.15308382051282052 0.2952588076923077 0.18136288782051282 0.31654494551282053 0.2000737467948718 0.3250940897435897 0.22632602884615385 0.32934340705128207 0.2984931858974359 0.33278077243589743 0.3145614326923077 0.33309984935897435 0.3244487147435897 0.3297685929487179 0.32398400641025643 0.3249089294871795 0.31877160576923075 0.3189127467948718 0.29084527884615385 0.3040875 0.28952397435897437 0.29997246474358974 0.2743123205128205 0.2989087628205128
11 0.6949873653846154 0.4498089551282051 0.6924175737179487 0.45204284294871794 0.6999198461538462 0.45980820512820514 0.7017618397435897 0.4679822916666667 0.7065095352564102 0.46911880769230774 0.7038837596153845 0.47215330769230773 0.7077916891025641 0.48529902564102567 0.7073269839743589 0.48043936217948713 0.7120746762820513 0.4815758814102564 0.7154450865384615 0.4793979775641026 0.7174381987179488 0.47390565384615385 0.7151483301282051 0.47213647756410254 0.7186866858974359 0.467556733974359 0.7100310641025641 0.45327449679487175 0.6949873653846154 0.4498089551282051
11 0.6517260737179488 0.38966234294871793 0.6515581217948718 0.3920641826923077 0.6552084487179487 0.3858832147435897 0.6591555288461538 0.38696375 0.6610366794871795 0.38307265384615385 0.651804375 0.36553198076923077 0.6396832115384615 0.3662934391025641 0.6376900929487179 0.37178576282051284 0.6413572532051283 0.3768693653846154 0.642975314102564 0.3882459038461539 0.6517260737179488 0.38966234294871793
11 0.6834033493589744 0.35084650641025644 0.6754532019230769 0.3494860512820513 0.6677998108974359 0.35538709615384617 0.6657507083333334 0.3616800320512821 0.6701624967948718 0.3676202307692308 0.6804585000000001 0.3699492564102564 0.6862307467948718 0.3679393044871795 0.6876471858974359 0.3591885448717949 0.6834033493589744 0.35084650641025644
11 0.6264869967948717 0.3364076634615385 0.6177922211538461 0.334190608974359 0.610194810897436 0.3392910448717949 0.6090582916666667 0.3440387371794872 0.6126134807692307 0.35072356730769233 0.6221648557692308 0.35219599038461535 0.6287377147435897 0.35024202564102563 0.6293535448717948 0.3414352788461538 0.6264869967948717 0.3364076634615385
11 0.5800905833333333 0.32109539102564105 0.5721404326923076 0.3197349326923077 0.5678574487179487 0.32345807692307693 0.5665529743589744 0.3306076121794872 0.5695314871794872 0.3340340032051282 0.5749678269230769 0.336827733974359 0.5839425288461538 0.3350417211538462 0.585247 0.3278921858974359 0.5800905833333333 0.32109539102564105
11 0.4694939935897436 0.31497077564102566 0.46824550320512826 0.3213197019230769 0.47180069551282056 0.32800452564102567 0.48306526602564104 0.32798769551282053 0.4851703493589744 0.32089414423076923 0.4832723653846154 0.31352067307692305 0.47292038141025644 0.31199226282051284 0.4694939935897436 0.31497077564102566
11 0.5284985961538461 0.3110515032051282 0.5271381410256409 0.31900164743589743 0.5301166570512821 0.32242804166666666 0.5440070032051282 0.3193767083333333 0.5443988942307693 0.31377241346153845 0.5391305064102564 0.30857684294871796 0.5327256025641025 0.3081289711538462 0.5284985961538461 0.3110515032051282
11 0.20928439743589747 0.8148911858974359 0.2093403814102564 0.8140905737179488 0.1513279519230769 0.8100339487179488 0.15127196474358973 0.810834564102564 0.20928439743589747 0.8148911858974359