11 0.20079598717948718 0.6872178846153846 0.20112911858974358 0.68720625 0.2010653653846154 0.6853805641025641 0.20073223397435896 0.6853921987179488 0.20079598717948718 0.6872178846153846
18 0.4877416923076923 0.6171658493589743 0.48706568589743593 0.6165354615384615 0.4895872307692308 0.6138314358974359 0.4986065288461538 0.6099195160256411 0.5054609455128205 0.60019725 0.5087619358974359 0.5854760192307692 0.514540375 0.5792794038461538 0.5098311378205128 0.5755198974358974 0.5135636858974358 0.5606747083333333 0.4995075160256411 0.5327168557692308 0.49330940384615385 0.5237773942307692 0.4865607403846154 0.5178001282051282 0.4506307788461538 0.5095719294871796 0.43918843269230773 0.5096445096153845 0.40490390705128204 0.5298075544871795 0.39893804807692307 0.5368828141025641 0.39469641666666666 0.5465138365384615 0.41867392948717946 0.6244826987179487 0.42035253846153847 0.6257320673076924 0.41883359935897435 0.6290550737179488 0.42119962179487175 0.6312614262820513 0.43158233653846156 0.6289368782051282 0.44733163461538455 0.6398317788461538 0.4474114711538461 0.6421179647435897 0.45388641346153846 0.640256875 0.4602929198717949 0.6364361923076923 0.46275744230769233 0.6320991730769231 0.46789177243589747 0.6293039038461539 0.4723044807692308 0.6245718557692308 0.4877416923076923 0.6171658493589743
18 0.28438190384615386 0.7491800256410256 0.28803876282051283 0.7415314038461539 0.2983074294871795 0.7359408685897436 0.2994313429487179 0.7306696730769231 0.2986526891025641 0.7270999038461538 0.3103936346153846 0.688758298076923 0.31132366346153845 0.6779349326923078 0.3102184102564103 0.6743765641025641 0.30646616025641027 0.6699296442307692 0.3060255096153846 0.6666750705128205 0.29815293589743586 0.6659689935897436 0.29652305128205125 0.6473871057692308 0.2945064358974359 0.6458225448717949 0.2916655480769231 0.6393818205128206 0.2896489326923077 0.6378172564102564 0.28637154487179484 0.6376047083333334 0.2819318814102564 0.6322008044871795 0.28177221153846155 0.6276284294871795 0.2766679423076923 0.6219207371794871 0.26609134294871795 0.6186931153846154 0.2572845929487179 0.6193276506410257 0.25157275320512823 0.6149491602564102 0.22719918269230768 0.6099143653846154 0.19881934615384614 0.6118864006410256 0.18943923397435897 0.6148299326923077 0.14169990064102564 0.6429837532051282 0.1277515608974359 0.6555697115384616 0.10825934935897435 0.6873150705128206 0.1092930576923077 0.7075527596153847 0.11398778525641025 0.7296245833333332 0.1422214358974359 0.7796501121794872 0.15146883333333333 0.7822701538461538 0.15666019230769232 0.781107875 0.17109169551282052 0.7917218012820513 0.17966308333333333 0.7937114615384616 0.18883064743589745 0.7940453141025642 0.19647926923076925 0.7977021794871795 0.2030454519230769 0.7984538717948718 0.2131015673076923 0.7961407243589743 0.2169523173076923 0.7940442756410256 0.22550815705128208 0.7862245769230769 0.28438190384615386 0.7491800256410256
18 0.0011788205128205127 0.35515860897435897 0.0026125865384615385 0.35510854166666667 0.00256936217948718 0.353870733974359 0.001135596153846154 0.3539208012820513 0.0011788205128205127 0.35515860897435897
10 0.15399661217948718 0.8452922211538462 0.17734786858974358 0.830415923076923 0.17949719871794872 0.8264169102564103 0.18404676282051283 0.8256040448717948 0.1977825544871795 0.8162954711538462 0.19996609615384617 0.81327625 0.2111917467948718 0.8069983044871795 0.21401708333333333 0.8036296730769231 0.21854383974358974 0.802163608974359 0.22458953525641023 0.7973745384615385 0.22707686538461538 0.7936907179487179 0.23477836538461538 0.7894978141025641 0.23996972115384615 0.7883355384615385 0.26041581089743593 0.7745416826923077 0.2664044807692308 0.7681196217948718 0.3028497403846154 0.744284157051282 0.3079042371794872 0.7392027051282052 0.308769983974359 0.7359025032051283 0.31134855448717946 0.7348314679487179 0.31529054166666665 0.7353478044871795 0.3168893173076923 0.734310983974359 0.31683229166666665 0.7326779935897435 0.3255478012820513 0.7294306730769231 0.33899120833333335 0.721113298076923 0.3501370256410256 0.7125491634615384 0.35944870192307693 0.7076460416666667 0.4418748525641026 0.6521212051282052 0.4438800641025641 0.6533591698717949 0.4487334166666667 0.6518816987179488 0.44930263141025645 0.6400899455128205 0.4532560256410256 0.6409328782051282 0.4613981730769231 0.6399945576923077 0.4826001025641026 0.6291172756410257 0.484445641025641 0.6257828589743589 0.4905027435897436 0.6213203878205128 0.49534469551282057 0.6195163173076923 0.4978206185897436 0.6155059006410256 0.5109032115384615 0.6062201378205128 0.5339849006410257 0.5929882371794871 0.581237967948718 0.5602734455128205 0.6081361891025642 0.5439653044871795 0.6148122724358974 0.5385002243589744 0.6169273846153847 0.5335214134615385 0.6057618685897436 0.522793439102564 0.5688023429487179 0.5038103044871795 0.556296217948718 0.4921481538461538 0.543467641025641 0.4899801666666666 0.5327013012820513 0.49068312820512816 0.49450485576923076 0.5018268782051282 0.48754364423076924 0.499127 0.4813154647435897 0.49869049679487176 0.4792076121794872 0.4945131506410257 0.4796098942307692 0.4873051794871795 0.4808592628205128 0.4856265673076923 0.478975358974359 0.47849842948717947 0.48306146794871796 0.47377778846153845 0.4806954423076923 0.4715714326923077 0.4784092564102564 0.4716512692307692 0.4106333717948718 0.4972348141025641 0.39938491025641026 0.5028595608974359 0.20987288141025642 0.5725878108974359 0.14411360897435896 0.5997359134615384 0.12812584615384617 0.6101041153846154 0.1158177564102564 0.6134768942307692 0.054938798076923076 0.649283483974359 0.01073501923076923 0.6756788525641025 0.008281900641025642 0.680342467948718 0.008331669871794872 0.6911316185897436 0.006520346153846154 0.6954458269230769 0.011926346153846154 0.8502534262820513 0.05340433333333333 0.8488049807692308 0.05352563782051282 0.8429148076923076 0.08792836538461539 0.8355005032051281 0.09370863782051282 0.8418385833333334 0.09378847115384616 0.8441247692307692 0.09675066666666667 0.8446753237179487 0.09847490064102564 0.8472310833333333 0.15399661217948718 0.8452922211538462
9 0.48865308653846157 0.821179891025641 0.47995623717948716 0.8155976538461538 0.47615836538461537 0.8098443397435897 0.4759872884615385 0.8049453621794872 0.48035022756410256 0.7894241698717949 0.4786145897435898 0.7865418076923077 0.48050574679487174 0.7845137884615385 0.4814772435897436 0.7655140608974359 0.4826809903846154 0.7625290544871794 0.48242593269230766 0.7458611378205128 0.4846509487179487 0.7346655544871795 0.4830822371794872 0.7271994134615384 0.48394798397435895 0.7238992147435896 0.48492777564102557 0.723865 0.48482513141025646 0.7209256153846153 0.48348452243589746 0.7199914391025641 0.48495784294871797 0.7153620384615385 0.486502701923077 0.6940533108974359 0.48524918589743593 0.6862491666666666 0.48715175320512816 0.6845477467948718 0.48479713141025643 0.6826679935897436 0.4874856057692307 0.6753801858974359 0.4872118846153846 0.667541826923077 0.4896878108974359 0.6635314038461538 0.4886167724358974 0.6609528333333333 0.489866141025641 0.6592742211538462 0.4893186987179487 0.6435975032051282 0.48263846794871795 0.6395798237179486 0.4791029102564103 0.6413382724358975 0.475757092948718 0.6391661378205128 0.468268141025641 0.6400816474358975 0.45136901602564106 0.652443657051282 0.44669814102564104 0.6591466987179487 0.443804375 0.6605557371794871 0.4421371698717949 0.659632967948718 0.43367982692307694 0.6609092916666667 0.4126033525641026 0.675379157051282 0.4085172435897436 0.6800997980769231 0.4086312948717949 0.6833657820512821 0.40446535256410254 0.6858002371794871 0.400185358974359 0.6849687051282052 0.3941510673076923 0.6900843782051282 0.39491831730769233 0.6933275512820513 0.393984141025641 0.6946681602564103 0.3969276762820513 0.7040482724358974 0.39568971153846155 0.7060534775641025 0.3961873846153846 0.710941048076923 0.3947824935897436 0.7175300416666667 0.3961770224358974 0.7387361217948718 0.3953226826923077 0.7423629198717949 0.39674312500000003 0.7455832788461538 0.3917114391025641 0.7513179326923076 0.3870706314102564 0.7495180128205128 0.3636384967948718 0.7339864551282052 0.36189145512820514 0.7307774967948718 0.35982507051282053 0.7184237852564103 0.3570754230769231 0.7145958461538461 0.35282964423076923 0.7147441121794872 0.3487093237179487 0.7184849583333334 0.3448015480769231 0.7189484166666666 0.3345328814102564 0.7245389551282051 0.28820258653846154 0.7555865352564103 0.27417441025641026 0.7658863076923077 0.2704263076923077 0.7709221442307692 0.26430077564102566 0.7734250256410257 0.26770361858974356 0.7772301538461539 0.2670089487179487 0.7854293301282051 0.26251641025641026 0.7878751891025642 0.25822500961538464 0.7867170608974359 0.2543514519230769 0.7881603173076923 0.2503752467948718 0.7866641858974359 0.24554470192307695 0.7887948493589744 0.24398014423076922 0.7908114647435898 0.24036475000000002 0.7902837243589743 0.2317290769230769 0.7958172339743589 0.23186593910256412 0.7997364134615385 0.23529159294871796 0.8041947371794872 0.24091219230769229 0.8059604423076923 0.25374491666666665 0.817611185897436 0.2552223846153846 0.8224645416666667 0.25411402564102564 0.8375450897435898 0.25088225961538463 0.8386389358974359 0.25551166025641026 0.8401122564102564 0.25589528525641025 0.841733842948718 0.5034568012820513 0.8330888044871794 0.5027351762820513 0.8311520256410256 0.4987247532051282 0.8286760993589743 0.49510936538461536 0.828148358974359 0.48865308653846157 0.821179891025641
9 0.5256432916666667 0.7661299262820512 0.5267406602564103 0.7660916025641026 0.5267224102564102 0.765569048076923 0.5256250416666667 0.7656073685897435 0.5256432916666667 0.7661299262820512
17 0.1419124326923077 0.5367024391025641 0.13274486858974358 0.5363685833333334 0.12075197115384616 0.539403358974359 0.1149644455128205 0.5422214358974359 0.09634523397435897 0.5615104391025642 0.09290091666666667 0.565881673076923 0.09142759615384616 0.5705110769230769 0.09037211538461538 0.5777418589743589 0.09132184294871795 0.5862106057692308 0.1152174358974359 0.6056499391025641 0.12475721794871796 0.607278782051282 0.13895646474358975 0.601877983974359 0.1446527564102564 0.5964471217948718 0.15277209294871794 0.5948555993589744 0.1672523237179487 0.5881370064102565 0.17301289102564102 0.5751829743589744 0.17430373076923078 0.565328 0.17180084615384614 0.5592024711538461 0.16734977884615385 0.5534719615384616 0.15219665064102564 0.5409212596153846 0.1419124326923077 0.5367024391025641
17 0.9001720865384616 0.4323982403846154 0.8920071314102563 0.43268336858974354 0.8772003044871794 0.43941336858974356 0.8763459647435897 0.4430401666666667 0.8816327115384616 0.4539734358974359 0.8821988173076923 0.46082059294871797 0.8798711570512819 0.46907679166666666 0.881933391025641 0.4719477467948718 0.8901667820512821 0.47362220833333335 0.9035002852564102 0.471521608974359 0.9121701730769232 0.46696789423076923 0.9189903749999999 0.45626583653846153 0.9195181153846155 0.45265044871794874 0.9179608108974359 0.4455109038461539 0.9145009423076923 0.44007278205128203 0.9080902820512821 0.43441071153846156 0.9001720865384616 0.4323982403846154
17 0.7838750897435898 0.39820082371794874 0.7836438814102564 0.4103077724358975 0.785390923076923 0.4135167275641026 0.7900773525641025 0.4166230384615385 0.7976689487179487 0.4186469134615385 0.8045275096153847 0.4184074070512821 0.811610032051282 0.4152171121794872 0.8147391506410256 0.4111838782051282 0.8171995224358974 0.39736410256410254 0.8140320352564102 0.3909347852564103 0.8110242211538462 0.3890778397435897 0.7958866474358974 0.38633649038461537 0.7894573301282052 0.3895039743589743 0.7859902019230769 0.3932220128205128 0.7838750897435898 0.39820082371794874
17 0.9346992275641025 0.40045485256410257 0.9394084647435897 0.404214358974359 0.9463582692307693 0.4065876378205128 0.9568208237179487 0.4065492756410256 0.9638463141025642 0.4017259871794872 0.9669526249999999 0.3970395608974359 0.9667587403846155 0.391487391025641 0.9636026602564102 0.38538466666666665 0.9598732147435897 0.3815909455128205 0.9525854070512819 0.37890246794871796 0.9418304743589744 0.37993203205128206 0.9345240032051282 0.3860731185897436 0.9330620897435897 0.3910291185897436 0.9346992275641025 0.40045485256410257
17 0.5499218814102564 0.7497170608974358 0.5303747115384615 0.7330688461538462 0.5254187115384615 0.7316069294871794 0.5124003974358974 0.7333695256410256 0.4940466089743589 0.741531375 0.4851299615384615 0.7483826858974358 0.48114028205128206 0.7933205384615385 0.482512 0.8138734198717948 0.48815541025641024 0.8162923237179487 0.49107198397435897 0.8155364775641026 0.4961192243589744 0.8196111794871794 0.4951850512820513 0.8209517884615385 0.4979346987179487 0.8247797307692307 0.5077025833333334 0.8329405384615385 0.5573455256410257 0.8312069679487178 0.5604176217948719 0.8255407467948718 0.5640931474358974 0.8090625673076923 0.56737675 0.7719972852564103 0.5645700801282051 0.7665363557692307 0.5537197532051282 0.755470375 0.5499218814102564 0.7497170608974358
16 0.8501040512820512 0.4406865897435897 0.8443735480769231 0.44513765705128205 0.8403102467948719 0.4505114967948718 0.837948375 0.45778790064102565 0.8383133365384615 0.4682390448717949 0.8407591955128205 0.47273158653846153 0.8437898205128206 0.47524172756410255 0.8589616089743589 0.478962875 0.8700773557692307 0.4789016987179487 0.8745698974358975 0.47645583974358974 0.8796243942307692 0.47137438461538456 0.882863419871795 0.46112438141025647 0.8835923012820512 0.45390500320512817 0.8817540192307692 0.4480832564102564 0.8769421378205129 0.44138436538461534 0.8667035384615384 0.4384719391025641 0.8568827788461538 0.4381608974358974 0.8501040512820512 0.4406865897435897
16 0.7024453301282052 0.49162246794871794 0.6960502275641026 0.4957697467948718 0.6866742628205128 0.5081960352564102 0.6862833814102565 0.515730608974359 0.6900055673076922 0.5286804903846154 0.6952238846153846 0.5376541666666667 0.7012281121794872 0.5410414551282051 0.7104526987179487 0.5430083044871795 0.7254762211538461 0.5424836698717949 0.7370056570512821 0.5355411217948718 0.7441524615384615 0.5248276602564103 0.7439129551282051 0.5179690961538461 0.7359750544871795 0.4966645192307692 0.7335520064102564 0.49282517307692303 0.7269402051282051 0.4907670865384615 0.7177384262820513 0.4894534391025641 0.7024453301282052 0.49162246794871794
16 0.7391269743589743 0.3902805608974359 0.7411021185897436 0.400021483974359 0.7431415416666667 0.4022392435897436 0.7484583557692307 0.40466954807692307 0.7553625384615384 0.4057364358974359 0.7592475064102564 0.40461977884615385 0.7655969903846154 0.39916610576923073 0.7690641153846154 0.3954480705128205 0.7705032211538462 0.3898388717948718 0.7659266987179487 0.3805157884615385 0.7582552660256411 0.3762057275641026 0.7510701025641026 0.3764566378205128 0.7439989903846155 0.37997353525641026 0.7405204615384615 0.38336497115384616 0.7391269743589743 0.3902805608974359
17 0.7117159551282051 0.5229994134615384 0.7130419423076924 0.522953108974359 0.713008298076923 0.5219896442307692 0.7116823076923077 0.5220359487179487 0.7117159551282051 0.5229994134615384
8 0.8561300160256411 0.21059756089743592 0.8125327692307692 0.2075420576923077 0.8063274038461539 0.20775875320512818 0.8040868365384615 0.209144983974359 0.8031308910256411 0.23795406410256412 0.7875474935897436 0.2973576314102564 0.784980326923077 0.298755266025641 0.7844225192307692 0.3108736185897436 0.7838377532051282 0.3128560192307693 0.780966798076923 0.31491825641025645 0.7792581217948717 0.32217184935897436 0.7763985737179487 0.3245606794871795 0.7737215032051282 0.33217508653846156 0.769031967948718 0.3477076891025641 0.7657628782051281 0.36646065384615384 0.7656073557692308 0.37137103525641024 0.7683912179487179 0.376178766025641 0.768539483974359 0.38042454807692305 0.7754706282051281 0.3916273846153846 0.782002592948718 0.39139928525641027 0.7863624230769231 0.39451700320512817 0.7994792307692308 0.38621103525641026 0.8136141987179487 0.3883334006410256 0.8194017275641026 0.3855153237179487 0.8186230737179487 0.3819455544871795 0.8214598141025641 0.3789035224358974 0.8548277724358974 0.2201259358974359 0.8578998685897437 0.2144597147435897 0.8561300160256411 0.21059756089743592
11 0.5058362435897436 0.3768454775641026 0.5021980416666667 0.37566454166666663 0.4793361602564103 0.37646289423076923 0.469021875 0.38074703525641024 0.4612177307692308 0.3820005544871795 0.4288616858974359 0.3824764583333333 0.3849720576923077 0.38041215705128206 0.34694979487179484 0.37781596474358975 0.3358869230769231 0.370027375 0.32568254166666666 0.36809474038461537 0.3225077980769231 0.37082157692307693 0.31942429487179486 0.37616120192307695 0.3085449455128205 0.4017198525641026 0.30818827884615385 0.41023422115384617 0.3096543461538461 0.4147609775641026 0.32126776602564106 0.41958737179487177 0.45588744230769235 0.42600423397435894 0.4826799134615385 0.42539561858974356 0.4930512211538462 0.4227444647435898 0.49517773717948715 0.4180922532051282 0.4937759583333333 0.40604233333333334 0.48645704166666665 0.38373515064102565 0.4922103525641025 0.37993727564102564 0.4990575160256411 0.3793711730769231 0.5006448878205128 0.3780077532051282 0.5049134743589744 0.37851268589743586 0.5058362435897436 0.3768454775641026
16 0 0.3786974038461538 0.008194769230769231 0.3782006698717949 0.012068326923076923 0.3767574166666667 0.015535455128205129 0.37303937820512817 0.017639160256410255 0.36773396794871793 0.01735403205128205 0.3595690128205128 0.014444714743589744 0.35116869551282054 0.011041871794871795 0.3473635673076923 0.0070428589743589745 0.3452142371794872 0 0.3438459358974359 0 0.3786974038461538