11 0.3019655096153846 0.5248144262820512 0.30136557371794875 0.49044405769230764 0.26074656089743586 0.4911530673076923 0.2613464967948718 0.5255234326923077 0.3019655096153846 0.5248144262820512
10 0.8653069871794872 0.5681137532051281 0.8683771826923076 0.5649352884615384 0.8715011057692308 0.5648807628205128 0.8711738653846154 0.5461332179487179 0.874244048076923 0.5429539487179488 0.8738077403846154 0.5179577564102564 0.8300648044871795 0.5187212916666667 0.8308828942307692 0.5655897564102563 0.8527543621794873 0.5652079871794872 0.8559336153846154 0.5682773653846154 0.8653069871794872 0.5681137532051281
10 0.7696620096153846 0.4603917852564102 0.7259190737179487 0.4611553205128205 0.7265189967948718 0.49552488141025636 0.7671380128205129 0.494815875 0.770207407051282 0.49163742628205126 0.7696620096153846 0.4603917852564102
11 0.40496591987179487 0.5167651955128205 0.40442053846153847 0.48552035576923075 0.37317489743589743 0.48606574999999996 0.3737202788461539 0.5173105897435898 0.40496591987179487 0.5167651955128205
10 0.9630556762820512 0.43826362820512815 0.962510282051282 0.4070179871794872 0.9312646410256411 0.4075633814102564 0.9318100352564104 0.4388090224358974 0.9630556762820512 0.43826362820512815
10 0.9992089999999999 0.7189250128205129 0.9978455256410257 0.6408117083333333 0.932231125 0.6419570128205129 0.9335945961538462 0.7200703173076922 0.9992089999999999 0.7189250128205129
10 0.6397413333333334 0.5376709807692307 0.6390323237179487 0.497051967948718 0.5952885865384615 0.49781551602564106 0.5959975961538461 0.5384345320512821 0.6397413333333334 0.5376709807692307
11 0.6950399935897436 0.661724782051282 0.6938946762820513 0.5961095737179487 0.6345281153846154 0.5971458205128205 0.6356734326923077 0.6627610288461538 0.6950399935897436 0.661724782051282
10 0.9176605608974359 0.5234436538461539 0.9166243269230768 0.46407790064102566 0.84163575 0.46538683012820514 0.8426719839743589 0.5247525865384615 0.9176605608974359 0.5234436538461539
10 0.9951731378205128 0.4877106346153846 0.9945186730769231 0.45021634615384615 0.960149108974359 0.45081626923076923 0.9608035737179487 0.4883105576923077 0.9951731378205128 0.4877106346153846
10 0.6920949070512821 0.49300088461538455 0.6914404423076923 0.45550659615384614 0.6539461538461538 0.45616106089743585 0.6546006185897435 0.4936553493589743 0.6920949070512821 0.49300088461538455
10 0.4969399871794872 0.5932968814102565 0.4406989551282051 0.5942785705128205 0.4418442724358974 0.6598937788461539 0.49496138461538464 0.6589666153846154 0.4980307628205128 0.6557873621794872 0.4969399871794872 0.5932968814102565
11 0.7749297692307692 0.4040416666666667 0.7468088525641026 0.4045325192307692 0.7472451634615385 0.4295287115384615 0.7722413557692308 0.4290924006410256 0.7753115352564103 0.4259131346153846 0.7749297692307692 0.4040416666666667
11 0.5398111057692307 0.5425409455128205 0.5397565608974358 0.5394162243589744 0.474141358974359 0.5405615416666667 0.4755048301282051 0.6186748397435897 0.5411200352564103 0.6175295224358974 0.540738266025641 0.5956580576923077 0.5375590032051283 0.5925878717948718 0.5367409230769231 0.5457202147435897 0.5398111057692307 0.5425409455128205
10 0.7980769230769231 0.5256410256410257 0.8108974358974359 0.5352564102564102 0.8108974358974359 0.5512820512820513 0.8076923076923077 0.5544871794871795 0.8076923076923077 0.5576923076923077 0.7980769230769231 0.5641025641025641 0.7884615384615384 0.5641025641025641 0.7852564102564102 0.5608974358974359 0.782051282051282 0.5608974358974359 0.7724358974358975 0.5480769230769231 0.7724358974358975 0.5416666666666666 0.7756410256410257 0.5384615384615384 0.7756410256410257 0.5352564102564102 0.7852564102564102 0.5256410256410257 0.7948717948717948 0.5256410256410257
10 0.69533175 0.6078968814102564 0.6948415128205128 0.5798112724358975 0.6874794326923077 0.571912875 0.6688831057692308 0.5642105705128204 0.6648708782051282 0.5642806057692308 0.6417960416666667 0.5759210448717949 0.6415118429487179 0.6056255512820513 0.6679085192307692 0.6003486538461539 0.6922200128205128 0.613570032051282 0.69533175 0.6078968814102564
10 0.7312059423076923 0.40980884294871794 0.7215625865384615 0.40917447435897436 0.7104123814102564 0.4141852467948718 0.704146891025641 0.4231242051282051 0.7040768557692307 0.41911197756410257 0.696700766025641 0.41041113141025637 0.6878318397435897 0.40815786858974357 0.6862269487179488 0.4081858814102564 0.6806378397435897 0.4098888205128205 0.6735418878205128 0.4172368942307692 0.6737800032051282 0.4308784775641026 0.6794811634615384 0.4355951057692308 0.6971069615384616 0.43368206410256416 0.7017395512820512 0.42316622756410255 0.7065822403846154 0.4246870801282051 0.7058358205128206 0.42791086858974364 0.7115790032051282 0.4350348333333333 0.7236717211538461 0.438034516025641 0.7332730576923077 0.4362615448717948 0.7387781282051282 0.4297439326923077 0.7393704711538461 0.417693233974359 0.7312059423076923 0.40980884294871794
10 0.4515865032051282 0.43957301923076925 0.4556127435897436 0.44030543589743587 0.46441163461538465 0.43854646794871793 0.46993070833333334 0.43283129807692305 0.47055106730769236 0.42238549358974364 0.4615700865384616 0.41371266025641024 0.45755785897435897 0.4137826955128205 0.4479705256410257 0.41635811538461537 0.443309923076923 0.4252690608974359 0.4442244262820512 0.43167462179487176 0.4515865032051282 0.43957301923076925
10 0.6206504871794872 0.4221735705128205 0.6245226506410256 0.4140790769230769 0.6219052115384616 0.402084407051282 0.6162180544871795 0.39817022435897437 0.6122058237179487 0.3982402596153846 0.6041813653846153 0.39838032692307696 0.5995207628205128 0.4072912724358974 0.6004772820512821 0.4161041698717949 0.607825358974359 0.4232001217948718 0.6206504871794872 0.4221735705128205
10 0.4637673237179487 0.40163395192307694 0.4654562564102564 0.4064206153846154 0.479111842948718 0.4069849455128205 0.4806326987179487 0.4021422564102564 0.4731585608974359 0.38782428846153844 0.47073721474358976 0.3870638653846154 0.46752743269230773 0.38711989102564104 0.4619803429487179 0.39123016666666666 0.46133197115384617 0.40007108012820514 0.46775153846153844 0.39995902564102565 0.4637673237179487 0.40163395192307694
10 0.5752652948717949 0.39727967628205124 0.5672828557692308 0.39982708333333333 0.5634106923076923 0.4079215769230769 0.5651276410256411 0.41431312820512817 0.5715892275641026 0.41660841346153843 0.580402125 0.41565189423076926 0.5800799711538461 0.3971956346153846 0.5752652948717949 0.39727967628205124
10 1 0.6570214903846153 0.9898253653846154 0.6485098365384615 0.9624861762820512 0.6457762788461539 0.9600788365384616 0.6458183012820512 0.9480701602564102 0.6476332948717949 0.9425090673076923 0.650941125 0.9354691378205129 0.661498983974359 0.9325534967948718 0.6784063782051282 0.9360994423076923 0.6976090544871795 0.9475998141025641 0.7126594326923077 0.9573272147435896 0.7181084743589744 0.9766419423076923 0.7209820961538461 0.9806401698717949 0.7201096153846154 0.9749530128205128 0.7161954326923077 0.9773183301282051 0.7137460769230769 0.9877361185897436 0.7127615416666666 0.9958166089743589 0.7158312564102564 0.9950701891025642 0.7190550480769231 0.9910299455128205 0.7175201891025641 0.9878621794871796 0.7199835544871795 0.9903115384615384 0.722348875 1 0.7221797628205129 1 0.6570214903846153
2 0.5671848076923077 0.39420996153846155 0.5688317211538462 0.39658928525641024 0.5919065576923077 0.38494884615384617 0.590417782051282 0.345643 0.5917845608974359 0.33197340384615387 0.5956987435897436 0.3262862467948718 0.6751268878205128 0.32409713461538464 0.679223157051282 0.32884177884615384 0.6864451730769231 0.32871571794871796 0.6920062692307692 0.3254078814102564 0.728974810897436 0.327973358974359 0.7345359038461539 0.32466552564102563 0.7457981634615385 0.32607432371794876 0.7618050641025641 0.3233868493589744 0.7682386378205128 0.3240772403846154 0.7698995576923077 0.327259016025641 0.8083469294871795 0.3225744583333333 0.8284080769230769 0.32222429166666666 0.8453294775641026 0.3259423814102564 0.8525514935897436 0.3258163205128205 0.8524954647435897 0.32260653205128204 0.8597594967948717 0.3248878108974359 0.863715701923077 0.3216079935897436 0.8757663974358975 0.32220033653846153 0.8798346570512822 0.32534008974358974 0.8926457756410255 0.3235110897435898 0.8983889583333333 0.33063505769230767 0.8888075128205128 0.4255197756410256 0.9097971666666667 0.4323776153846154 0.9137953910256409 0.43150513461538464 0.91533025 0.427464891025641 0.923312689102564 0.42491748717948713 0.9229905320512821 0.4064612307692308 0.9127448846153846 0.3713216858974359 0.9191264935897436 0.3230488653846154 0.9156926025641027 0.3102657564102564 0.925279935897436 0.3076903397435897 0.9147360833333332 0.301452858974359 0.9010664871794872 0.3000860833333333 0.8986031217948718 0.2969183205128205 0.9041081891025641 0.29040070192307693 0.8854838525641026 0.2810935064102564 0.7988617051282052 0.2850135737179487 0.7875994487179487 0.28360477564102565 0.7770696025641026 0.2781697403846154 0.7714524807692308 0.2782677884615385 0.7658913846153846 0.28157561858974356 0.7089317275641026 0.28337254487179486 0.6936992628205128 0.2844411185897436 0.6889266057692307 0.28693249679487176 0.6776363333333334 0.2839188076923077 0.6617554967948718 0.2938282948717949 0.6337399230769231 0.2983307596153846 0.6128343044871796 0.29628759935897436 0.6088360833333334 0.29716007692307694 0.6057243461538462 0.3028332275641026 0.5832838717948717 0.3048303044871795 0.5764680512820514 0.3282273012820513 0.5779568269230769 0.36753315064102565 0.5671848076923077 0.39420996153846155
0 0.684365875 0.43952329487179487 0.6746244679487179 0.43327180769230766 0.6738080160256411 0.43248336858974357 0.6148892371794872 0.46000058653846154 0.5878441858974359 0.47411839423076924 0.5815366730769231 0.4806500192307692 0.566360233974359 0.48492837499999997 0.5537031858974358 0.4955842820512821 0.554561657051282 0.49878006089743593 0.560995233974359 0.4994704519230769 0.580972342948718 0.4943056057692308 0.5849005320512821 0.48942089743589745 0.6175206826923076 0.4727977019230769 0.6261374871794871 0.4606069358974359 0.6325010256410256 0.4572850993589744 0.6501548365384615 0.4569769519230769 0.684365875 0.43952329487179487
0 0.7526898974358974 0.39899886217948716 0.7558716666666667 0.3973379423076923 0.759081451923077 0.39728191346153846 0.7742578942307693 0.39300355769230766 0.7782140961538462 0.3897237403846154 0.7765671858974359 0.38734441666666664 0.771351282051282 0.3874354583333333 0.7661353846153847 0.3875265032051282 0.7541687307692307 0.3917488333333333 0.748621641025641 0.39585911217948716 0.7358805512820512 0.4017003429487179 0.7335152339743589 0.4041497019230769 0.7279401314102564 0.40665508333333333 0.7255327948717949 0.4066971025641025 0.7223650320512821 0.40916046794871797 0.7239839294871795 0.4099349038461539 0.7296010544871795 0.4098368557692308 0.7344577499999999 0.4121601506410256 0.7384699775641026 0.41209011858974354 0.7456219615384615 0.4079518269230769 0.7526898974358974 0.39899886217948716
0 0.7112848621794872 0.41818346794871797 0.7112568493589744 0.416578576923077 0.7104403974358975 0.4157901378205128 0.7072306121794871 0.4158461634615384 0.706442173076923 0.4166626185897436 0.704837282051282 0.4166906314102564 0.7024719615384616 0.4191399903846154 0.7024999775641025 0.4207448814102564 0.7017115384615384 0.4215613333333334 0.7017675641025641 0.42477111858974365 0.700979125 0.42558757051282053 0.7010211474358974 0.4279949102564103 0.7018375993589744 0.4287833493589744 0.705849826923077 0.42871331410256414 0.7074267083333333 0.4270804070512821 0.7082011378205129 0.4254615096153846 0.7081451121794872 0.42225172756410256 0.7112848621794872 0.41818346794871797
0 0.08211076923076922 0.7478338621794871 0.1545170544871795 0.7112516249999999 0.3788458782051282 0.5949592852564103 0.38922164743589743 0.5915674134615384 0.47111721794871797 0.5467926346153846 0.4807325673076923 0.545822108974359 0.4854351891025641 0.5393185 0.4852110801282051 0.5264793621794872 0.48119884935897433 0.5265493974358975 0.4389773621794872 0.5449455673076924 0.3936581442307692 0.5698173301282051 0.16603549679487178 0.6813510224358974 0.06892146474358975 0.7279968205128206 0.06092501602564102 0.729741782051282 0.0506893108974359 0.7411581121794872 0.04749353525641026 0.7420165833333333 0.04743750961538462 0.7388068012820513 0.040229503205128206 0.7397353076923077 0.004413573717948718 0.7572169775641026 0.004609669871794872 0.7684512211538461 0.014239019230769229 0.7682831378205128 0.011127285256410257 0.7739562884615385 0.01604000641025641 0.7794893685897436 0.028048682692307692 0.7776743749999999 0.03049804166666667 0.7800396923076923 0.03435619871794872 0.7711427532051283 0.042268602564102566 0.7645831185897436 0.08211076923076922 0.7478338621794871
5 0.5123401698717949 0.5171762275641025 0.5259537371794872 0.5153332243589743 0.5323873108974359 0.5160236153846154 0.5413122628205128 0.5214866634615384 0.5614154358974359 0.5235438301282052 0.5604869262820512 0.5163358237179487 0.5440458205128206 0.49414747115384616 0.5389229967948719 0.4765776987179487 0.5395013333333334 0.4637245576923077 0.5614935897435898 0.4360492051282051 0.5594825064102563 0.4128062852564102 0.5179414615384615 0.3782130064102564 0.5147596923076923 0.37987392628205124 0.5172370641025641 0.38384413461538464 0.510887532051282 0.38796841666666665 0.49955524038461535 0.38254739102564106 0.49231921794871797 0.3818710064102564 0.49065829807692307 0.378689233974359 0.4890253942307692 0.37711235576923074 0.473947 0.38700783653846155 0.4756919583333333 0.39500428525641024 0.4814071282051282 0.400523358974359 0.49135863461538465 0.41881153525641024 0.49381793910256416 0.4677327275641026 0.4990107980769231 0.48931472756410255 0.49191484294871796 0.4966628012820513 0.4870721538461538 0.4951419487179487 0.48156708653846153 0.5016595641025641 0.48327002564102567 0.507248673076923 0.49061810256410254 0.514344625 0.4908422115384616 0.5271837628205128 0.5044417692307692 0.524538310897436 0.5123401698717949 0.5171762275641025
11 0.7018836794871794 0.3854372596153846 0.6945916346153846 0.38155108974358976 0.681794516025641 0.3841825352564103 0.6794432051282051 0.38743433974358976 0.6812862115384615 0.40104790705128207 0.686142907051282 0.4033712051282051 0.6989680384615384 0.40234465384615387 0.7036146346153846 0.3926312596153846 0.7018836794871794 0.3854372596153846
11 0.41277901923076926 0.37764055128205126 0.40555700320512816 0.3777666121794872 0.4000379294871795 0.383481782051282 0.4001920032051282 0.3923086858974359 0.40506270512820514 0.3954344294871795 0.4154804967948718 0.3944498974358975 0.41938067307692306 0.38796029487179484 0.4176357147435898 0.37996384935897437 0.41277901923076926 0.37764055128205126
11 0.6124059807692307 0.3637210737179487 0.6035930833333334 0.36467759615384615 0.5996929038461538 0.3711671955128205 0.5989464871794872 0.3743909871794872 0.6038872243589744 0.38152896153846155 0.6182892307692308 0.3788695 0.619838092948718 0.3756317051282051 0.6172906891025641 0.3676492628205128 0.6124059807692307 0.3637210737179487
11 0.5537994102564102 0.36313867628205126 0.5457749487179486 0.3632787435897436 0.5410303076923076 0.3673750128205128 0.5403679294871795 0.3754134775641026 0.5452666474358975 0.38014411538461534 0.5532911057692308 0.38000404807692306 0.559640641025641 0.37587976282051283 0.5595285865384616 0.3694601955128205 0.5537994102564102 0.36313867628205126
11 0.4952348589743589 0.36496361217948714 0.4945304615384616 0.3705947403846154 0.49864073717948715 0.3761418301282051 0.5074816506410256 0.3767901987179487 0.5130427435897436 0.3734823685897436 0.5088344198717949 0.3623181602564103 0.5007819487179487 0.3608533365384615 0.4952348589743589 0.36496361217948714
11 0.4638274134615385 0.3590903076923077 0.45821029166666666 0.35918835576923075 0.4542540897435897 0.3624681730769231 0.45357770192307695 0.3697041955128205 0.4584764198717949 0.37443482692307695 0.4656984326923077 0.374308766025641 0.47124552243589746 0.3701984903846154 0.4678816602564102 0.3614276121794872 0.4638274134615385 0.3590903076923077
6 0.26698191025641027 0.4403872339743589 0.2668978685897436 0.4355725608974359 0.2603942628205128 0.4308699358974359 0.228170358974359 0.4242081923076923 0.22491855448717948 0.4218568846153846 0.22805830448717948 0.417788625 0.22562295192307694 0.41622575641025644 0.20487141346153845 0.42300949679487176 0.19938035256410258 0.4303295576923077 0.23322315064102567 0.437765733974359 0.23088584615384614 0.441819983974359 0.15895985256410258 0.45993195833333333 0.13811025961538462 0.4610985801282051 0.09289315064102564 0.4458340352564103 0.0776746923076923 0.4477050576923077 0.07615383974358975 0.4525477467948718 0.07126913141025641 0.4486195576923077 0.059274458333333335 0.4512369967948718 0.05852804166666667 0.45446078525641026 0.060949384615384614 0.45522121153846157 0.08175695192307691 0.45164725320512816 0.08744410897435898 0.45556143589743586 0.12536917307692308 0.46693980769230764 0.14628879487179489 0.4697854166666667 0.14374138782051282 0.46180297756410255 0.15335673717948717 0.460832451923077 0.15349680448717948 0.46885691025641024 0.15829747115384615 0.4679704262820513 0.16066278846153845 0.46552106730769227 0.17029214102564103 0.4653529871794872 0.25662014423076923 0.44458155448717945 0.26698191025641027 0.4403872339743589