17 0.010937400641025642 0.37135446794871796 0.04218780128205128 0.37135446794871796 0.04531219871794872 0.368229266025641 0.04531219871794872 0.33697886538461536 0.010937400641025642 0.33697886538461536 0.010937400641025642 0.37135446794871796
17 0.6515625993589743 0.618229266025641 0.6515625993589743 0.5619788653846154 0.5890625993589743 0.5619788653846154 0.5890625993589743 0.618229266025641 0.6515625993589743 0.618229266025641
17 0.31718780128205126 0.42135446794871795 0.31718780128205126 0.3901040673076923 0.2828121987179487 0.3901040673076923 0.2828121987179487 0.42135446794871795 0.31718780128205126 0.42135446794871795
17 0.38906259935897436 0.43385446794871796 0.4171878012820513 0.43385446794871796 0.4203121987179487 0.430729266025641 0.4203121987179487 0.405729266025641 0.38906259935897436 0.405729266025641 0.38906259935897436 0.43385446794871796
16 0.8578121987179487 0.5526040673076923 0.9171878012820514 0.5526040673076923 0.9203121987179487 0.5494788653846154 0.9203121987179487 0.48697886538461543 0.8578121987179487 0.48697886538461543 0.8578121987179487 0.5526040673076923
17 0.5140625993589744 0.543229266025641 0.5140625993589744 0.4744788653846154 0.4671878012820513 0.4744788653846154 0.4671878012820513 0.543229266025641 0.5140625993589744 0.543229266025641
16 0.7828121987179487 0.493229266025641 0.7828121987179487 0.45572926602564107 0.7390625993589744 0.45572926602564107 0.7390625993589744 0.493229266025641 0.7828121987179487 0.493229266025641
16 0.9421878012820514 0.743229266025641 0.9421878012820514 0.6619788653846154 0.8609374006410255 0.6619788653846154 0.8609374006410255 0.743229266025641 0.9421878012820514 0.743229266025641
16 0.8140625993589743 0.5276040673076923 0.8140625993589743 0.5776040673076923 0.8578121987179487 0.5776040673076923 0.8578121987179487 0.5744788653846153 0.8609374006410255 0.571354467948718 0.8609374006410255 0.5276040673076923 0.8140625993589743 0.5276040673076923
17 0.8203121987179488 0.430729266025641 0.8203121987179488 0.4026040673076923 0.7890625993589744 0.4026040673076923 0.7890625993589744 0.430729266025641 0.8203121987179488 0.430729266025641
16 0.46406259935897437 0.571354467948718 0.46406259935897437 0.5151040673076923 0.4078121987179487 0.5151040673076923 0.4078121987179487 0.571354467948718 0.46406259935897437 0.571354467948718
17 0.6484374006410256 0.5338544679487179 0.6890625993589743 0.5338544679487179 0.6921878012820513 0.5307292660256411 0.6921878012820513 0.4901040673076923 0.6484374006410256 0.4901040673076923 0.6484374006410256 0.5338544679487179
16 0.6546878012820513 0.4744788653846154 0.6953121987179488 0.4744788653846154 0.7015625993589744 0.4682292660256411 0.7015625993589744 0.43385446794871796 0.6546878012820513 0.43385446794871796 0.6546878012820513 0.4744788653846154
16 0.9953121987179486 0.47760406730769234 0.9953121987179486 0.44947886538461534 0.9703121987179488 0.44947886538461534 0.9703121987179488 0.47760406730769234 0.9953121987179486 0.47760406730769234
16 0.6453121987179486 0.493229266025641 0.6453121987179486 0.4651040673076923 0.5984374006410257 0.4651040673076923 0.5984374006410257 0.49947886538461533 0.6296878012820513 0.49947886538461533 0.6328121987179488 0.49635446794871796 0.6359374006410256 0.49635446794871796 0.6390625993589744 0.493229266025641 0.6453121987179486 0.493229266025641
17 0.7953121987179487 0.47760406730769234 0.7953121987179487 0.5151040673076923 0.8203121987179488 0.5151040673076923 0.8203121987179488 0.49947886538461533 0.8234374006410256 0.49635446794871796 0.8234374006410256 0.47760406730769234 0.7953121987179487 0.47760406730769234
16 0.8041733557692308 0.5527019807692307 0.8097913333333333 0.5366506153846153 0.8097913333333333 0.5286249326923077 0.8017656506410257 0.5165864102564103 0.7776886025641025 0.5093632948717949 0.7640449423076924 0.5165864102564103 0.7584269647435897 0.527019798076923 0.7568218301282051 0.5462814326923077 0.7624398076923077 0.5527019807692307 0.7664526474358975 0.5527019807692307 0.7744783301282051 0.5583199583333334 0.7913322628205128 0.5607276602564103 0.8041733557692308 0.5527019807692307
16 0.7487961474358975 0.42990904166666666 0.7648475128205128 0.4331193141025641 0.772070625 0.42990904166666666 0.7768860352564102 0.42348849679487177 0.776083467948718 0.40904226923076925 0.7656500801282051 0.40262172435897436 0.754414125 0.40342429166666666 0.7431781698717949 0.4106474038461539 0.7407704647435898 0.40904226923076925 0.7407704647435898 0.40262172435897436 0.7335473525641025 0.39539860897435897 0.7231139647435898 0.39539860897435897 0.7142857147435898 0.40021401923076927 0.7102728717948718 0.4074371314102564 0.7102728717948718 0.41706795192307694 0.7182985544871795 0.42348849679487177 0.7335473525641025 0.42348849679487177 0.7415730352564103 0.40984483653846154 0.7439807371794872 0.4242910641025641 0.7487961474358975 0.42990904166666666
16 0.6661316217948718 0.37533440384615385 0.6613162115384615 0.3713215608974359 0.6516853942307692 0.3705189935897436 0.6460674166666667 0.37372926602564105 0.6412520064102564 0.3801498141025641 0.6428571442307692 0.39138576923076923 0.6508828237179488 0.39700374679487177 0.6605136442307692 0.39700374679487177 0.6685393269230769 0.3873729262820513 0.6661316217948718 0.37533440384615385
16 0.49357945512820517 0.3544676282051282 0.4831460673076923 0.3624933108974359 0.4839486346153846 0.37372926602564105 0.49197431730769237 0.3809523814102564 0.5048154102564103 0.3785446762820513 0.5112359551282051 0.3673087211538461 0.5016051378205127 0.35527019871794874 0.49357945512820517 0.3544676282051282
16 0.6268057788461538 0.36169074358974357 0.6147672564102564 0.36169074358974357 0.6099518461538462 0.36490101602564107 0.6083467083333333 0.3769395384615385 0.6123595512820513 0.38336008653846154 0.6260032115384616 0.3849652211538462 0.6324237564102564 0.3793472435897436 0.6324237564102564 0.3673087211538461 0.6268057788461538 0.36169074358974357
16 0.9903691826923077 0.5013376121794872 0.9823435 0.5085607275641026 0.9839486346153847 0.5286249326923077 0.9895666121794872 0.5302300705128206 0.99117175 0.533440342948718 0.9991974326923077 0.5342429102564102 0.9991974326923077 0.5053504551282051 0.9903691826923077 0.5013376121794872
16 0.4422150897435897 0.3119315128205128 0.43900481410256414 0.3087212403846154 0.427768858974359 0.3111289455128205 0.4253611570512821 0.3159443557692308 0.42696629166666666 0.3231674679487179 0.43579454166666665 0.32718031089743593 0.4406099519230769 0.3255751730769231 0.4438202243589744 0.320759766025641 0.4422150897435897 0.3119315128205128
16 0.8459069006410257 0.5374531826923077 0.8483146057692307 0.5414660256410256 0.8467094711538462 0.5454788653846153 0.8491171762820512 0.5414660256410256 0.8507223108974359 0.5454788653846153 0.8587479935897436 0.5454788653846153 0.8587479935897436 0.542268592948718 0.8539325833333333 0.5390583205128205 0.8563402884615385 0.5358480480769231 0.8491171762820512 0.5406634551282051 0.8467094711538462 0.5374531826923077 0.8523274487179489 0.5326377756410257 0.8499197435897435 0.5310326378205128 0.840288923076923 0.5286249326923077 0.8451043333333333 0.5366506153846153 0.8370786506410257 0.5366506153846153 0.835473516025641 0.5286249326923077 0.8306581057692307 0.5286249326923077 0.8210272884615384 0.533440342948718 0.8210272884615384 0.5358480480769231 0.8250401282051281 0.5366506153846153 0.8274478333333334 0.5310326378205128 0.8290529679487181 0.5366506153846153 0.8459069006410257 0.5374531826923077
16 0.7560192628205128 0.48929908974358977 0.7568218301282051 0.48047083974358973 0.7688603525641026 0.47966827243589744 0.7825040128205129 0.4828785448717949 0.7865168525641025 0.48047083974358973 0.7865168525641025 0.4668271794871795 0.7841091506410256 0.4612092019230769 0.7696629198717948 0.4539860897435898 0.7616372403846154 0.4539860897435898 0.7520064198717948 0.4579989294871795 0.7439807371794872 0.46923488461538465 0.7415730352564103 0.4828785448717949 0.7471910128205128 0.48929908974358977 0.7504012852564103 0.48608881730769227 0.7536115576923077 0.4876939551282051 0.7516051378205127 0.48929908974358977 0.7560192628205128 0.48929908974358977
5 0 0.5831995705128206 0.3956661314102564 0.49892991025641026 0.46147672435897436 0.4812734070512821 0.47512038461538464 0.48047083974358973 0.49117175 0.46923488461538465 0.49117175 0.46441947435897435 0.48475120512820513 0.463616907051282 0.48154092948717947 0.463616907051282 0.46147672435897436 0.4684323173076923 0.44622792948717954 0.46762975 0.44141251923076924 0.47164258974358975 0.3282504006410256 0.4957196346153846 0 0.5591225256410256 0 0.5831995705128206
5 0.7736757628205129 0.4074371314102564 0.7784911730769232 0.4122525416666667 0.7825040128205129 0.4122525416666667 0.7897271282051282 0.40984483653846154 0.7961476730769231 0.40262172435897436 0.8017656506410257 0.40021401923076927 0.8138041730769231 0.40021401923076927 0.8210272884615384 0.40262172435897436 0.8322632435897436 0.40021401923076927 0.835473516025641 0.3978063141025641 0.8346709455128204 0.39620117628205126 0.8226324230769231 0.39299090384615387 0.8170144455128204 0.39299090384615387 0.8017656506410257 0.39700374679487177 0.8001605128205128 0.3986088814102564 0.7897271282051282 0.3994114487179487 0.7688603525641026 0.404226858974359 0.7704654903846154 0.4066345641025641 0.7736757628205129 0.4074371314102564
5 0.7375601923076923 0.4226859294871795 0.7383627596153846 0.421883358974359 0.7447833076923077 0.42027822435897433 0.7447833076923077 0.4186730865384615 0.745585875 0.4178705192307692 0.745585875 0.4146602467948718 0.7479935801282052 0.4106474038461539 0.7479935801282052 0.40904226923076925 0.7447833076923077 0.40904226923076925 0.7415730352564103 0.4106474038461539 0.7399678974358974 0.4122525416666667 0.7391653301282052 0.4146602467948718 0.7375601923076923 0.4162653814102564 0.7343499198717949 0.4226859294871795 0.7375601923076923 0.4226859294871795
5 0.5642054583333334 0.45719636217948717 0.5738362756410256 0.4596040673076923 0.5842696634615384 0.4531835192307692 0.6027287307692308 0.4523809519230769 0.6364365961538462 0.4435527019230769 0.6404494391025641 0.4363295865384615 0.6476725512820513 0.43151417948717946 0.664526483974359 0.430711608974359 0.673354733974359 0.43552701923076925 0.6789727115384615 0.43552701923076925 0.7247191025641025 0.4242910641025641 0.7086677371794872 0.4178705192307692 0.7038523269230769 0.4178705192307692 0.6284109134615384 0.4323167467948718 0.6091492788461539 0.4395398621794872 0.5890850737179487 0.4411449967948718 0.5642054583333334 0.44917067948717954 0.5617977532051283 0.4531835192307692 0.5642054583333334 0.45719636217948717
16 0.6653290544871795 0.43151417948717946 0.6492776891025641 0.4323167467948718 0.6388443012820513 0.4403424294871795 0.6388443012820513 0.4596040673076923 0.6605136442307692 0.4668271794871795 0.6613162115384615 0.45639379487179493 0.673354733974359 0.4451578397435898 0.6725521666666666 0.43713215705128206 0.6653290544871795 0.43151417948717946
7 0.6356340288461538 0.34724451602564105 0.6412520064102564 0.34965222115384614 0.6396468685897436 0.3544676282051282 0.6428571442307692 0.35045478846153844 0.6444622788461538 0.3528624935897436 0.6540930993589743 0.3031032628205128 0.6460674166666667 0.2982878557692308 0.6444622788461538 0.2918673076923077 0.6404494391025641 0.2926698782051282 0.6420545737179487 0.29588015064102563 0.6364365961538462 0.3111289455128205 0.6348314615384616 0.3279828782051282 0.6187800961538462 0.35767790384615383 0.6276083461538462 0.35607276602564103 0.6356340288461538 0.34724451602564105
7 0.682182983974359 0.30470840064102567 0.6861958269230769 0.3031032628205128 0.7022471923076923 0.3087212403846154 0.7078651698717949 0.30551096794871796 0.7166934198717949 0.3111289455128205 0.7343499198717949 0.3111289455128205 0.7375601923076923 0.3079186730769231 0.7471910128205128 0.30631353525641025 0.7520064198717948 0.3175494903846154 0.7584269647435897 0.3175494903846154 0.7608346698717948 0.3159443557692308 0.7592295352564102 0.31353665064102565 0.7640449423076924 0.3119315128205128 0.7688603525641026 0.31353665064102565 0.7744783301282051 0.32156233333333334 0.7825040128205129 0.3167469230769231 0.784911717948718 0.3183520608974359 0.7833065801282051 0.31995719551282054 0.7921348301282051 0.32236490064102563 0.7897271282051282 0.3247726057692308 0.8009630833333333 0.3239700384615385 0.8065810608974359 0.3279828782051282 0.826645266025641 0.32958801602564103 0.8282504006410257 0.3255751730769231 0.8370786506410257 0.3247726057692308 0.8434991987179487 0.32958801602564103 0.8603531314102565 0.3311931506410256 0.8643659711538462 0.3376136987179487 0.8756019262820512 0.33279828846153847 0.8796147660256409 0.3360085608974359 0.8948635641025641 0.3352059935897436 0.9004815416666667 0.3303905833333333 0.9028892467948717 0.33279828846153847 0.9020866762820514 0.3376136987179487 0.910112358974359 0.34242910576923075 0.9173354743589743 0.34002140064102565 0.9173354743589743 0.3319957211538462 0.9245585865384616 0.3303905833333333 0.9365971121794872 0.338416266025641 0.934189407051282 0.3440342435897436 0.9414125192307693 0.3448368108974359 0.9422150897435898 0.34884965064102563 0.9454253621794871 0.3464419487179487 0.9478330673076922 0.34884965064102563 0.9662921346153845 0.34884965064102563 0.9662921346153845 0.3568753333333334 0.9325842692307693 0.44917067948717954 0.9333868365384616 0.454788657051282 0.9446227916666666 0.4620117724358974 0.9662921346153845 0.45880149679487175 0.9711075448717948 0.4451578397435898 0.9703049743589744 0.40181915384615385 0.9903691826923077 0.34804708333333334 0.9863563397435897 0.34082397115384616 0.9807383621794872 0.3368111282051282 0.9727126794871795 0.3368111282051282 0.9686998397435898 0.3319957211538462 0.9719101121794872 0.3311931506410256 0.9727126794871795 0.3247726057692308 0.9783306570512821 0.320759766025641 0.9703049743589744 0.3103263782051282 0.9606741570512821 0.3039058333333333 0.8731942211538462 0.2926698782051282 0.8603531314102565 0.28785446794871794 0.8523274487179489 0.27982878525641025 0.7961476730769231 0.2774210801282051 0.7897271282051282 0.27340824038461536 0.7616372403846154 0.27260567307692307 0.754414125 0.26698769551282053 0.7487961474358975 0.2685928301282051 0.7407704647435898 0.2766185128205128 0.7343499198717949 0.27421080769230766 0.7271268044871795 0.2766185128205128 0.723916532051282 0.27180310256410256 0.719101125 0.27100053525641027 0.7142857147435898 0.27180310256410256 0.7126805769230768 0.2774210801282051 0.7070625993589744 0.27340824038461536 0.7014446217948718 0.2758159455128205 0.6998394871794872 0.27340824038461536 0.6878009615384615 0.275013375 0.6829855544871796 0.27260567307692307 0.6581059391025641 0.27260567307692307 0.6532905288461539 0.27421080769230766 0.6476725512820513 0.2846441955128205 0.6428571442307692 0.2846441955128205 0.6420545737179487 0.2886570352564103 0.6492776891025641 0.28705190064102565 0.6532905288461539 0.2894596025641026 0.6532905288461539 0.29602607051282054 0.6581059391025641 0.2942750128205128 0.6653290544871795 0.2998929903846154 0.673354733974359 0.2934724455128205 0.682182983974359 0.30470840064102567
10 0.5648956666666667 0.4756554294871795 0.5528571442307693 0.4395398621794872 0.5544622788461538 0.4106474038461539 0.5584751217948718 0.40181915384615385 0.5761316217948718 0.3889780641025641 0.5817495993589744 0.36570358333333336 0.5665008012820513 0.3392188333333333 0.5576725512820513 0.3303905833333333 0.5552648461538461 0.3319957211538462 0.5584751217948718 0.338416266025641 0.5568699839743589 0.3456393782051282 0.5496468685897435 0.34082397115384616 0.5408186185897436 0.3440342435897436 0.5327929358974358 0.3520599262820513 0.5295826634615385 0.34804708333333334 0.535200641025641 0.3319957211538462 0.5319903685897436 0.32156233333333334 0.5287800961538461 0.3191546282051282 0.5111235961538462 0.32958801602564103 0.5119261634615385 0.35125735576923073 0.5183467083333334 0.36891385897435897 0.5151364358974359 0.404226858974359 0.5119261634615385 0.413055108974359 0.5127287307692308 0.4323167467948718 0.5079133237179487 0.43873729166666664 0.49988764102564104 0.43713215705128206 0.4950722307692308 0.4435527019230769 0.4974799358974359 0.4539860897435898 0.49426966346153844 0.46762975 0.5087158910256411 0.4668271794871795 0.5231621185897436 0.4612092019230769 0.5568699839743589 0.47645800000000005 0.5648956666666667 0.4756554294871795
8 0.4574638846153846 0.30149812820512817 0.46147672435897436 0.2950775801282051 0.46629213461538466 0.27260567307692307 0.46468699679487174 0.25093633012820515 0.4743178173076923 0.20920278205128207 0.4727126794871795 0.2059925096153846 0.4526484743589744 0.20117709935897435 0.4454253621794872 0.20117709935897435 0.4422150897435897 0.2043873717948718 0.44462279166666663 0.21722846474358976 0.4382022467948718 0.30551096794871796 0.4470304967948718 0.3175494903846154 0.451845907051282 0.3175494903846154 0.4582664519230769 0.30952381089743586 0.4574638846153846 0.30149812820512817
11 0.21508828205128205 0.34884965064102563 0.28731942307692304 0.34724451602564105 0.30337078525641026 0.3464419487179487 0.3130016057692308 0.34242910576923075 0.31219903846153846 0.3376136987179487 0.30658106089743586 0.3319957211538462 0.2776886025641026 0.3191546282051282 0.27608346794871796 0.31514178846153845 0.2608346698717949 0.31514178846153845 0.25601926282051285 0.3175494903846154 0.254414125 0.32236490064102563 0.2776886025641026 0.33360085576923076 0.2776886025641026 0.3376136987179487 0.2022471923076923 0.34002140064102565 0.18619582692307693 0.3376136987179487 0.14767255128205128 0.31353665064102565 0.13872953525641024 0.31353665064102565 0.13723916666666666 0.3183520608974359 0.13425842628205129 0.31353665064102565 0.13081861858974358 0.3175494903846154 0.129786516025641 0.31353665064102565 0.12531541025641024 0.31353665064102565 0.12760834615384614 0.3183520608974359 0.1208435 0.31353665064102565 0.11797752884615384 0.3167469230769231 0.11637239102564102 0.31353665064102565 0.11556982371794873 0.3159443557692308 0.11878009615384616 0.3175494903846154 0.1396468685897436 0.31995719551282054 0.16934189423076923 0.3392188333333333 0.18860353205128205 0.3464419487179487 0.21508828205128205 0.34884965064102563
17 0.7062600320512821 0.4708400224358974 0.7054574647435897 0.46602461217948715 0.7102728717948718 0.4668271794871795 0.7134831474358975 0.46441947435897435 0.715088282051282 0.45880149679487175 0.7126805769230768 0.45719636217948717 0.7158908493589744 0.4523809519230769 0.7062600320512821 0.43873729166666664 0.6910112371794872 0.4363295865384615 0.688603532051282 0.43873729166666664 0.6966292147435897 0.44596040705128204 0.6990369166666667 0.4539860897435898 0.7038523269230769 0.454788657051282 0.7014446217948718 0.4579989294871795 0.7062600320512821 0.4708400224358974
17 0.6468699839743589 0.37533440384615385 0.6508828237179488 0.37613697115384614 0.6524879615384616 0.3721241314102564 0.6420545737179487 0.35527019871794874 0.6300160512820513 0.3568753333333334 0.6284109134615384 0.3624933108974359 0.6324237564102564 0.3673087211538461 0.6348314615384616 0.3785446762820513 0.6436597115384616 0.3793472435897436 0.6436597115384616 0.38175494871794874 0.6468699839743589 0.37533440384615385
17 0.6725521666666666 0.338416266025641 0.664526483974359 0.3376136987179487 0.6573033717948719 0.3440342435897436 0.6556982339743589 0.35045478846153844 0.6605136442307692 0.35607276602564103 0.670947032051282 0.35767790384615383 0.6765650096153846 0.35527019871794874 0.6773675769230769 0.3464419487179487 0.6725521666666666 0.338416266025641
17 0.6147672564102564 0.3279828782051282 0.6059390064102563 0.3263777435897436 0.598715891025641 0.3319957211538462 0.5979133237179487 0.3368111282051282 0.6019261634615385 0.3432316762820513 0.6115569807692308 0.3440342435897436 0.6179775288461539 0.34162653846153845 0.6179775288461539 0.33279828846153847 0.6147672564102564 0.3279828782051282
17 0.5674157307692307 0.3159443557692308 0.559390048076923 0.31514178846153845 0.5553772083333334 0.3191546282051282 0.5545746378205129 0.3263777435897436 0.5577849102564103 0.32958801602564103 0.5634028878205128 0.3319957211538462 0.572231141025641 0.32958801602564103 0.5730337083333333 0.32236490064102563 0.5674157307692307 0.3159443557692308
17 0.45987158974358977 0.31433921794871794 0.45666131730769227 0.3175494903846154 0.45585874679487176 0.3239700384615385 0.45987158974358977 0.3303905833333333 0.4711075448717949 0.32958801602564103 0.4727126794871795 0.32236490064102563 0.47030497435897434 0.31514178846153845 0.45987158974358977 0.31433921794871794
17 0.5192616378205128 0.30631353525641025 0.5152487948717949 0.30952381089743586 0.5144462275641026 0.3175494903846154 0.5176565 0.320759766025641 0.5313001602564102 0.3167469230769231 0.5313001602564102 0.3111289455128205 0.5256821826923077 0.30631353525641025 0.5192616378205128 0.30631353525641025
17 0.23195826602564104 0.8344034230769231 0.23195826602564104 0.8336008557692307 0.17380417307692309 0.8336008557692307 0.17380417307692309 0.8344034230769231 0.23195826602564104 0.8344034230769231