10 0.6011535256410256 0.5261138397435897 0.6009855737179487 0.5285156794871795 0.5963498493589743 0.5257779358974359 0.5922348141025642 0.5270992371794871 0.5961259134615384 0.5289803878205128 0.5931642275641026 0.5368185673076923 0.6010157243589743 0.5357585384615385 0.6003137628205129 0.5381230384615384 0.6064387467948718 0.5425739775641026 0.6054701794871795 0.5449198333333333 0.5990092884615384 0.5452725737179487 0.603012358974359 0.5455524967948718 0.6019318205128206 0.5494995769230769 0.6070322532051282 0.5570969871794872 0.6074409775641025 0.5627572628205127 0.6113880608974359 0.5638377980769231 0.6148704326923077 0.5600586666666667 0.615503092948718 0.5625164903846154 0.621908 0.5629643653846154 0.6271204038461539 0.5689605480769231 0.6282737532051282 0.5754774230769231 0.6391464326923078 0.5810648814102565 0.6480259967948718 0.5921446666666667 0.6591785961538462 0.5937290608974359 0.6657514551282051 0.5917750961538462 0.6671847275641025 0.5942889038461538 0.678281342948718 0.5966739102564103 0.6894171121794872 0.5869937339743589 0.6894562628205129 0.5749285544871795 0.6969417019230769 0.5714293461538461 0.697165641025641 0.5682268910256411 0.7065882115384615 0.5600359743589743 0.7208144647435898 0.5521809647435898 0.7321910032051282 0.5505629038461538 0.7318942500000001 0.5433014038461539 0.7354326089743589 0.5387216602564102 0.7400906538461539 0.5181296538461538 0.7364234935897436 0.5130460544871794 0.735382108974359 0.5049279519230769 0.7392955256410256 0.4834793493589744 0.7377894358974358 0.4705015865384615 0.745090092948718 0.45813964743589747 0.745537967948718 0.4517347435897436 0.7354490705128205 0.4349386987179487 0.7334222852564103 0.4179018814102564 0.7263678878205128 0.4037316153846154 0.7247498301282052 0.3923550769230769 0.7026963685897436 0.3280597628205128 0.685178016025641 0.3139623141025641 0.6742493525641026 0.3091754679487179 0.6747308910256411 0.3252997019230769 0.670503891025641 0.3282222307692308 0.630881951923077 0.33108329166666667 0.6279594198717948 0.32685628846153847 0.6279425897435897 0.31559172115384615 0.6248521025641026 0.3137665544871795 0.6116504038461539 0.3184750993589744 0.5972561987179487 0.3287319487179487 0.5934939006410256 0.33651414423076925 0.5925421666666667 0.35012457051282053 0.5947200705128205 0.35349497435897437 0.5882760128205128 0.36511228205128204 0.5799061666666666 0.4272801891025641 0.5808915673076923 0.43619890384615384 0.5744475096153846 0.44781621474358974 0.5740556217948718 0.4534205064102564 0.5812219871794871 0.46598954487179484 0.5829520160256411 0.4757648557692308 0.5796544262820513 0.4884067147435897 0.5827449102564103 0.4902318814102564 0.5830416634615384 0.49749338141025645 0.5780140480769231 0.5003599294871796 0.5758361474358974 0.49698952243589745 0.5692632852564102 0.4989434903846154 0.5804327211538461 0.511792451923077 0.5855723044871795 0.5073246762820514 0.5942279294871795 0.5216069134615384 0.608471016025641 0.5250164711538462 0.6011535256410256 0.5261138397435897
14 0.3804708108974359 0.8172073717948718 0.3644585480769231 0.816087685897436 0.36429059294871796 0.8184895256410256 0.37905436858974356 0.8259581314102564 0.974710592948718 0.8676104743589743 0.9917298301282051 0.6242240608974359 0.9623142435897437 0.6076856185897436 0.9407200096153846 0.5828442884615385 0.9299033141025641 0.5764562147435898 0.8915913333333333 0.537573423076923 0.8852255801282052 0.5250603621794873 0.8877617083333333 0.5002973397435897 0.8795707916666666 0.49087476602564106 0.6862702692307692 0.47092165384615386 0.6816345416666666 0.468183907051282 0.6359436057692307 0.4657934166666667 0.6245110833333333 0.4682120865384615 0.6314926666666667 0.47191840064102564 0.628363032051282 0.48215841987179486 0.6097809711538462 0.4832726153846154 0.5992387147435897 0.5074757980769231 0.5913054006410257 0.5173799134615384 0.5843014999999999 0.5370033525641026 0.5632392980769231 0.5620799615384615 0.5567392564102565 0.5744978846153845 0.5413205032051283 0.5879012051282051 0.5150235833333333 0.6303113846153846 0.47798278205128203 0.6767974487179488 0.47110768269230774 0.7060842275641026 0.4438590288461538 0.7621048365384616 0.4390330320512821 0.7850986794871795 0.4189002435897436 0.8198946185897436 0.3929838685897436 0.8108416153846154 0.3804708108974359 0.8172073717948718
17 0.3950768621794872 0.5277941153846154 0.39194722435897433 0.5380341346153846 0.3928766378205128 0.5477534615384615 0.3990184551282051 0.5634689711538462 0.40972318269230773 0.5714582692307693 0.4348221153846154 0.5691907179487179 0.45225082051282056 0.5615596442307692 0.4602401153846154 0.5508549198717949 0.4623452019230769 0.5437613685897436 0.4622723846153846 0.5332974134615385 0.45229545833333334 0.514900141025641 0.4401014711538461 0.5051976474358975 0.4256904358974359 0.5041899294871794 0.405915875 0.5108524358974359 0.3950768621794872 0.5277941153846154
17 0.8454909294871794 0.29942758974358974 0.8213045801282052 0.30014989743589743 0.8204479807692308 0.30089452884615386 0.8188076025641026 0.3128477403846154 0.8209295224358976 0.3170187596153846 0.8240759903846154 0.31804331089743587 0.8278551185897436 0.3215256858974359 0.8324516923076922 0.3363286121794872 0.8371993878205128 0.3374651314102564 0.8437162628205127 0.33631178205128204 0.8454294583333334 0.33482252243589744 0.8465099903846153 0.3308754423076923 0.8522822371794871 0.3288654935897436 0.8561005160256411 0.32028268589743586 0.8530491858974358 0.30639233974358976 0.8485814134615385 0.30125275320512823 0.8454909294871794 0.29942758974358974
17 0.8907786282051282 0.26156348397435897 0.8893453557692308 0.2590496762820513 0.8839650032051282 0.2554553333333333 0.8751582532051282 0.2548395064102564 0.8677847852564102 0.2567374871794872 0.8660715865384615 0.2582267467948718 0.8632218717948718 0.2644636987179487 0.8605960993589744 0.2674981955128205 0.8604281442307692 0.2699000384615384 0.8595715448717949 0.2706446634615385 0.8623261249999999 0.2772735064102564 0.8621581698717949 0.27967534615384615 0.8659373012820513 0.28315772115384613 0.8699403653846155 0.2834376442307692 0.8706849967948719 0.2842942435897436 0.881148951923077 0.28422142307692305 0.8869211955128204 0.2822114775641026 0.8895469743589743 0.2791769743589744 0.892508657051282 0.2713387980769231 0.8918200128205128 0.2696815865384615 0.8920999358974359 0.26567852243589746 0.8907786282051282 0.26156348397435897
17 0.795449673076923 0.25570196153846153 0.7940723846153847 0.25238754166666666 0.7895486282051282 0.2480485705128205 0.7872027724358974 0.24708000320512818 0.7791966378205128 0.24652016025641024 0.7783400416666667 0.24726478846153846 0.7759382019230768 0.24709683653846154 0.7734243942307693 0.24853010897435895 0.7682288269230769 0.2537984935897436 0.7680608717948718 0.25620033333333336 0.7662916923076923 0.25849020512820514 0.7658998012820513 0.2640945 0.7680217211538461 0.26826551923076924 0.7718008461538461 0.2717478942307692 0.7741467019230769 0.27271645833333336 0.7821528365384616 0.2732763012820513 0.7830094326923077 0.27253167307692305 0.7854112724358975 0.2726996282051282 0.7895822948717949 0.27057770833333333 0.7930646666666666 0.26679857692307696 0.7942011858974359 0.2620508846153846 0.7950577820512821 0.26130625320512824 0.795449673076923 0.25570196153846153
17 0.5848100961538462 0.2651084487179487 0.583488794871795 0.26099341666666664 0.5803983076923077 0.25916825 0.5724481634615385 0.25780779487179484 0.5715915641025641 0.2585524230769231 0.5667319006410256 0.2590171314102564 0.5649627211538462 0.261307 0.5599351025641025 0.26417354807692306 0.5597671506410256 0.2665753878205128 0.5589105544871794 0.26732001602564104 0.5585186634615384 0.2729243076923077 0.559783983974359 0.2778399583333333 0.562706516025641 0.28206695833333334 0.565797 0.283892125 0.5738031314102564 0.28445196794871797 0.5746597275641026 0.28370733974358975 0.5795193942307691 0.2832426314102564 0.582033201923077 0.281809358974359 0.5829457820512821 0.2802641153846154 0.5831697211538461 0.2770616634615385 0.5840263173076923 0.27631703525641027 0.5848100961538462 0.2651084487179487
17 0.7259082948717949 0.2492300993589744 0.7251636634615384 0.2483735032051282 0.7253876025641025 0.2451710480769231 0.7246989583333333 0.24351383974358976 0.7201751987179487 0.23917486538461538 0.7178293429487179 0.2382063012820513 0.7081660032051281 0.23833509935897437 0.703994983974359 0.2404570192307692 0.7004566217948718 0.24503676282051282 0.7002886698717948 0.24743860256410258 0.6994320737179487 0.24818323076923074 0.6990401826923077 0.2537875224358975 0.7004174743589743 0.2571019423076923 0.7041965993589744 0.2605843173076923 0.7065424551282051 0.2615528846153846 0.7137479775641026 0.26205674358974357 0.7146045737179487 0.2613121121794872 0.7178070256410256 0.2615360512820513 0.7202648493589744 0.26090339102564103 0.7235792724358975 0.25952610576923074 0.7244918525641025 0.2579808621794872 0.7254604198717949 0.25563500641025644 0.7259082948717949 0.2492300993589744
17 0.5645649711538462 0.18645808333333333 0.5617544102564103 0.18062985576923077 0.5602091666666666 0.17971726923076922 0.5578073301282052 0.1795493173076923 0.5570626987179487 0.17869272115384613 0.5506577916666666 0.17824484615384614 0.5498011955128205 0.17898947435897436 0.5465987435897436 0.17876553846153845 0.5432283365384616 0.1809434391025641 0.540434608974359 0.18637977884615387 0.5402106698717949 0.18958223076923078 0.5393540705128205 0.1903268621794872 0.540098701923077 0.19118345833333333 0.53993075 0.19358529807692307 0.540619391025641 0.1952425096153846 0.5473210512820513 0.20295188782051282 0.5504115384615385 0.2047770512820513 0.5520687467948718 0.20408840705128206 0.5584736506410256 0.20453627884615386 0.5601308621794872 0.20384763782051282 0.5612673814102563 0.19909994230769232 0.5630365608974359 0.1968100705128205 0.5644530032051283 0.1880593076923077 0.5645649711538462 0.18645808333333333
17 0.668650548076923 0.27418925641025643 0.6630462532051282 0.2737973653846154 0.6621896570512821 0.27454199358974357 0.6573299935897436 0.27500670512820513 0.6556167980769231 0.27649595833333335 0.6547042147435898 0.27804120192307696 0.654312326923077 0.2836454967948718 0.6618145993589744 0.29141085576923076 0.6638805320512821 0.2963824903846154 0.6641213012820513 0.30444460576923077 0.6698375641025641 0.3032352692307692 0.673207967948718 0.30105736538461536 0.6758337467948718 0.2980228653846154 0.6787394455128205 0.2909853012820513 0.6790753525641026 0.28618162179487183 0.6777540448717948 0.2820665897435898 0.6740309006410257 0.27778359935897434 0.6740868878205128 0.27698298717948716 0.668650548076923 0.27418925641025643
17 0.6671107916666666 0.23868235576923078 0.6626430192307692 0.23354276923076922 0.6602971634615384 0.23257420512820515 0.653091641025641 0.23207034615384614 0.648976608974359 0.23339164743589746 0.6455502211538461 0.23637016346153844 0.6446376378205129 0.23791540705128206 0.6444137019230769 0.241117858974359 0.6435571025641026 0.24186248717948716 0.6442457467948718 0.2435196987179487 0.6439658269230769 0.24752276282051283 0.6468883557692308 0.25174976923076925 0.6492342147435897 0.2527183333333333 0.6580409583333333 0.25333416025641026 0.6588975544871796 0.25258953525641026 0.6612993942307692 0.2527574871794872 0.6662710288461539 0.2506915512820513 0.6680402051282051 0.24840168269230767 0.6684320961538461 0.24279738782051283 0.6677994358974358 0.2403395641025641 0.6671107916666666 0.23868235576923078
17 0.5610939423076923 0.23609610256410257 0.5581154262820512 0.23266971153846155 0.5525111346153846 0.2322778205128205 0.5518224903846154 0.23062061217948718 0.551021875 0.2305646282051282 0.5485640544871795 0.23119728846153847 0.5476514711538462 0.23274252884615385 0.5410786121794872 0.2346964935897436 0.540222016025641 0.23544112500000003 0.5400540641025641 0.23784296153846154 0.5407986923076924 0.23869956089743588 0.5404627852564102 0.2435032371794872 0.5427526570512821 0.24527241987179488 0.5425287179487179 0.24847487179487177 0.5432733461538461 0.24933146794871794 0.5463638301282051 0.2511566314102564 0.5567718044871796 0.2518844294871795 0.5584849967948718 0.2503951698717949 0.5587089326923077 0.24719271794871794 0.5613906955128205 0.24335760576923077 0.5617825865384615 0.23775331410256412 0.5610939423076923 0.23609610256410257
16 0.5421254839743589 0.20822027243589744 0.5405410865384616 0.21937287500000002 0.5440402948717948 0.2268583141025641 0.5620456762820513 0.2224856762820513 0.5633501474358974 0.21533614423076924 0.5599069262820512 0.20705008974358974 0.5504115384615385 0.2047770512820513 0.5421254839743589 0.20822027243589744
16 0.6632647051282051 0.305189233974359 0.6640484871794872 0.29398064743589747 0.6551689230769231 0.2829008685897436 0.6431597243589743 0.28206110256410255 0.634705717948718 0.28790616346153847 0.6322087435897437 0.3006040064102564 0.6377738846153846 0.3130610801282051 0.6529855320512821 0.3141247820512821 0.6596703621794872 0.3105695897435897 0.6632647051282051 0.305189233974359
16 0.8837974198717949 0.3729047051282051 0.8913948301282051 0.3678042724358974 0.8980068397435897 0.35378512500000003 0.8935222339743589 0.33738097115384613 0.8867086057692307 0.3312728173076923 0.8642354519230769 0.33050586858974357 0.8521311153846154 0.3425319006410256 0.8509554455128205 0.35934477884615385 0.858177798076923 0.37111320833333333 0.8644707371794872 0.37316230769230774 0.8837974198717949 0.3729047051282051
16 0.8178390384615385 0.3151935961538461 0.796743173076923 0.3177410705128205 0.789778423076923 0.32529932692307695 0.7879700929487179 0.3396543814102564 0.7967376858974359 0.352335391025641 0.8183542435897436 0.35384696794871795 0.8295459967948718 0.34336617948717946 0.8307776506410257 0.3257526891025641 0.8178390384615385 0.3151935961538461
16 0.5932139807692308 0.3405172083333334 0.5845920192307692 0.3487641153846154 0.5824309519230769 0.35665827564102565 0.5875313846153846 0.3642556858974359 0.5947760544871795 0.3526943621794872 0.5932139807692308 0.3405172083333334
16 0.7001441538461538 0.5716532820512821 0.6953404775641026 0.571317375 0.6912254423076923 0.5726386826923078 0.6910015032051282 0.5758411346153846 0.696437842948718 0.5786348653846154 0.7001441538461538 0.5716532820512821
16 0.6268119262820513 0.40079262499999996 0.635226782051282 0.4070127467948718 0.6536968717948718 0.4074997724358974 0.6718702051282052 0.40072529487179487 0.675520532051282 0.39454432371794873 0.6879216217948717 0.38977979807692303 0.6793274647435897 0.3401026282051282 0.6710805641025641 0.3314806666666667 0.6552922403846154 0.3271585288461538 0.6390000544871796 0.3300419102564103 0.6280322371794872 0.3373202435897436 0.6232007532051282 0.3949084102564102 0.6268119262820513 0.40079262499999996
16 0.5568277884615385 0.2510838173076923 0.5390463461538462 0.25225400000000003 0.5214496858974359 0.26228691666666665 0.5205539391025641 0.27509672435897436 0.530514032051282 0.2822294262820513 0.5576060833333333 0.2744695512820513 0.5641621089743589 0.26125101602564105 0.5622081442307693 0.25467816025641027 0.5568277884615385 0.2510838173076923
18 0.6305910576923076 0.404275 0.6367720256410256 0.4079253269230769 0.661014358974359 0.40640240384615384 0.6871769903846154 0.3889232019230769 0.6791035288461539 0.34330508012820515 0.6702799519230769 0.3314246826923077 0.6536350288461539 0.32784717307692307 0.6389440673076923 0.3308425224358974 0.6279762532051283 0.33812085897435895 0.6284 0.36657687499999997 0.6232567371794872 0.3941077980769231 0.6305910576923076 0.404275
22 0.5635192211538461 0.5580768974358974 0.5864065833333333 0.5299098012820513 0.5897041730769231 0.5172679423076924 0.5752371506410257 0.5170608365384616 0.5573045865384615 0.5318974326923077 0.5548804294871795 0.5550592307692308 0.5635192211538461 0.5580768974358974
22 0.40671648717948716 0.5109084198717948 0.39883915705128203 0.520011923076923 0.39297177564102564 0.5348876666666667 0.39149935256410257 0.5444390384615385 0.3997630833333333 0.5643255673076923 0.4065207307692308 0.5712343333333333 0.42093176602564103 0.5722420512820513 0.42316565384615384 0.574811842948718 0.4329409647435898 0.5730818141025641 0.451338233974359 0.5631048846153847 0.4564778205128205 0.5586371153846154 0.46228921794871797 0.544561983974359 0.46232836858974363 0.5324967980769231 0.4537847147435897 0.5166133365384615 0.43775561538461544 0.5042290801282051 0.42323261217948716 0.5048225897435897 0.40671648717948716 0.5109084198717948
18 0.6700007788461538 0.5655228141025641 0.6662216474358974 0.5620404391025641 0.6341411346153846 0.5606016794871795 0.635182516025641 0.5687197788461539 0.6459432275641026 0.5759084647435897 0.6517882916666666 0.5843624711538461 0.6629968782051282 0.5851462532051281 0.669737689102564 0.5807904455128204 0.6700007788461538 0.5655228141025641
18 0.6970145224358975 0.5818933012820513 0.7021372724358975 0.5661609583333334 0.6904248301282051 0.5725826987179488 0.6892323269230769 0.5781310064102564 0.6970145224358975 0.5818933012820513
7 1 0.20081610897435898 0.8386937596153847 0.18953647435897436 0.8255930544871796 0.2618324326923077 0.7991281794871795 0.30664445192307693 0.7977117403846155 0.3153952147435897 0.8041726282051282 0.31504247435897437 0.8251956762820513 0.3020310480769231 0.8455469134615384 0.29862697435897434 0.8584068493589745 0.21826890384615383 0.8662113621794872 0.19870144871794873 0.9433501506410256 0.20007287499999998 0.964110112179487 0.2023290801282051 0.9678892403846154 0.20581145833333336 0.9769759070512821 0.20242421794871795 1 0.20403421794871796 1 0.20081610897435898
8 0.5618217371794872 0.22568813141025643 0.5646154679487179 0.22025179166666667 0.5636300705128205 0.2113330769230769 0.5683440993589743 0.18994045833333334 0.5632828173076923 0.1702778653846154 0.5360619711538462 0.16837440064102563 0.5348694647435898 0.17392270833333334 0.5387719102564102 0.2216627467948718 0.536627673076923 0.24082148076923077 0.5383017147435897 0.25139740064102567 0.5443147307692308 0.2574495673076923 0.547310080128205 0.2721405288461538 0.5519458044871794 0.27487827243589746 0.5560048557692308 0.2743575833333333 0.5619282211538462 0.25868122435897434 0.5598622884615384 0.2537095929487179 0.561967375 0.24661604166666665 0.5618217371794872 0.22568813141025643
11 0.29492116025641024 0.3148313782051282 0.32422477564102564 0.33297104487179485 0.32474546794871795 0.33703009615384616 0.21053221474358977 0.3596155929487179 0.1975544519230769 0.3611216794871795 0.17212509935897438 0.33359858974358975 0.15976316666666668 0.3262979358974359 0.11677082371794871 0.3313369006410256 0.118092125 0.33545193269230766 0.14559289743589746 0.3333523365384615 0.180870375 0.36960935256410254 0.19677066987179487 0.37233026602564107 0.3417991153846154 0.3462678846153846 0.3558014294871795 0.34161532692307695 0.35768258012820514 0.33772422756410253 0.3536066955128205 0.32698034935897435 0.32098865705128204 0.3102179679487179 0.32143653205128203 0.3038130641025641 0.3313797980769231 0.2996811955128205 0.32342965064102563 0.29832074038461537 0.3003966538461538 0.30555992307692303 0.29492116025641024 0.3148313782051282
5 0.24054828525641023 0.8162728429487179 0.24883433974358973 0.8128296217948718 0.4665839230769231 0.7017452596153847 0.4708500801282051 0.6867575448717949 0.43187763461538464 0.7033409967948717 0.3733154166666667 0.7354496891025641 0.34936983653846154 0.7442341153846154 0.2642362628205128 0.788161733974359 0.23040340384615385 0.8002774134615385 0.2260084487179487 0.8056017852564102 0.21275075961538462 0.811110939102564 0.2093243717948718 0.8140894551282052 0.24054828525641023 0.8162728429487179
5 0.4731622724358975 0.6651969743589744 0.47880571474358974 0.6535236826923078 0.46994298397435896 0.6537084647435898 0.3831521987179487 0.6983247275641026 0.38000572756410256 0.6973001794871795 0.16190340705128206 0.8019236506410257 0.14767715384615385 0.8097786602564102 0.18370475 0.8122979551282051 0.31140510897435897 0.746406532051282 0.3160240064102564 0.7378797083333334 0.3272885737179487 0.7378628749999999 0.3433315737179487 0.7212850961538462 0.3565976762820513 0.7214082243589743 0.3635064391025641 0.7146505769230769 0.3772848173076923 0.7132004711538462 0.38505017948717946 0.7056981987179487 0.3907104551282051 0.7052894775641025 0.39190296153846155 0.6997411666666666 0.41476800641025646 0.6949038237179487 0.4731622724358975 0.6651969743589744
5 1 0.4221980641025641 0.8641911858974359 0.49221290384615385 0.8597962307692307 0.4975372756410256 0.8775216891025641 0.49716770512820513 0.8883215512820513 0.4922912083333333 1 0.4362158557692308 1 0.4221980641025641
24 0.5423717371794872 0.18168807051282052 0.5390181634615384 0.19513053846153847 0.5416607724358975 0.20336060897435898 0.559274266025641 0.20459226602564104 0.5656063557692307 0.1945761858974359 0.5632996506410256 0.1815424358974359 0.5499131634615384 0.17738825 0.5423717371794872 0.18168807051282052
24 0.5583393653846154 0.2294672596153846 0.5415264871794871 0.22829158653846152 0.5396453365384616 0.23218268269230768 0.5381169294871795 0.24253467307692306 0.5407595384615385 0.2507647435897436 0.5502549294871795 0.2530377820512821 0.5593415961538462 0.24965054166666667 0.5626391858974359 0.23700868589743587 0.5583393653846154 0.2294672596153846
20 0.5464534807692307 0.27288516025641024 0.5575500993589744 0.2752701634615385 0.5630087564102564 0.25473414423076923 0.5577403685897436 0.24953857371794874 0.542248798076923 0.2524779391025641 0.5403116634615385 0.25716964743589743 0.5464534807692307 0.27288516025641024
20 0.542013516025641 0.20982150000000002 0.5403171506410256 0.2225753269230769 0.543816358974359 0.23006076923076924 0.5589720224358974 0.2319250833333333 0.5638148557692307 0.2201958076923077 0.562252782051282 0.20801865384615384 0.549610923076923 0.20472106730769232 0.542013516025641 0.20982150000000002
5 1 0.4066406185897436 0.7917049551282052 0.5048437916666667 0.7898797948717949 0.5079342756410257 0.7929142948717949 0.5105600480769231 0.807493282051282 0.5091659294871794 0.8252019102564102 0.49753178846153845 0.8532625224358975 0.4874260576923077 0.9987443301282051 0.4203644487179487 1 0.41964851602564107 1 0.4066406185897436
9 0.5501664006410256 0.5764518493589744 0.5837808044871795 0.5329443012820513 0.5875262692307692 0.5138975384615384 0.5846597243589744 0.5088699198717949 0.5708253621794872 0.5111206378205129 0.5677908621794872 0.5084948621794871 0.5688713942307693 0.504547782051282 0.5656129583333332 0.5051244551282051 0.563507875 0.5122180096153846 0.5574388717948718 0.5069664519230769 0.527648233974359 0.5072968717948718 0.5152862948717949 0.49999621794871796 0.5031091442307692 0.5015582916666667 0.4966091025641025 0.5139762147435898 0.4991957275641026 0.5230068942307693 0.4866266891025641 0.5301732628205128 0.4837769743589743 0.5364102147435897 0.4600721634615385 0.5532567596153846 0.4538520448717948 0.5616716121794872 0.4412830032051282 0.5688379807692308 0.437447891025641 0.566156217948718 0.4320283846153846 0.5746270576923076 0.4265360608974359 0.5726339391025641 0.40692945192307695 0.576894608974359 0.4085475128205128 0.5882711474358974 0.42074149358974355 0.5979736442307693 0.4328626634615385 0.5972121826923077 0.44848303525641026 0.6039361602564102 0.45768166987179487 0.5989476955128205 0.4736379487179487 0.6008679935897435 0.4781617083333333 0.605206967948718 0.4909155320512821 0.6069033301282051 0.510522141025641 0.6026426602564102 0.5184722884615385 0.6040031153846154 0.5247483942307692 0.5947876506410257 0.5336111217948718 0.5946028653846154 0.5349715801282051 0.586652717948718 0.5501664006410256 0.5764518493589744
9 0.8637660064102565 0.5903355897435898 0.8718281217948718 0.5900948205128206 0.8691295256410256 0.5826653621794872 0.8595781538461538 0.5811929391025641 0.8464156025641025 0.5738363012820512 0.8368082435897437 0.5731644903846155 0.8322844871794871 0.568825516025641 0.7954954326923076 0.5541850544871795 0.7897791698717949 0.5553943878205129 0.7868006570512821 0.5519679999999999 0.7756480544871796 0.5503836057692307 0.7713090801282052 0.5549073653846154 0.7586112403846155 0.5524103878205129 0.7322638205128205 0.5610268621794872 0.7400460128205127 0.5647891570512821 0.7395421538461538 0.5719946762820513 0.7434332532051282 0.5738758237179488 0.7412890192307692 0.5930345576923077 0.7450681442307693 0.5965169294871795 0.747805891025641 0.5918812051282051 0.7517529711538462 0.5929617403846154 0.7567022852564103 0.6142255576923077 0.8025051923076923 0.6150148237179487 0.811535875 0.6124281987179487 0.8167314423076923 0.6071598141025641 0.8433196314102565 0.6066054551282051 0.852350314102564 0.6040188301282051 0.8637660064102565 0.5903355897435898
9 0.6922891442307693 0.5574270320512821 0.6897193493589744 0.5596609166666666 0.690256875 0.5749845384615384 0.6999930384615385 0.5853196923076923 0.7030443685897436 0.5992100384615384 0.716671625 0.6114263397435897 0.7432038301282051 0.6116725961538462 0.7298733269230769 0.606717798076923 0.7308082307692307 0.5818428044871795 0.7262676378205128 0.5662392628205128 0.7282607532051282 0.5607469391025641 0.7163635256410256 0.5583059487179487 0.703906455128205 0.5638710897435898 0.6956035641025641 0.5560497435897436 0.6922891442307693 0.5574270320512821
17 0.5581611826923076 0.5311528044871795 0.5565376378205128 0.5543705865384616 0.5643758173076923 0.5573322692307692 0.5836128525641026 0.5353461378205129 0.589760157051282 0.5164673301282051 0.5875262692307692 0.5138975384615384 0.5760377628205128 0.5171168205128206 0.5581611826923076 0.5311528044871795