18 0.23159404166666667 0.2194914487179487 0.18466010256410256 0.1888555544871795 0.14496534935897434 0.18125266025641024 0.08184570833333334 0.18649324038461537 0.04946295512820513 0.21238729807692308 0.042571022435897436 0.2304095128205128 0.03893752884615385 0.24785504807692307 0.04055558653846154 0.25923158653846157 0.05136679487179487 0.3002139807692308 0.06357760897435896 0.32118104487179483 0.10234295192307692 0.3190646121794872 0.14384603846153846 0.3123124583333333 0.2271321282051282 0.29480507371794873 0.2356421185897436 0.28815940064102563 0.23614597756410255 0.28095387820512824 0.23242283333333333 0.276670891025641 0.21943372115384613 0.23231808974358975 0.21965766025641026 0.2291156378205128 0.2245733076923077 0.2278503205128205 0.23159404166666667 0.2194914487179487
18 0.09396176282051281 0.3353736314102564 0.09282524038461538 0.3401213269230769 0.10352996794871795 0.348110625 0.09999160897435898 0.35269036858974356 0.1473734198717949 0.3769213525641026 0.16269704166666665 0.3763838301282051 0.21099692307692308 0.3644752532051282 0.23911351923076923 0.3535689102564103 0.2515537596153846 0.3367391987179487 0.2528245673076923 0.30706052884615387 0.24995802243589743 0.30203291025641027 0.2372041923076923 0.3003365480769231 0.11956454807692307 0.3259005608974359 0.09990196153846154 0.33096184294871794 0.09396176282051281 0.3353736314102564
18 0.6284852275641025 0.18127348717948719 0.6212237243589743 0.18157024358974358 0.6185251282051282 0.17414078525641025 0.5897030544871795 0.17212534935897436 0.587541983974359 0.18001951282051282 0.5783433493589744 0.18500797756410256 0.5690718942307692 0.1795324871794872 0.5691392275641025 0.2245907628205128 0.5810364551282051 0.22703175641025639 0.5968639326923076 0.21928870833333333 0.6185924583333333 0.2191990608974359 0.6248125801282052 0.21078420833333333 0.6265480929487179 0.1859651987179487 0.6356347596153846 0.18257796153846154 0.6320235865384616 0.1766937467948718 0.6284852275641025 0.18127348717948719
18 0.5954811602564103 0.25056861217948717 0.5950724358974359 0.24490833653846153 0.5999320993589743 0.24444362500000003 0.6027258301282051 0.23900728525641027 0.6140463846153846 0.23818984294871795 0.6234129711538462 0.23079953846153847 0.619913766025641 0.22331409615384615 0.6127642307692308 0.22200962500000002 0.5734390448717949 0.23213218910256408 0.5704773621794872 0.23997036538461541 0.5747211987179488 0.24831240384615386 0.5954811602564103 0.25056861217948717
22 0.6127419134615385 0.245339375 0.6264643012820513 0.2446898846153846 0.6462948461538461 0.23722676282051283 0.6465187852564103 0.2340243076923077 0.6561821282051282 0.23389550641025642 0.6688631378205128 0.22512791346153846 0.666052576923077 0.2192996858974359 0.6695349519230769 0.2155205544871795 0.6643785320512821 0.2087237596153846 0.6431706987179487 0.21287245833333332 0.6232281858974359 0.22193680769230767 0.6115325737179487 0.23962311217948717 0.6127419134615385 0.245339375
22 0.3051051955128205 0.3187616282051282 0.3296274487179487 0.3132356346153846 0.33227005769230766 0.32146570512820516 0.3472577756410256 0.3257318621794872 0.3709794166666667 0.3201498878205128 0.5515930673076923 0.2684173846153846 0.5730808205128205 0.26026561858974356 0.5847932660256411 0.25384388141025643 0.5875310128205128 0.24920815384615386 0.5687864871794872 0.218129875 0.5651248141025641 0.17845195192307692 0.5584791410256411 0.16994196153846156 0.42237489423076924 0.16042462500000002 0.4162667435897436 0.1672382532051282 0.41002979166666664 0.16438853846153845 0.3948909583333333 0.17378879166666666 0.36234573717948715 0.1674903685897436 0.32609420512820514 0.16817352564102564 0.3113472596153846 0.17196949038461537 0.2857613044871795 0.1927071282051282 0.2837627019230769 0.23279377243589744 0.29974716025641024 0.2918375288461538 0.29786601282051284 0.2957286282051282 0.3005254551282051 0.3152232692307692 0.3051051955128205 0.3187616282051282
22 0.6310718525641026 0.19030416987179488 0.6203839583333334 0.19357943910256412 0.6192082884615384 0.2103923173076923 0.6329306794871794 0.20974282371794872 0.6375664038461538 0.2124805673076923 0.6534498685897436 0.20393691346153847 0.6590541634615384 0.2043288044871795 0.6786439358974359 0.18880356730769232 0.6741201794871794 0.18446459294871795 0.6745680544871795 0.1780596891025641 0.6297337147435897 0.1749245641025641 0.6310718525641026 0.19030416987179488
18 0.6737282884615384 0.19006888461538463 0.6612152307692307 0.196434641025641 0.6608793237179487 0.2012383205128205 0.6640257948717949 0.2022628717948718 0.6740250416666667 0.197330391025641 0.6877474358974359 0.19668089423076923 0.6981554102564103 0.1974086923076923 0.7026231794871796 0.20254827884615384 0.7062175224358974 0.19716792307692307 0.6977858365384615 0.17968323397435898 0.672966826923077 0.17794771794871794 0.6737282884615384 0.19006888461538463
16 0.5794586666666667 0.5487326282051281 0.5941664615384615 0.5570018493589745 0.619377358974359 0.5531330705128205 0.6205698621794872 0.5475847628205128 0.6333628397435898 0.5372159423076923 0.6366827467948718 0.5012443333333333 0.630893669871795 0.4919897147435897 0.615497233974359 0.482063282051282 0.5974190384615385 0.47597196153846155 0.5691344839743591 0.48928014743589743 0.5629143653846154 0.4976950032051282 0.5613076506410256 0.5321773525641026 0.5794586666666667 0.5487326282051281
16 0.8506865000000001 0.2941592051282051 0.8582670737179487 0.2777942019230769 0.856425076923077 0.2696201153846154 0.8519013205128204 0.265281141025641 0.8344557820512821 0.26164765064102563 0.8219427275641025 0.26801340064102563 0.8180684615384616 0.2773968237179487 0.8171727115384615 0.29020663461538465 0.8215845032051282 0.29614683333333336 0.8390300384615385 0.29978032692307693 0.8506865000000001 0.2941592051282051
16 0.9436359326923076 0.2765230192307692 0.9453659615384615 0.2862983333333333 0.9407639006410256 0.30608972435897436 0.9463681923076924 0.3064816153846154 0.9540215833333334 0.30058056730769234 0.9573751570512821 0.28713809615384617 0.9524426762820511 0.27713884615384615 0.9436359326923076 0.2765230192307692
16 0.6134419006410257 0.2928554775641026 0.6062755352564103 0.2802864358974359 0.5903752371794871 0.27756552243589744 0.5811206185897435 0.28335459935897434 0.5765577115384616 0.29108081089743587 0.5745814262820513 0.3078377019230769 0.5773360032051281 0.3144665480769231 0.6019310769230769 0.3194045128205128 0.6086159038461538 0.3158493205128205 0.6134419006410257 0.2928554775641026
7 0.571418125 0.29554858333333334 0.5766136955128205 0.2902801955128205 0.5797433301282051 0.2800401762820513 0.586428157051282 0.27648498717948716 0.6111351987179487 0.2798217307692307 0.6274665352564102 0.26487316666666666 0.634039391025641 0.2629192019230769 0.6361613108974359 0.26709021794871796 0.6464013301282051 0.27021985576923074 0.6396436858974359 0.26331108974358974 0.6415248333333333 0.25941999679487177 0.6480976923076923 0.2574660288461539 0.6575930833333333 0.2597390673076923 0.657128375 0.2548794038461538 0.6646138173076923 0.25138019551282054 0.6758224006410257 0.2521639775641026 0.6825072275641025 0.24860878525641025 0.683884516025641 0.25192320833333337 0.6835317788461538 0.2454623173076923 0.6893600096153846 0.2426517532051282 0.7304543717948717 0.2302393205128205 0.7342503301282052 0.24498626282051283 0.7290324423076923 0.2735844006410256 0.7209480064102564 0.29715492307692304 0.7196603685897436 0.3155690256410257 0.6899147371794871 0.38428747435897437 0.6879944391025641 0.4002437532051282 0.7050649166666667 0.42074611217948715 0.7143363717948719 0.4262216025641026 0.7723724102564102 0.42464818269230764 0.7789844198717949 0.4106290352564103 0.7817053333333334 0.39472874038461536 0.7715659391025641 0.34413898717948715 0.7724448557692307 0.3200646057692308 0.7970004006410257 0.22202022435897434 0.7945089134615385 0.2001237467948718 0.8002643237179488 0.18684922756410258 0.024470131410256408 0.13260041346153847 0.0013486057692307693 0.46325366346153846 0.027416102564102564 0.4586402596153846 0.06633256089743589 0.4428574198717949 0.21264864743589745 0.39838092948717946 0.32060811217948715 0.36168115384615385 0.4330913397435897 0.3293203429487179 0.5625385641025641 0.2844687980769231 0.5702087884615386 0.2898323237179487 0.571418125 0.29554858333333334
5 0.9781256378205129 0.8187730705128206 0.9817646185897436 0.7667332083333334 0.24522753205128206 0.4272084935897436 0.2315611217948718 0.42705737179487174 0.22608563141025642 0.4363288237179487 0.22064929166666666 0.43353509294871795 0.20772751282051283 0.4342405737179487 0.20595833333333333 0.4365304423076923 0.21282794551282053 0.44183798397435897 0.3285922980769231 0.5006182756410257 0.9781256378205129 0.8187730705128206