18 0.44581470512820515 0.664438858974359 0.44785503846153846 0.6598986121794871 0.4490406025641026 0.6481528076923078 0.4510410128205128 0.6458997948717948 0.4521410256410257 0.6390552051282051 0.45411862179487184 0.6381091826923078 0.454973391025641 0.6453147435897436 0.4539833942307692 0.6645814423076923 0.44870980448717945 0.6671041698717949 0.4476097916666667 0.6739487596153846 0.44920930769230766 0.6759377596153846 0.44843033974358976 0.6831148044871795 0.45584857692307695 0.6888006891025641 0.4666084326923077 0.6902958942307692 0.529991766025641 0.6917290993589743 0.5359530705128205 0.6872572948717949 0.5363710737179488 0.6820350352564102 0.5348114807692308 0.6777588012820512 0.5359571217948719 0.6683002275641026 0.5337383301282052 0.6643393365384616 0.5341677403846153 0.6584635833333333 0.5358528076923077 0.6555513717948718 0.5368501602564103 0.6545882371794871 0.5403645384615385 0.6592254391025641 0.5485332243589743 0.6593680256410257 0.5465613333333333 0.6599873012820512 0.5452087147435898 0.6625784679487179 0.5409495897435898 0.6631578205128205 0.539918016025641 0.6660814391025641 0.537590858974359 0.6683287467948719 0.5378320544871794 0.6732356634615385 0.5390934198717948 0.6758724583333333 0.5436564775641026 0.6766058012820513 0.5517208557692308 0.6639995256410257 0.5501270384615384 0.6616837756410257 0.5511300961538461 0.6603938974358975 0.5512726794871795 0.652225205128205 0.5533358269230769 0.6463779679487179 0.5522455673076923 0.6339387467948718 0.5544455961538461 0.6202495673076923 0.553997423076923 0.6084752467948719 0.5527816858974359 0.6032244679487179 0.5499265096153846 0.5982719262820513 0.5468130256410256 0.5893927083333333 0.5407245897435897 0.582422641025641 0.5397899775641025 0.5797915512820513 0.5343094102564102 0.575446875 0.51444625 0.5711779935897436 0.4853828205128205 0.5696901506410256 0.48348768269230763 0.5696570705128204 0.4729607083333333 0.5698001698717948 0.46866736217948723 0.5723400064102565 0.45457728846153844 0.5743819903846153 0.45159663782051285 0.5766178942307693 0.43819023397435897 0.5956678685897436 0.43577752243589746 0.602816391025641 0.43270727243589746 0.6289105737179488 0.4339287115384616 0.6338346025641025 0.43355633653846154 0.6364428782051282 0.4351501506410257 0.6387586282051282 0.43449260576923077 0.6577042852564102 0.43633902243589745 0.6642734615384616 0.43954946474358975 0.6675979711538462 0.44581470512820515 0.664438858974359
18 0.48443001282051285 0.3621255673076923 0.4817818141025641 0.36404042948717946 0.4790936858974359 0.3682425192307692 0.4761472532051282 0.36851793269230765 0.47775817948717947 0.3698534423076923 0.4777353653846154 0.3711604326923077 0.4701859487179487 0.3729897403846154 0.4661851314102564 0.377495766025641 0.46613950320512826 0.3801097467948718 0.45687080128205126 0.38681175 0.4574045224358974 0.393684858974359 0.45638435576923075 0.39595498076923075 0.4612228333333333 0.3996347564102564 0.4680788301282051 0.40008127564102564 0.47235506410256406 0.3985216826923077 0.4755826185897436 0.40086594871794873 0.47954921794871797 0.3983204102564103 0.4821175705128205 0.40098001602564104 0.47946936858974365 0.40289487500000004 0.4755483974358975 0.4028264358974359 0.4751646153846154 0.40608820833333337 0.4780312019230769 0.41038725641025636 0.4753944038461539 0.4116486185897436 0.4750049198717949 0.415237141025641 0.47236242307692305 0.4168252532051282 0.464210842948718 0.415702423076923 0.4635288301282051 0.4173247532051282 0.46512834935897435 0.4193137564102564 0.4634546858974359 0.4215724711538461 0.4650713141025641 0.422581233974359 0.4673984711538462 0.4203339230769231 0.4709926955128205 0.42039666025641026 0.47161767307692304 0.4220418044871795 0.4755044230769231 0.42407073397435896 0.4778315833333333 0.4218234230769231 0.47755046153846153 0.41920374038461533 0.48574766666666663 0.4177125865384615 0.48676783653846156 0.4154424647435898 0.4914107435897436 0.4116013397435898 0.49633476923076925 0.4103799006410257 0.49922987179487177 0.4130452115384615 0.5028240961538462 0.4131079487179487 0.5044179102564103 0.41542369871794865 0.5033977435897435 0.4176938205128205 0.5053411153846153 0.4187082852564103 0.5147996891025641 0.4198539262820513 0.5212833108974358 0.4229087243589743 0.5235306185897436 0.4252358814102564 0.5296931955128205 0.42795822756410257 0.5306506282051282 0.4292823269230769 0.5326282211538461 0.4283363044871795 0.5375180288461539 0.42907534935897435 0.5391004358974358 0.4320445961538461 0.5410438141025641 0.4330590608974359 0.5420639807692308 0.4307889358974359 0.5405271987179487 0.4252057115384616 0.542142173076923 0.40758415064102566 0.5458276506410257 0.4024189294871795 0.5442338365384616 0.4001031762820513 0.5442794647435897 0.39748919551282047 0.548257467948718 0.3942901602564102 0.5486469551282052 0.39070164102564103 0.5460728974358974 0.38836877884615384 0.5461242275641026 0.38542805128205126 0.5487895384615386 0.3825329487179487 0.5488180576923077 0.3808992115384615 0.5455848012820512 0.3788816923076923 0.5413370801282051 0.3788075480769231 0.5407178076923077 0.3768356570512821 0.5368652756410257 0.3728462435897436 0.5353227916666666 0.36758976602564103 0.5318141217948718 0.36262581410256406 0.5282655224358974 0.3599490961538462 0.5260581378205129 0.35533470512820514 0.5222170128205128 0.3506917980769231 0.5180263301282051 0.3473501762820513 0.5079370801282052 0.3448861378205128 0.5076103301282051 0.34488043269230767 0.5049792371794871 0.34581505128205126 0.49747544871794874 0.345030375 0.4928667628205128 0.34691101602564106 0.4905396057692308 0.34915832371794875 0.48595943589743595 0.34940522435897436 0.4849620833333333 0.350368358974359 0.48620063461538465 0.354312141025641 0.49048827564102565 0.3520990512820513 0.49041983333333333 0.35602002564102564 0.48645323717948724 0.3585655641025641 0.48187306730769225 0.35881246474358974 0.4812024615384615 0.3597812980769231 0.48347828846153845 0.36047472115384616 0.48443001282051285 0.3621255673076923
22 0.4661632307692308 0.4536507724358974 0.46813512179487177 0.45303150000000003 0.47105874038461537 0.4540630737179487 0.4746814807692307 0.45249207051282053 0.48235066666666665 0.44380106410256415 0.4903123814102564 0.43707624358974356 0.4929434711538461 0.4361416314102564 0.49363689102564107 0.4338658044871795 0.4920145608974359 0.4331837916666667 0.49036941666666667 0.4338087724358974 0.4896759967948718 0.43608459615384615 0.4886900512820513 0.43639423397435895 0.4868265224358974 0.4308053044871795 0.48882122756410257 0.42887903846153846 0.48854010576923074 0.4262593557692308 0.4934128044871795 0.42797864102564104 0.49737940384615387 0.42543310256410255 0.49939121794871794 0.42252659615384613 0.4978373301282051 0.4179236121794872 0.49361812820512824 0.4162157275641026 0.49133089423076926 0.41617580448717945 0.4854323301282052 0.4170533878205128 0.47913857371794866 0.4218462371794872 0.4708158878205128 0.4305258397435897 0.4685115480769231 0.4314661570512821 0.46811065384615386 0.43570817307692306 0.45949544230769235 0.4424215865384616 0.45736956089743586 0.45186304166666663 0.46190980769230766 0.45390337820512816 0.4608896378205128 0.4561735 0.4628387179487179 0.4568612147435897 0.46344088461538463 0.4598133493589744 0.4657452275641026 0.45887303205128205 0.4648106121794872 0.4562419391025641 0.4661632307692308 0.4536507724358974
22 0.49006713461538465 0.45112639423076917 0.486742625 0.4543368365384616 0.485636907051282 0.4615081730769231 0.4790049967948718 0.4669488141025641 0.47828876602564097 0.4705316314102564 0.47499847435897435 0.47178158653846153 0.47158841346153846 0.4798932435897436 0.4692669583333334 0.4818138076923077 0.4674564198717949 0.4919144647435898 0.46646476602564096 0.4925508525641026 0.462893358974359 0.49118112179487183 0.45993551923076925 0.4921100352564102 0.45885261538461536 0.4979743814102564 0.45685220192307696 0.5002273942307692 0.45779822756410254 0.5022049903846154 0.4570591794871795 0.507094798076923 0.45273161538461537 0.5115951217948719 0.4523193141025641 0.5164906314102564 0.4509666987179487 0.519081798076923 0.45119078525641027 0.5249689583333333 0.4524635544871795 0.5269522596153846 0.4560406698717948 0.5279952371794872 0.45857480128205125 0.5326153301282052 0.45655157692307696 0.5361753365384616 0.4496727692307692 0.5370358076923077 0.45065466666666665 0.5556832339743589 0.4521686314102564 0.5625734487179488 0.45923160256410256 0.5698873717948718 0.4621438141025641 0.5715724391025641 0.4768873814102564 0.5695418621794871 0.49551199679487173 0.5698669551282051 0.5164124358974359 0.570885467948718 0.524546907051282 0.5729885384615384 0.528794625 0.5730626826923076 0.5386255705128205 0.5716000448717948 0.5406773108974359 0.5664063076923077 0.5439790064102564 0.5645028525641026 0.5456526698717948 0.5622441346153847 0.5474118814102564 0.5550842051282051 0.5470207435897435 0.5400424102564103 0.5489054294871796 0.5256940320512821 0.5481248076923076 0.5142407564102565 0.5488353365384615 0.510984685897436 0.5466108397435898 0.5073505384615384 0.5423802307692308 0.5062961506410256 0.5437271442307692 0.5040317307692308 0.5421162211538462 0.5026962243589743 0.5412329358974359 0.4971244038461538 0.5396391217948717 0.49480865384615386 0.5400057948717949 0.4925271217948718 0.5371106923076924 0.4898618141025641 0.5345081185897437 0.4891626923076923 0.5332353461538462 0.487179391025641 0.5293029711538462 0.48776444551282044 0.5296753461538461 0.4851561666666666 0.524933826923077 0.47592168269230767 0.5272609807692308 0.473674375 0.5233685288461538 0.4719721955128205 0.5182204134615385 0.4673064743589744 0.5179164807692308 0.46599378205128206 0.5199111858974359 0.464067516025641 0.5160130288461539 0.4626920865384615 0.5154108621794872 0.4597399487179487 0.5170845256410257 0.45748123076923075 0.5103026762820513 0.4527869935897436 0.5113114326923077 0.45117036538461536 0.5159087147435897 0.4499432243589743 0.5217730608974359 0.4510261282051283 0.5249949102564103 0.4536971442307692 0.5265773173076923 0.45666638782051283 0.5311289711538462 0.4580532275641026 0.5340297756410256 0.4603917916666666 0.5350955673076923 0.45550768589743595 0.5377494743589744 0.45326608012820513 0.538454298076923 0.4503367596153846 0.5389008173076923 0.4434807628205128 0.5367219487179486 0.43723263461538464 0.5377535224358975 0.43430901602564104 0.5303466923076923 0.42796963461538456 0.5297217147435898 0.4263244871794872 0.527113435897436 0.4259521121794872 0.5213061250000001 0.42160173397435896 0.5138479647435897 0.41820307692307696 0.5125409743589743 0.4181802628205128 0.5023775737179488 0.4199639455128205 0.503971391025641 0.42227969551282046 0.5013231891025641 0.4241945544871795 0.5038972435897435 0.4265274166666666 0.5025446282051282 0.4291185833333333 0.504791939102564 0.4314457371794872 0.5040985192307692 0.43372156730769235 0.5108404487179486 0.44070303525641025 0.5097860608974358 0.44493364423076925 0.5022594583333333 0.4454559615384615 0.49868805128205135 0.4440862339743589 0.4960455480769231 0.44567434615384616 0.4921131730769231 0.44625939743589743 0.49006713461538465 0.45112639423076917
17 0.4588264935897436 0.4620207371794872 0.4630742115384615 0.46209488141025645 0.4673675576923077 0.4595550448717948 0.4716266826923077 0.45897569551282047 0.47269248076923076 0.45409158974358976 0.48232785256410254 0.4451080544871795 0.4859562980769231 0.44321030448717946 0.48933214102564104 0.4370591346153846 0.4989047788461538 0.4316698237179487 0.5028200448717949 0.4320650128205128 0.5034450224358975 0.43371016025641024 0.5073260705128205 0.4360658301282051 0.5114996442307692 0.4403876955128205 0.5134145064102564 0.4430358974358975 0.5133688782051282 0.44564987820512825 0.5162981987179487 0.4463547051282051 0.5198239807692308 0.45033841346153847 0.5269211762820513 0.4556918493589744 0.5354337211538461 0.4548598942307693 0.5420085993589744 0.45268673076923077 0.5424551185897436 0.44583073076923074 0.5409069326923077 0.44090100000000004 0.5389806666666667 0.43890629487179483 0.5390148878205128 0.4369458108974359 0.5345316730769231 0.4316380032051282 0.5300142403846154 0.42829067948717947 0.5271704711538461 0.4226846346153846 0.5235705416666666 0.42294864743589744 0.5219653205128205 0.42128639102564097 0.5141690096153846 0.41853552884615386 0.506648108974359 0.41873109935897435 0.5032779711538462 0.4245555224358974 0.5031810128205129 0.4301102307692308 0.49924863461538455 0.4306952852564102 0.4979872724358974 0.42805849038461535 0.49970656089743587 0.4231857948717948 0.4984908237179487 0.4179350192307692 0.49329708333333333 0.4158832756410257 0.491663342948718 0.41585475961538465 0.4851169871794872 0.4163941891025641 0.48083504807692307 0.418280532051282 0.4804854871794872 0.4195818173076923 0.4725237724358974 0.4263066346153846 0.4714864967948718 0.42955699999999997 0.4675370064102564 0.43112229807692304 0.46585193589743584 0.43403450961538464 0.458916092948718 0.4381624551282051 0.4571226602564102 0.4472828717948718 0.4557871538461538 0.4488937980769231 0.45573011858974355 0.45216127564102565 0.4576221634615385 0.45611646474358974 0.45659629487179487 0.4587133365384615 0.4588264935897436 0.4620207371794872
17 0.9486448878205129 0.5441111602564103 0.9558276346153847 0.5445633846153846 0.9607858814102564 0.5413814583333333 0.9588653205128205 0.5390600064102564 0.9595587371794871 0.5367841794871795 0.9628319198717948 0.5365144647435898 0.9663976249999999 0.538210939102564 0.9710234230769231 0.5353500576923077 0.9733619871794872 0.5324492532051283 0.9734532403846154 0.5272212916666666 0.9803035352564101 0.5279945576923077 0.9819943076923077 0.5247555993589744 0.9824408237179488 0.5178996057692308 0.9770629198717949 0.5076734679487179 0.9699999487179488 0.5003595480769231 0.963539141025641 0.49599775961538467 0.9541033814102564 0.49354512820512814 0.9518161506410256 0.49350520192307695 0.9469092339743589 0.49374640064102565 0.9426329967948718 0.4953059935897436 0.9287327916666667 0.5051956314102564 0.9243881153846153 0.5106761955128205 0.9236490673076924 0.5155660032051282 0.9294620833333332 0.5195896346153847 0.9267568493589744 0.5247719711538462 0.9299615897435897 0.5284232243589744 0.9305523493589744 0.5320288557692308 0.933109294871795 0.5353419615384615 0.9418858525641025 0.5381099326923077 0.9421612692307693 0.5410563653846153 0.9450734807692308 0.5427414326923077 0.9486448878205129 0.5441111602564103
17 0.6806700993589744 0.3920255705128205 0.6739395801282051 0.38439060576923073 0.6671235064102564 0.38165685256410253 0.665489766025641 0.3816283365384615 0.6599293557692307 0.381858125 0.6556360096153846 0.38439796153846156 0.6503167916666667 0.38953466987179486 0.6479497147435898 0.39406921474358975 0.6475317115384616 0.39929147115384617 0.6496535448717948 0.40880707692307694 0.6534889647435898 0.41377673076923077 0.6563954743589744 0.41578854487179484 0.6655272980769231 0.4169284871794872 0.6717526121794872 0.4160566057692308 0.6763727051282051 0.4135224743589744 0.681754657051282 0.40479154166666664 0.6825393333333333 0.3972877532051282 0.6806700993589744 0.3920255705128205
17 0.39018576923076925 0.3872819967948718 0.3827105 0.38486358653846153 0.3804232628205128 0.38482366346153846 0.37715008333333333 0.3850933717948718 0.37121729807692305 0.3879314391025641 0.3665458717948718 0.3934063044871795 0.3648208782051282 0.39860574679487176 0.3662321858974359 0.4113774230769231 0.37101362820512823 0.4183246730769231 0.37458503846153846 0.4196944038461539 0.38831414423076926 0.4196071955128205 0.39127198076923075 0.41867828205128205 0.3949232371794872 0.41547354807692305 0.3966254166666667 0.4115810897435897 0.39814343269230773 0.3995142435897436 0.3959759711538462 0.3926126217948718 0.39018576923076925 0.3872819967948718
17 0.33844392307692306 0.3742854935897436 0.3336054455128205 0.37060571794871794 0.3277582115384615 0.3685425737179487 0.3259610993589743 0.3685112051282052 0.3176062211538462 0.36967275641025643 0.31196025961538465 0.3748037596153846 0.30893397756410257 0.37965364423076925 0.309123842948718 0.38750129166666664 0.3122886602564102 0.39343978205128205 0.3158315544871795 0.3964432467948718 0.3262190352564103 0.40054673076923075 0.33112025 0.4006322788461538 0.33308643589743586 0.4003397532051282 0.34042317628205127 0.39196978846153846 0.3428073653846154 0.3864550032051282 0.3429043237179487 0.3809002948717949 0.34165436858974363 0.3776100032051282 0.33844392307692306 0.3742854935897436
16 0.4395323557692308 0.6685782115384615 0.4431722083333334 0.6660269711538461 0.4480620128205128 0.6667660128205127 0.4472887467948718 0.6736163076923076 0.4488825608974359 0.6759320576923077 0.4484360416666667 0.6827880544871795 0.45682311538461534 0.6891445480769232 0.46628168589743585 0.6902901891025641 0.5192205032051281 0.6908873910256411 0.5254115961538461 0.6919760032051282 0.532290407051282 0.6911155288461538 0.5366179743589744 0.6866152051282051 0.5361926153846154 0.6735338942307693 0.5371785576923076 0.6732242564102564 0.5384342211538462 0.6761877980769231 0.5436564775641026 0.6766058012820513 0.5490612467948718 0.6665678814102564 0.5513884038461538 0.6643205705128206 0.5510901698717949 0.6626811282051281 0.5488314551282051 0.6610074679487179 0.5511357980769231 0.6600671474358973 0.5502068878205127 0.6571093108974358 0.5512213493589744 0.6551659326923076 0.5509516378205128 0.6518927532051282 0.5536454647435897 0.6473639134615384 0.5525837211538462 0.6332909551282052 0.5547951538461539 0.6189482788461539 0.5531084358974359 0.6032301730769232 0.5471397724358974 0.5893984102564103 0.5407188878205128 0.582749391025641 0.5394746346153847 0.5791323525641026 0.5365795352564102 0.5764670416666667 0.5170545256410256 0.5715503685897436 0.4902783333333333 0.5701024487179487 0.4886083237179487 0.5700732980769231 0.4729550032051282 0.5701269134615384 0.4653884775641025 0.5729364647435897 0.45818862499999996 0.5734644871794872 0.45489833333333335 0.5747144423076923 0.4462432019230769 0.5837150865384616 0.4425292051282051 0.5905140512820513 0.43886083653846153 0.594699032051282 0.43648235256410256 0.5998870673076923 0.4331195705128205 0.6240150608974359 0.4330169102564103 0.6298965224358974 0.4348234006410256 0.6387529262820513 0.43481935256410253 0.6577099903846153 0.43666577243589744 0.6642791634615385 0.4395323557692308 0.6685782115384615
16 0.45679665705128203 0.39105947115384615 0.45671110576923074 0.3959606858974359 0.4599329551282051 0.39863169871794873 0.46081053525641025 0.40453026923076923 0.45979607371794873 0.40647364102564104 0.4568382339743589 0.4074025576923077 0.458059673076923 0.4123265801282051 0.4603126858974359 0.41432699038461546 0.4605139583333333 0.4215211410256411 0.46469893910256405 0.42518950961538465 0.4689523621794872 0.4249369070512821 0.4715378269230769 0.42661627243589745 0.4722255416666667 0.4246671923076923 0.48530115064102564 0.4245685833333333 0.48571915064102567 0.4193463237179487 0.4870660641025641 0.41708190705128206 0.4887226153846154 0.4158034294871795 0.4933141923076923 0.41490303525641026 0.496122092948718 0.4038392435897436 0.5033105384615385 0.40396471794871797 0.5042622628205128 0.4056155673076923 0.5044578333333333 0.4131364647435897 0.5063441762820513 0.4174184070512821 0.5144957532051282 0.418541233974359 0.5267980961538462 0.4252929166666667 0.5303866153846154 0.4256823974358974 0.5332874198717948 0.42802096474358975 0.5375522500000001 0.4271148653846154 0.541049516025641 0.4327323108974359 0.541794266025641 0.4275157564102564 0.540200451923077 0.42520000641025635 0.5415473653846153 0.4229355865384616 0.5406070448717949 0.42063124358974363 0.5417070608974359 0.41378665064102566 0.5411733365384616 0.4069135480769231 0.5451741538461539 0.40240752243589745 0.5432650032051283 0.3994325737179487 0.5446233237179486 0.3965146570512821 0.5466066185897436 0.3952418878205128 0.5466522467948718 0.3926279038461538 0.5440895993589744 0.3896415480769231 0.5428510480769231 0.38569776602564104 0.5376972307692308 0.38135879166666664 0.5377314487179488 0.3793983076923077 0.5313276794871795 0.37176904487179485 0.528415467948718 0.3700839743589744 0.5271484006410256 0.36777392948717946 0.5245458237179488 0.3670748044871795 0.5223441442307692 0.3621336666666667 0.516823657051282 0.36007622435897435 0.5172302467948717 0.3555074615384615 0.5156364326923077 0.3531917115384615 0.5199240801282051 0.35097862179487177 0.5179864070512821 0.34963741025641026 0.5140597307692308 0.34989571794871793 0.5085506474358974 0.34718477884615384 0.5065901602564102 0.3471505576923077 0.5042744134615385 0.3487443717948718 0.49906926282051284 0.3473461282051282 0.49380137820512826 0.3495421057692308 0.4937842692307692 0.35052234935897436 0.49704604166666666 0.35090612820512823 0.49734426923076924 0.35254557051282054 0.4950399294871795 0.35348589102564104 0.49137156089743594 0.3576708717948718 0.4860922692307692 0.36052034615384615 0.48006822756410256 0.36858637499999997 0.46912585897435893 0.3775470961538462 0.4680942852564102 0.38047071794871795 0.46115274038461546 0.38492541025641025 0.45679665705128203 0.39105947115384615
16 0.3229572628205128 0.4001629455128205 0.32099677564102563 0.40012872756410256 0.3091939391025641 0.4022106346153846 0.304883483974359 0.40573071794871796 0.3025106955128205 0.4105920064102564 0.3029816858974359 0.4210593365384615 0.30706400320512817 0.43060916346153844 0.30931701923076926 0.4326095705128205 0.3151585512820513 0.4349994679487179 0.3331752980769231 0.43269916987179485 0.3348375512820513 0.431093951923077 0.338585766025641 0.42233450320512816 0.3384016057692308 0.41416010897435895 0.33652096794871794 0.4095514230769231 0.33137855448717946 0.4045589551282051 0.3229572628205128 0.4001629455128205
17 0.45429525641025637 0.4969142916666667 0.44868351602564105 0.5000848076923077 0.4509308237179487 0.5024119679487179 0.44859796474358976 0.5049860224358975 0.44989925 0.5053355833333334 0.45189395833333335 0.5034093173076923 0.45383733012820515 0.5044237852564103 0.45183122115384616 0.5070035448717949 0.45341362820512815 0.5099727884615385 0.4509781057692308 0.5184283012820513 0.45086974038461536 0.5246365064102564 0.4569809871794872 0.5302995833333334 0.4572849230769231 0.5316122756410256 0.4572278878205128 0.53487975 0.45589808333333337 0.5361639294871795 0.4490192724358974 0.5370244006410256 0.4509471923076923 0.557649423076923 0.4534414006410256 0.56455675 0.4621438141025641 0.5715724391025641 0.47753517307692306 0.569880016025641 0.49453175320512816 0.5698498461538462 0.5147786955128205 0.5708569487179488 0.5252004038461539 0.5729999455128205 0.5281753525641025 0.5710907884615385 0.5279056378205128 0.5678176121794872 0.5292354423076923 0.5665334326923077 0.5292810673076923 0.5639194519230769 0.5280025961538461 0.5622629006410257 0.5284263012820514 0.5567138942307692 0.5317165897435897 0.5554639391025641 0.5333218108974359 0.5571261955128205 0.5334945673076923 0.5659540833333333 0.5357418782051282 0.5682812403846154 0.5386940128205128 0.567679076923077 0.545331625 0.5619116891025642 0.5437378108974359 0.5595959358974358 0.5460535608974358 0.5580021217948719 0.5474118814102564 0.5550842051282051 0.5475373557692308 0.5478957596153846 0.5462645865384615 0.5459124583333334 0.5472790480769231 0.5439690865384615 0.5481378685897436 0.5322175769230769 0.549490483974359 0.5296264102564102 0.5496615865384615 0.5198239807692308 0.547477016025641 0.5139025993589744 0.5478550929487179 0.5109675737179488 0.5459402371794873 0.508319375 0.542053483974359 0.5062904455128204 0.5427469038461538 0.5040146217948719 0.5411587916666667 0.501372125 0.5400057948717949 0.4925271217948718 0.5364571955128205 0.489850407051282 0.533848919871795 0.4894780288461538 0.5329028974358975 0.48750043589743586 0.5315616858974359 0.4894381057692308 0.52926875 0.48972492948717944 0.5284082756410257 0.4828461217948718 0.524607076923077 0.47591598076923075 0.5246298910256411 0.47460899038461535 0.5262807403846154 0.47365726602564107 0.5230189679487179 0.473273483974359 0.5156406538461539 0.46530036217948717 0.5147972948717949 0.4574413076923077 0.5099816314102564 0.45245454166666665 0.5100614775641026 0.4478800801282051 0.5061348044871795 0.44813838461538463 0.5038874935897436 0.44581122756410263 0.500637125 0.44477394871794873 0.4990033878205128 0.44474543269230765 0.4927666666666667 0.4462708044871795 0.48941364102564106 0.45111498717948717 0.4854299294871795 0.4546407692307692 0.4849777083333333 0.46182351282051276 0.4745160801282051 0.4619677532051282 0.4727796826923077 0.46782069230769235 0.473674375 0.4727390192307692 0.4712559615384615 0.4802142884615384 0.4682753108974359 0.48245018910256415 0.4662577884615385 0.4856834455128205 0.463311358974359 0.4859588653846154 0.4603364102564102 0.4878680192307692 0.45995263141025644 0.49112979166666665 0.45429525641025637 0.4969142916666667
7 0.46721505128205126 0.35594183012820513 0.4642686185897436 0.35621724679487177 0.46234805769230763 0.35389579487179484 0.4632769711538462 0.35685363141025644 0.4619243525641025 0.3594447980769231 0.4638506153846154 0.3614395064102564 0.45988972115384613 0.3636583012820513 0.4573629455128205 0.37734177243589745 0.45466911538461535 0.3818706121794872 0.4552655801282051 0.38514949679487176 0.45379318910256405 0.3946023653846154 0.45396594230769227 0.4034302532051282 0.4508370032051282 0.4141615929487179 0.45101546153846156 0.422662733974359 0.4482760064102564 0.4298055544871795 0.4491592916666667 0.43537737499999996 0.4471303685897436 0.439264125 0.4460075384615384 0.44741570512820517 0.44293563141025644 0.4548795705128205 0.44172725320512823 0.4679323621794872 0.4396526987179487 0.4744330961538461 0.44124081089743594 0.477075592948718 0.43957285256410256 0.47900756410256407 0.4398596762820513 0.48130049999999996 0.4321505641025641 0.4922787403846154 0.4303000961538461 0.5046666314102564 0.4265918044871795 0.5111388493589744 0.4254005384615384 0.5232114006410257 0.42439177884615387 0.5248280288461539 0.4241750480769231 0.537244439102564 0.42112595512820516 0.5434013076923078 0.42071365705128205 0.5482968205128206 0.4193724455128205 0.5502344935897435 0.41688559294871796 0.561630733974359 0.4160153685897436 0.5740357371794872 0.41259390064102563 0.5828008878205129 0.41112721474358976 0.5919270096153847 0.40977459615384615 0.5945181762820513 0.4103881698717949 0.5968168173076923 0.40871450641025636 0.5990755352564102 0.4075745705128205 0.608207358974359 0.40622765705128205 0.6104717756410256 0.40430304487179486 0.6271073878205128 0.4019416634615385 0.6313151826923077 0.4001539358974359 0.6401088493589744 0.3970763237179487 0.6478994615384616 0.39383901923076925 0.6648390064102564 0.3880618782051282 0.6774852083333334 0.3879021826923077 0.686634141025641 0.3865039391025641 0.6918392884615384 0.3832079455128205 0.6934159935897436 0.38367322756410255 0.7042100705128205 0.37902056730769235 0.7273350064102564 0.379622733974359 0.7302871442307692 0.3778578173076923 0.7377738205128205 0.37651660576923074 0.7397114903846154 0.37679772756410257 0.7423311762820513 0.37512976923076924 0.7442631442307692 0.37541658974358977 0.7465560833333333 0.3737429262820513 0.7488147980769231 0.37198941987179485 0.7556479807692308 0.3704200705128205 0.7706555576923078 0.3680301794871795 0.7764970897435897 0.36709721474358975 0.792496314102564 0.3646845096153846 0.799644842948718 0.3603626442307692 0.8038184166666666 0.35798415705128206 0.8090064519230769 0.3579100128205128 0.813254173076923 0.3606910448717949 0.8224544358974359 0.36741016025641027 0.8307428974358974 0.614104608974359 0.8350489647435898 0.6151418846153847 0.8317985993589744 0.6211374102564102 0.825366310897436 0.6245303621794872 0.8182348942307692 0.6245759871794871 0.8156209134615384 0.6194677980769231 0.8086679615384615 0.6140597211538462 0.7814452467948717 0.6144435032051282 0.7781834743589743 0.6129181314102564 0.7719467532051282 0.6118677948717949 0.7572202980769231 0.6097801794871796 0.7457442051282052 0.6060474198717949 0.734893092948718 0.6053181282051282 0.7204990897435898 0.6035002275641025 0.7122961762820513 0.6039239326923076 0.7067471730769231 0.6065835384615385 0.7041788173076923 0.6069616185897436 0.7012437916666666 0.6018420224358975 0.6949443365384615 0.5992320897435898 0.675941641025641 0.5979536153846154 0.6742850897435897 0.5968519487179487 0.6624993621794872 0.5946559711538462 0.6572314775641025 0.5929293237179487 0.6438006025641025 0.5898443557692308 0.6332876474358974 0.58909225 0.6202006346153847 0.5863454358974359 0.6090398814102564 0.5810913557692308 0.572994983974359 0.5783160256410256 0.5634679743589743 0.5769617532051282 0.5474288237179488 0.5747771794871794 0.5415074391025642 0.572568141025641 0.518262733974359 0.5668863044871795 0.506723907051282 0.5657789326923077 0.4952649262820513 0.5603896185897437 0.48569228846153845 0.5607734006410257 0.4824305128205128 0.5588585416666667 0.4797823141025641 0.5592480288461539 0.47619379166666664 0.5570748653846154 0.4696189198717949 0.5581064358974359 0.4666953012820513 0.5565354358974359 0.46307255769230765 0.5556390897435898 0.4395239166666667 0.5514239391025642 0.41885896794871796 0.5502350641025641 0.3933441378205128 0.5487039871794871 0.38743416666666664 0.5498325224358974 0.37895583653846154 0.54855975 0.37697253846153844 0.547762016025641 0.3664995064102564 0.5453305448717949 0.3559979551282051 0.5457029198717949 0.3533896762820513 0.5429104775641026 0.34484290705128207 0.5411667243589744 0.33239227564102564 0.5387124358974359 0.32319771794871793 0.526782467948718 0.3138377564102564 0.5225746730769231 0.3114763814102564 0.5202874423076923 0.31143645833333333 0.5197952948717949 0.3209064326923077 0.521028141025641 0.3251769679487179 0.5209425897435898 0.3300781794871795 0.5205188846153846 0.3356271891025641 0.518822407051282 0.33919289102564104 0.5197342115384616 0.3431309743589744 0.5246183173076923 0.34419676923076925 0.5213337307692308 0.34511997756410256 0.5177623205128205 0.34375025 0.5144606217948718 0.34565370192307693 0.5082866378205129 0.3435848493589744 0.49588733974358973 0.3423878782051282 0.49041247756410256 0.33771645512820514 0.487145 0.3376594198717949 0.48651432051282056 0.33634102564102564 0.4862274967948718 0.3340480865384616 0.4885546506410256 0.33180077884615383 0.48731039743589744 0.3281837403846154 0.4876998846153846 0.32459522115384615 0.48904109615384617 0.3226575480769231 0.4892293076923077 0.311874875 0.4882775833333333 0.31022402884615385 0.48763549358974356 0.3095591282051282 0.4823219807692307 0.3143690865384616 0.4697743942307693 0.32166755128205127 0.4683362243589744 0.3291599326923077 0.4663529262820513 0.33043270512820516 0.46511602884615383 0.34511923717948717 0.4624107948717949 0.3503015705128205 0.4659707980769231 0.3523247916666667 0.4695992435897436 0.3504270448717949 0.47122727884615384 0.35078230769230767 0.47412808333333334 0.353120875 0.4744263141025641 0.3547603173076923 0.47180092307692306 0.3553681826923077 0.4688830096153846 0.35400986217948716 0.46721505128205126 0.35594183012820513
11 0.8367340352564102 0.38298317948717947 0.8240079903846154 0.3817805064102564 0.820442282051282 0.3800840288461539 0.8127429230769231 0.3717784551282051 0.798863875 0.36173078205128206 0.7882865288461539 0.34977965384615384 0.7795784102564103 0.34309071153846155 0.7753478012820513 0.34203632371794873 0.7475685512820512 0.341878282051282 0.7465198685897436 0.3457821474358974 0.7487899935897436 0.3468023108974359 0.7680623974358974 0.3474655608974359 0.7751139615384616 0.3554329775641026 0.8092187916666667 0.3864250673076923 0.819285233974359 0.39019609294871793 0.8378813301282051 0.3921549262820513 0.8721898301282051 0.39275378525641025 0.9189318493589743 0.3925891282051282 0.9551894262820512 0.3938756987179487 0.968941342948718 0.3924815032051282 0.971629467948718 0.38827941346153844 0.9720303589743591 0.38403739743589743 0.9707689967948718 0.3814006025641026 0.9662686762820513 0.3770730352564103 0.9542816730769231 0.37098055128205126 0.9387745929487179 0.36057761538461536 0.9258073525641026 0.3544680224358975 0.9225912051282051 0.35147025961538464 0.9226482403846153 0.3482027820512821 0.9272455192307694 0.34697564102564105 0.9314875352564104 0.34737653205128205 0.9347835288461539 0.3457998269230769 0.9351444967948718 0.34384504487179485 0.9325419198717949 0.3431459198717949 0.9309081826923077 0.3431174038461538 0.9034100544871796 0.34557905128205124 0.8961360544871795 0.35035478846153845 0.895110185897436 0.3529516602564103 0.9022073782051282 0.35830509615384615 0.9358640352564103 0.37752286217948716 0.937778891025641 0.38017106410256407 0.9426230737179486 0.3835240929487179 0.9412989743589742 0.38448151923076923 0.9262628814102564 0.3845459102564103 0.9233050416666666 0.3854748237179487 0.9034019551282051 0.3834931794871795 0.8726762692307692 0.38361055448717946 0.8592967275641025 0.3823964711538462 0.8367340352564102 0.38298317948717947