18 0.7664526474358975 0.6241305512820513 0.7696629198717948 0.6136971634615385 0.7712680576923078 0.5815944358974359 0.763242375 0.5671482083333333 0.7303370801282052 0.5486891378205129 0.6974317820512821 0.5559122532051283 0.6869983942307692 0.5639379358974359 0.6805778493589744 0.584002141025641 0.688603532051282 0.6088817564102563 0.7006420544871795 0.6305510961538462 0.7182985544871795 0.6409844839743589 0.7311396474358974 0.6409844839743589 0.7664526474358975 0.6241305512820513
18 0.8675762435897436 0.3809523814102564 0.8611556987179488 0.35045478846153844 0.8499197435897435 0.34082397115384616 0.8210272884615384 0.3279828782051282 0.8001605128205128 0.32958801602564103 0.7648475128205128 0.35045478846153844 0.763242375 0.36811128846153846 0.7560192628205128 0.3785446762820513 0.7584269647435897 0.3905831987179487 0.8274478333333334 0.3889780641025641 0.8627608333333333 0.38576779166666664 0.8675762435897436 0.3809523814102564
18 0.8643659711538462 0.3945960416666666 0.8611556987179488 0.39379347115384616 0.8563402884615385 0.40021401923076927 0.8226324230769231 0.3986088814102564 0.8121990384615385 0.404226858974359 0.8073836282051282 0.42669876923076927 0.8210272884615384 0.4291064743589744 0.8451043333333333 0.4194756538461539 0.8579454262820513 0.40984483653846154 0.8627608333333333 0.4050294262820513 0.8643659711538462 0.3945960416666666
18 0.7664526474358975 0.40342429166666666 0.7712680576923078 0.41706795192307694 0.7817014455128205 0.4194756538461539 0.7945425352564103 0.404226858974359 0.7889245576923077 0.3986088814102564 0.7728731955128205 0.3994114487179487 0.7664526474358975 0.40342429166666666
22 0.723916532051282 0.5486891378205129 0.7319422147435898 0.5486891378205129 0.7471910128205128 0.5575173878205129 0.7512038525641025 0.5559122532051283 0.7447833076923077 0.5302300705128206 0.7287319423076922 0.5197966826923077 0.7054574647435897 0.5141787051282051 0.6869983942307692 0.5214018205128205 0.6781701442307693 0.5286249326923077 0.6773675769230769 0.5575173878205129 0.679775282051282 0.5631353653846154 0.6861958269230769 0.5631353653846154 0.6910112371794872 0.5575173878205129 0.7030497596153846 0.5527019807692307 0.723916532051282 0.5486891378205129
22 0.1131621185897436 0.2926698782051282 0.11878009615384616 0.2934724455128205 0.14446227884615384 0.2910647403846154 0.1508828237179487 0.28785446794871794 0.16131621153846154 0.2886570352564103 0.16613162179487181 0.2854467628205128 0.16452648397435896 0.2653825576923077 0.16051364423076925 0.2581594423076923 0.15409309935897436 0.25334403525641025 0.1404494391025641 0.257356875 0.13402889102564103 0.25093633012820515 0.10995184615384616 0.25093633012820515 0.1067415737179487 0.25254146474358974 0.09951845833333334 0.26136971794871794 0.09871589102564103 0.26698769551282053 0.10353130128205128 0.27180310256410256 0.10112359615384615 0.2766185128205128 0.10272873076923077 0.2830390576923077 0.10754414102564103 0.2894596025641026 0.1131621185897436 0.2926698782051282
22 0.1749598717948718 0.28624933012820514 0.18940609935897437 0.2854467628205128 0.19582664423076923 0.28223649038461535 0.2102728717948718 0.2830390576923077 0.22391653205128206 0.28143392307692305 0.23194221474358975 0.27822364743589745 0.23515248717948717 0.275013375 0.23434991987179488 0.2557517403846154 0.23274478205128205 0.25093633012820515 0.22231139743589742 0.248528625 0.20947030448717952 0.23970037500000002 0.2014446217948718 0.23970037500000002 0.19662921474358974 0.24210808012820514 0.19422150961538462 0.24451578525641027 0.19341893910256408 0.248528625 0.18780096153846154 0.25093633012820515 0.17897271153846153 0.24612091987179488 0.16773675641025643 0.24531835256410256 0.1669341891025641 0.2493311923076923 0.16934189423076923 0.25414660256410254 0.173354733974359 0.2581594423076923 0.17897271153846153 0.26056714743589743 0.1765650096153846 0.2685928301282051 0.1749598717948718 0.28624933012820514
22 0.2680577852564103 0.27421080769230766 0.2728731955128205 0.26939539743589747 0.2776886025641026 0.27260567307692307 0.2889245576923077 0.27260567307692307 0.30337078525641026 0.270197967948718 0.30658106089743586 0.26698769551282053 0.3057784903846154 0.25976458012820514 0.3089887628205128 0.257356875 0.3081861955128205 0.257356875 0.30417335576923077 0.2413055096153846 0.29895666025641027 0.2405029423076923 0.29293740064102564 0.23408239743589745 0.28330658012820514 0.23408239743589745 0.27528089743589745 0.23568753205128204 0.2696629198717949 0.24612091987179488 0.26484751282051283 0.2477260576923077 0.2640449423076923 0.2581594423076923 0.2656500801282051 0.26136971794871794 0.2640449423076923 0.26698769551282053 0.26484751282051283 0.2685928301282051 0.2640449423076923 0.27421080769230766 0.2680577852564103 0.27421080769230766
22 0.3258426955128205 0.25494916987179483 0.32504012820512823 0.2557517403846154 0.32504012820512823 0.2581594423076923 0.3242375608974359 0.25896201282051284 0.32504012820512823 0.26056714743589743 0.32504012820512823 0.26377741987179487 0.3242375608974359 0.2653825576923077 0.3258426955128205 0.26618512499999997 0.3298555384615385 0.26618512499999997 0.3370786506410256 0.2645799903846154 0.33868378846153846 0.26136971794871794 0.34028892307692304 0.26056714743589743 0.33868378846153846 0.25976458012820514 0.33146067307692306 0.2413055096153846 0.33065810576923077 0.2405029423076923 0.3258426955128205 0.2413055096153846 0.3258426955128205 0.24291064743589744 0.3290529679487179 0.24612091987179488 0.3290529679487179 0.2477260576923077 0.3274478333333333 0.2493311923076923 0.3258426955128205 0.25254146474358974 0.3258426955128205 0.25494916987179483
22 0.40609951923076926 0.257356875 0.410112358974359 0.2557517403846154 0.4133226314102564 0.25013376282051286 0.4133226314102564 0.24210808012820514 0.410112358974359 0.23006955448717947 0.4052969487179487 0.22364900961538461 0.40128410897435896 0.22204387499999997 0.38683788141025643 0.22284644230769232 0.37239165384615386 0.22926698717948718 0.3611556987179487 0.22364900961538461 0.35393258333333333 0.22364900961538461 0.3491171762820513 0.22685928205128206 0.3434991987179487 0.23649010256410258 0.33948635576923075 0.248528625 0.344301766025641 0.2565543076923077 0.344301766025641 0.26056714743589743 0.3499197435897436 0.2629748525641026 0.35553772115384613 0.26377741987179487 0.40609951923076926 0.257356875
22 0.6565008012820512 0.4997324775641025 0.6581059391025641 0.49732477243589746 0.6605136442307692 0.48929908974358977 0.6629213493589743 0.48528625000000003 0.6573033717948719 0.4772605673076923 0.6565008012820512 0.47806313461538463 0.6540930993589743 0.47806313461538463 0.6540930993589743 0.47886570512820514 0.6516853942307692 0.48207597756410253 0.6508828237179488 0.4844836826923077 0.6508828237179488 0.49170679487179486 0.6532905288461539 0.49652220512820516 0.6532905288461539 0.49892991025641026 0.6540930993589743 0.4997324775641025 0.6565008012820512 0.4997324775641025
22 0.6781701442307693 0.562332798076923 0.6861958269230769 0.5631353653846154 0.6966292147435897 0.5551096858974359 0.723916532051282 0.5486891378205129 0.7311396474358974 0.5486891378205129 0.7447833076923077 0.5559122532051283 0.7495987147435897 0.5559122532051283 0.7512038525641025 0.5502942756410256 0.7447833076923077 0.5302300705128206 0.7287319423076922 0.5197966826923077 0.7118780096153846 0.5149812724358974 0.7118780096153846 0.5077581602564103 0.719101125 0.49652220512820516 0.7215088269230768 0.4868913846153846 0.7110754423076923 0.46441947435897435 0.7062600320512821 0.4596040673076923 0.6918138044871796 0.454788657051282 0.679775282051282 0.45719636217948717 0.6765650096153846 0.46281433974358976 0.6749598717948718 0.4756554294871795 0.6781701442307693 0.5005350448717949 0.6773675769230769 0.5342429102564102 0.679775282051282 0.5390583205128205 0.6773675769230769 0.5470840032051283 0.6781701442307693 0.562332798076923
16 0.34028892307692304 0.3986088814102564 0.3362760833333333 0.3945960416666666 0.3274478333333333 0.3889780641025641 0.31942215064102564 0.38817549358974357 0.3089887628205128 0.39138576923076923 0.30417335576923077 0.39700374679487177 0.30417335576923077 0.4146602467948718 0.31219903846153846 0.4250936314102564 0.3234349903846154 0.4275013365384615 0.33868378846153846 0.421883358974359 0.3426966282051282 0.40904226923076925 0.34028892307692304 0.3986088814102564
16 0.7487961474358975 0.2926698782051282 0.7375601923076923 0.2926698782051282 0.7287319423076922 0.2990904230769231 0.727929375 0.31433921794871794 0.7303370801282052 0.3183520608974359 0.7439807371794872 0.320759766025641 0.754414125 0.31353665064102565 0.7552166923076923 0.2982878557692308 0.7487961474358975 0.2926698782051282
16 0.6813804166666666 0.2950775801282051 0.6701444615384615 0.29588015064102563 0.6637239166666666 0.3023006955128205 0.6629213493589743 0.3119315128205128 0.6701444615384615 0.31995719551282054 0.6813804166666666 0.3191546282051282 0.688603532051282 0.3119315128205128 0.688603532051282 0.3006955576923077 0.6813804166666666 0.2950775801282051
16 0.4831460673076923 0.3183520608974359 0.4743178173076923 0.3191546282051282 0.47351525000000005 0.32958801602564103 0.4839486346153846 0.34162653846153845 0.4879614775641025 0.34242910576923075 0.49197431730769237 0.3352059935897436 0.49036918269230767 0.3231674679487179 0.4831460673076923 0.3183520608974359
17 0.9293739967948719 0.6241305512820513 0.903691814102564 0.5735687532051282 0.8916532916666667 0.5655430705128205 0.8691813814102565 0.5639379358974359 0.8483146057692307 0.5695559134615384 0.8234349903846154 0.5831995705128206 0.8154093108974358 0.5960406634615385 0.817817016025641 0.6088817564102563 0.8547351538461538 0.6578384166666666 0.8731942211538462 0.6594435512820512 0.9109149262820514 0.6457998942307692 0.9181380416666667 0.6409844839743589 0.9293739967948719 0.6241305512820513
8 0.723916532051282 0.30631353525641025 0.7471910128205128 0.2902621730769231 0.7479935801282052 0.18913857692307692 0.7423756025641025 0.16666666666666666 0.7118780096153846 0.16666666666666666 0.7102728717948718 0.17148207692307693 0.7086677371794872 0.19796682692307693 0.7182985544871795 0.3039058333333333 0.723916532051282 0.30631353525641025
7 0 0.5085607275641026 0.002407705128205128 0.5085607275641026 0.010433387820512821 0.5037453173076923 0.012038522435897437 0.49732477243589746 0.0008025673076923076 0.46762975 0 0.46762975 0 0.5085607275641026
7 0.2536115576923077 0.22284644230769232 0.24799358012820513 0.22525414743589742 0.22311396474358977 0.22525414743589742 0.21669341987179486 0.2284644198717949 0.20626003205128202 0.22685928205128206 0.16292134935897434 0.23247725961538462 0.1484751217948718 0.2316746923076923 0.13723916666666666 0.2413055096153846 0.13643659615384615 0.24451578525641027 0.1332263237179487 0.24371321474358973 0.1332263237179487 0.24692348717948717 0.11396468589743589 0.2477260576923077 0.1051364358974359 0.25334403525641025 0.09470305128205128 0.26939539743589747 0.0971107532051282 0.27180310256410256 0.09309791346153846 0.27340824038461536 0.09951845833333334 0.27421080769230766 0.10433386858974358 0.2910647403846154 0.1067415737179487 0.2926698782051282 0.09871589102564103 0.29748528525641027 0.08667736858974359 0.296682717948718 0.07945425320512821 0.2918673076923077 0.07624398076923078 0.2886570352564103 0.07463884294871795 0.2806313525641026 0.07624398076923078 0.27421080769230766 0.05377207051282051 0.25414660256410254 0.04975923076923077 0.25334403525641025 0.04975923076923077 0.2557517403846154 0.04253611538461538 0.25334403525641025 0.036115570512820515 0.2565543076923077 0.02568218269230769 0.25494916987179483 0.02166934294871795 0.2581594423076923 0.028892455128205128 0.25976458012820514 0.024879615384615385 0.26377741987179487 0.027287320512820512 0.26698769551282053 0.02166934294871795 0.2685928301282051 0.020866772435897435 0.2766185128205128 0.015248794871794872 0.2806313525641026 0.018459070512820513 0.27982878525641025 0.018459070512820513 0.2830390576923077 0.02247191025641026 0.28223649038461535 0.02808988782051282 0.2854467628205128 0.02247191025641026 0.28624933012820514 0.02166934294871795 0.2886570352564103 0.024879615384615385 0.296682717948718 0.024077048076923076 0.3031032628205128 0.012841092948717948 0.3079186730769231 0.012841092948717948 0.3103263782051282 0.017656500000000002 0.3159443557692308 0.02568218269230769 0.3159443557692308 0.02808988782051282 0.3103263782051282 0.03290529807692308 0.3111289455128205 0.039325842948717944 0.30711610576923076 0.04494382051282052 0.3111289455128205 0.04173354807692308 0.31353665064102565 0.05377207051282051 0.31353665064102565 0.05296950320512821 0.3079186730769231 0.0569106858974359 0.3075603846153846 0.05617977564102564 0.3039058333333333 0.07383627564102564 0.2990904230769231 0.08105939102564103 0.2982878557692308 0.08587479807692307 0.3031032628205128 0.09470305128205128 0.2990904230769231 0.11075441346153846 0.2998929903846154 0.10914927884615384 0.30470840064102567 0.10032102884615385 0.30551096794871796 0.09871589102564103 0.3087212403846154 0.10272873076923077 0.3087212403846154 0.09951845833333334 0.31273408333333336 0.09470305128205128 0.3103263782051282 0.09149277564102565 0.31273408333333336 0.08988764102564104 0.3103263782051282 0.09229534615384614 0.3087212403846154 0.0882825032051282 0.30470840064102567 0.08667736858974359 0.30711610576923076 0.09069020833333334 0.3087212403846154 0.08587479807692307 0.3119315128205128 0.08025682051282051 0.3103263782051282 0.07667392948717949 0.3131926923076923 0.08266452564102564 0.3175494903846154 0.07704654807692309 0.3183520608974359 0.07945425320512821 0.31995719551282054 0.07784911858974358 0.32236490064102563 0.07544141346153846 0.31995719551282054 0.06661316346153846 0.31995719551282054 0.06420545833333333 0.32236490064102563 0.05939004807692308 0.320759766025641 0.06260032051282052 0.32236490064102563 0.05939004807692308 0.3255751730769231 0.0706260032051282 0.3319957211538462 0.0714285705128205 0.32718031089743593 0.07704654807692309 0.3231674679487179 0.07945425320512821 0.3239700384615385 0.07865168589743589 0.32718031089743593 0.08266452564102564 0.3231674679487179 0.09149277564102565 0.3231674679487179 0.09149277564102565 0.31433921794871794 0.1131621185897436 0.31433921794871794 0.12359550641025642 0.3255751730769231 0.12841091346153846 0.3247726057692308 0.12199036858974359 0.3231674679487179 0.12680577884615385 0.3183520608974359 0.12439807371794871 0.3167469230769231 0.12680577884615385 0.31353665064102565 0.12921348397435897 0.3159443557692308 0.1332263237179487 0.31353665064102565 0.13483146153846154 0.3159443557692308 0.1316211891025641 0.3183520608974359 0.13804173397435898 0.320759766025641 0.1404494391025641 0.3103263782051282 0.1508828237179487 0.3111289455128205 0.1581059391025641 0.3079186730769231 0.1653290544871795 0.3119315128205128 0.16372391666666666 0.3159443557692308 0.1685393269230769 0.3183520608974359 0.173354733974359 0.3159443557692308 0.17014446153846152 0.31353665064102565 0.17255216666666667 0.3111289455128205 0.17094703205128203 0.3079186730769231 0.17897271153846153 0.3079186730769231 0.17897271153846153 0.3111289455128205 0.18619582692307693 0.30711610576923076 0.19743178205128206 0.31353665064102565 0.20304975961538463 0.3087212403846154 0.2022471923076923 0.30551096794871796 0.20626003205128202 0.30631353525641025 0.21669341987179486 0.3006955576923077 0.2182985544871795 0.3023006955128205 0.21589084935897437 0.3039058333333333 0.21990369230769233 0.3039058333333333 0.22471910256410255 0.30952381089743586 0.23996789743589744 0.2982878557692308 0.2463884423076923 0.3023006955128205 0.23916533012820515 0.30631353525641025 0.24799358012820513 0.30711610576923076 0.24719101282051284 0.3031032628205128 0.25280898717948713 0.3039058333333333 0.2584269647435897 0.3006955576923077 0.25922953525641024 0.3039058333333333 0.2624398076923077 0.3039058333333333 0.2664526474358974 0.2998929903846154 0.26484751282051283 0.296682717948718 0.272070625 0.29588015064102563 0.272070625 0.2998929903846154 0.2817014455128205 0.2998929903846154 0.2857142852564103 0.2950775801282051 0.2945425352564103 0.2950775801282051 0.2993579455128205 0.2910647403846154 0.30417335576923077 0.2950775801282051 0.30256821794871797 0.29748528525641027 0.3073836282051282 0.29748528525641027 0.3130016057692308 0.2910647403846154 0.317817016025641 0.2934724455128205 0.31942215064102564 0.28705190064102565 0.3242375608974359 0.28785446794871794 0.3370786506410256 0.283841625 0.34590690064102564 0.28624933012820514 0.34831460576923073 0.27822364743589745 0.35393258333333333 0.27902621794871796 0.36597110897435897 0.275013375 0.3916532916666666 0.2766185128205128 0.3972712692307692 0.27260567307692307 0.40048154166666666 0.27421080769230766 0.4181380416666667 0.2685928301282051 0.42857142948717947 0.270197967948718 0.4349919743589744 0.26618512499999997 0.4422150897435897 0.26618512499999997 0.4494382019230769 0.28143392307692305 0.4510433397435898 0.3159443557692308 0.4590690224358974 0.38175494871794874 0.46308186217948716 0.3849652211538462 0.47191011217948714 0.3849652211538462 0.49759229487179485 0.3809523814102564 0.49598716025641026 0.36570358333333336 0.48635633974358977 0.3464419487179487 0.49117175 0.33440342307692306 0.48475120512820513 0.33279828846153847 0.4839486346153846 0.3303905833333333 0.4799357948717949 0.33440342307692306 0.4799357948717949 0.32236490064102563 0.4727126794871795 0.31353665064102565 0.46869983974358975 0.26698769551282053 0.4638844294871795 0.2557517403846154 0.47030497435897434 0.25093633012820515 0.469502407051282 0.25093633012820515 0.4654895673076923 0.2388978076923077 0.45345104487179494 0.23006955448717947 0.4454253621794872 0.22685928205128206 0.4422150897435897 0.230872125 0.43900481410256414 0.2284644198717949 0.4317817019230769 0.2316746923076923 0.4205457467948718 0.230872125 0.4117174967948718 0.21722846474358976 0.4073033717948718 0.21722846474358976 0.3780096314102564 0.21883359935897437 0.3691813814102564 0.22364900961538461 0.35553772115384613 0.21963616987179485 0.3491171762820513 0.22364900961538461 0.3298555384615385 0.22525414743589742 0.3009630833333333 0.21803103205128208 0.2536115576923077 0.22284644230769232
10 0.5537720705128205 0.45880149679487175 0.5930979134615385 0.4531835192307692 0.6035313012820512 0.45559122435897437 0.6404494391025641 0.4499732467948718 0.6565008012820512 0.45719636217948717 0.659711076923077 0.47966827243589744 0.6556982339743589 0.5109684326923077 0.6589085064102564 0.542268592948718 0.6508828237179488 0.5583199583333334 0.6268057788461538 0.575173891025641 0.6211878012820513 0.5848047083333333 0.6260032115384616 0.5944355256410256 0.6556982339743589 0.6080791858974359 0.6556982339743589 0.6185125737179487 0.6332263237179487 0.6634563942307692 0.6372391666666667 0.6803103269230769 0.6548956666666667 0.6843231666666666 0.6749598717948718 0.6722846442307693 0.7030497596153846 0.6706795064102564 0.7062600320512821 0.6634563942307692 0.7728731955128205 0.6530230064102565 0.7881219903846154 0.6634563942307692 0.8009630833333333 0.6642589615384615 0.8065810608974359 0.6730872115384615 0.8322632435897436 0.6843231666666666 0.8475120384615386 0.6795077596153846 0.8523274487179489 0.658640983974359 0.8434991987179487 0.6514178717948719 0.8105939006410257 0.5984483685897436 0.8009630833333333 0.5888175480769231 0.8138041730769231 0.4531835192307692 0.8279831474358974 0.4403424294871795 0.9093097916666667 0.43392188461538456 0.9093097916666667 0.4250936314102564 0.9181380416666667 0.41546281410256414 0.9285714294871795 0.4178705192307692 0.9446227916666666 0.4058319967948718 0.984751205128205 0.4066345641025641 0.984751205128205 0.3994114487179487 0.9959871602564103 0.3889780641025641 0.9991974326923077 0.3905831987179487 0.9991974326923077 0.3769395384615385 0.9598715897435898 0.35045478846153844 0.9574638846153846 0.3520599262820513 0.9173354743589743 0.33360085576923076 0.9149277692307692 0.3247726057692308 0.8804173365384614 0.3111289455128205 0.8715890865384615 0.3111289455128205 0.5842696634615384 0.338416266025641 0.5674157307692307 0.34804708333333334 0.5666131634615384 0.3528624935897436 0.5577849102564103 0.3584804711538461 0.5537720705128205 0.3568753333333334 0.5425361153846153 0.36490101602564107 0.5385232756410256 0.37613697115384614 0.5425361153846153 0.38336008653846154 0.5345104326923077 0.39299090384615387 0.50882825 0.4058319967948718 0.4967897275641025 0.40342429166666666 0.4799357948717949 0.4066345641025641 0.43900481410256414 0.4210807916666667 0.43579454166666665 0.430711608974359 0.4301765641025641 0.4347244519230769 0.43418940705128206 0.4363295865384615 0.4422150897435897 0.4652220448717949 0.5345104326923077 0.45719636217948717 0.5537720705128205 0.45880149679487175
9 0.7744783301282051 0.5984483685897436 0.7784911730769232 0.6048689134615385 0.7688603525641026 0.6297485288461538 0.7479935801282052 0.6361690737179487 0.7447833076923077 0.6401819166666667 0.7182985544871795 0.6441947564102565 0.7054574647435897 0.6698769391025642 0.7062600320512821 0.6875334391025641 0.736757625 0.8336008557692307 0.8980738365384615 0.8336008557692307 0.8980738365384615 0.8119315128205128 0.8451043333333333 0.6490101666666667 0.7752808974358975 0.5382557532051282 0.7680577852564102 0.5366506153846153 0.7415730352564103 0.5053504551282051 0.7383627596153846 0.50294275 0.7335473525641025 0.5053504551282051 0.736757625 0.5173889775641026 0.7512038525641025 0.5342429102564102 0.7552166923076923 0.5567148205128205 0.7648475128205128 0.5647405032051283 0.7728731955128205 0.5799892980769231 0.7744783301282051 0.5984483685897436