16 0.534599032051282 0.7781967051282052 0.5447339134615385 0.7783466474358974 0.5420743044871795 0.7757782948717948 0.5345248878205128 0.7739489871794871 0.5309363685897436 0.7743384711538461 0.5306438429487179 0.776304657051282 0.534599032051282 0.7781967051282052
18 0.2705008365384615 0.5906204230769231 0.2740095128205128 0.5856564711538461 0.27520813782051284 0.5794254519230769 0.27279138141025644 0.5533198621794871 0.27006333012820516 0.5468305384615385 0.26273229807692305 0.5387873237179487 0.24389665705128208 0.5270227532051281 0.22152953205128206 0.5189151506410256 0.2169493621794872 0.5186682499999999 0.20683729807692308 0.5198252948717949 0.16877892948717949 0.5302950224358974 0.1548542564102564 0.5377287147435897 0.14485055448717948 0.545093967948718 0.14134758333333333 0.5503846698717949 0.13670872435897438 0.565500608974359 0.13629477564102563 0.5792354166666667 0.13939354487179487 0.6069633365384615 0.14220714423076922 0.618353875 0.1451935032051282 0.6209165256410256 0.14926846474358976 0.6296702692307692 0.19872547115384614 0.6543010737179487 0.21369882692307693 0.6507712435897436 0.2568596826923077 0.6330218141025641 0.2704176826923077 0.6233065897435898 0.27265358653846156 0.6203259358974359 0.27528633012820514 0.6026302371794872 0.2742433493589744 0.5990531217948718 0.27063771794871794 0.5984623653846154 0.2705008365384615 0.5906204230769231
18 0.554703733974359 0.5068894743589744 0.5553058974358974 0.5039373397435898 0.5536208301282052 0.5010251282051282 0.5570610608974359 0.4921402051282051 0.5612802628205128 0.4904323237179487 0.5648801891025641 0.49069633012820507 0.5606153621794872 0.48979023397435895 0.5612004134615385 0.48585785576923074 0.5595267532051282 0.48359913782051284 0.5604727756410256 0.48162154166666665 0.5689282884615385 0.4791860224358974 0.5676514711538462 0.46221225641025643 0.5486829967948719 0.4615628108974359 0.5417471538461539 0.45743486538461536 0.5413576698717949 0.4538463429487179 0.5436049807692308 0.4515191858974359 0.5360270480769231 0.44805614102564106 0.5285061506410257 0.44786057051282047 0.5239659038461538 0.44990090384615383 0.50436675 0.45056985897435897 0.5001418429487179 0.4519509903846154 0.4950165416666667 0.45792370192307696 0.4964033814102565 0.4624753557692308 0.5106075192307693 0.47105229487179484 0.5139605480769232 0.47589647435897436 0.5153245737179487 0.47914113782051276 0.5144070641025641 0.4827524711538462 0.516274641025641 0.4961206057692307 0.5187272756410256 0.5055563621794872 0.5207276826923077 0.5078093782051282 0.5226995769230769 0.5084286506410256 0.5337747756410257 0.5062742467948718 0.5383663525641026 0.5071746442307692 0.5400457179487179 0.509760108974359 0.543932467948718 0.5077311794871795 0.554703733974359 0.5068894743589744
18 0.6220170480769232 0.46845393910256405 0.6229630705128205 0.46647634615384614 0.6199653076923077 0.4632601987179487 0.619249076923077 0.4596773814102564 0.6148872916666667 0.4532165737179487 0.5998528493589743 0.43452186538461535 0.5942125897435897 0.42971760576923074 0.5844272692307693 0.43086895512820517 0.5805519262820513 0.433551375 0.5584528621794872 0.4408009038461538 0.5525542948717949 0.43992332371794873 0.545721108974359 0.4416768333333333 0.5434452852564102 0.44237025320512824 0.5516595993589744 0.44484165064102565 0.5523359102564103 0.44613723397435895 0.5539297243589744 0.44382148076923084 0.5588024230769231 0.44210219551282054 0.5682895096153846 0.4425902884615384 0.5973740961538462 0.4610397532051282 0.596846076923077 0.46823960576923074 0.5986281025641025 0.47670652564102567 0.6024920384615385 0.473370608974359 0.608075266025641 0.47490739102564106 0.6132975256410257 0.4744893910256411 0.6230429166666667 0.4710508108974359 0.6220170480769232 0.46845393910256405
22 0.6090726185897436 0.47587052564102567 0.6204289358974359 0.4710964391025641 0.6164965608974359 0.47051138141025645 0.581955875 0.43908326923076924 0.5822426987179486 0.43679033333333334 0.5805633333333333 0.4342048685897436 0.5753981089743591 0.43789034935897436 0.5636808205128205 0.44070965064102563 0.5600637852564103 0.4394653974358974 0.5554950224358974 0.43987199358974355 0.5509661826923077 0.4425658205128205 0.5415247211538462 0.4446917051282051 0.5422466602564102 0.4486012692307692 0.5458808044871795 0.450825766025641 0.5524442756410257 0.4523454391025641 0.5655027724358975 0.4514638044871795 0.5694636698717949 0.4536825993589743 0.5708847275641026 0.460194733974359 0.5634550833333334 0.46522712820512824 0.5612705096153846 0.4711485096153846 0.5625473301282051 0.48812227564102567 0.5638885416666667 0.4900599487179487 0.5674884647435897 0.49032395833333337 0.5807881634615385 0.48453540705128206 0.6067796826923076 0.4755836987179487 0.6090726185897436 0.47587052564102567
22 0.43371660256410255 0.5599894711538461 0.4371853525641025 0.5527382852564102 0.4416742692307692 0.5477572243589743 0.4433194134615384 0.548382201923077 0.44621451602564105 0.545716891025641 0.4455382051282052 0.5444213076923077 0.45672912499999996 0.5301715416666667 0.45496420833333334 0.5226848653846153 0.4499603333333333 0.5168889551282051 0.44187314423076923 0.5029756923076923 0.4335732788461539 0.49560308333333336 0.42851807051282054 0.48686644551282054 0.41783401282051286 0.47397905128205126 0.4142454903846154 0.47436853525641026 0.411384608974359 0.47899433333333336 0.38050328205128203 0.48868508974358976 0.36847065384615385 0.4921635929487179 0.3622567467948718 0.4919452083333334 0.35217319551282056 0.4947359935897436 0.3431098173076923 0.49979690384615383 0.3209480096153846 0.5034522115384615 0.30732727243589747 0.5095732115384616 0.30445498397435894 0.5135455128205129 0.30329058012820515 0.521737016025641 0.304284625 0.5599607852564102 0.3057113878205128 0.5667996698717949 0.3083824006410257 0.5700215192307692 0.3210913397435897 0.5678385993589743 0.32535616666666667 0.5687447019230769 0.3288118557692308 0.5794703397435897 0.32558430448717945 0.5818146057692308 0.32596808653846154 0.5850763782051283 0.3354779871794872 0.5868714647435898 0.3365095608974359 0.5897950833333333 0.3464260544871795 0.5961589326923077 0.36788303525641025 0.5895743012820512 0.42987548076923077 0.5646323782051282 0.43371660256410255 0.5599894711538461
22 0.45746081730769234 0.5533649166666667 0.46786541025641026 0.5502416794871794 0.5090771826923076 0.5331799679487179 0.5281955993589744 0.5236945352564103 0.5293828173076923 0.5168100224358975 0.5267061025641026 0.513261423076923 0.5244245705128205 0.5136280961538462 0.5212198301282052 0.5172793525641025 0.515366891025641 0.5190157532051283 0.5100933044871795 0.5164930256410256 0.5068315288461539 0.5168768076923077 0.5054047692307692 0.5100379198717949 0.5125589935897436 0.5079519615384616 0.5134936089743589 0.5053208685897436 0.5130870128205128 0.5007521057692308 0.5114076474358975 0.4981666442307692 0.512347967948718 0.4958623012820513 0.5106686025641026 0.4932768333333334 0.5128588782051282 0.48768220192307693 0.5114435224358974 0.48149681089743585 0.4950947371794872 0.4811284871794872 0.4815783141025641 0.474500625 0.480856375 0.4705910608974359 0.4772165256410257 0.46803981730769234 0.4736108942307693 0.46744906089743593 0.4706986826923077 0.4691341282051282 0.4618765 0.4692881217948718 0.4592111891025641 0.46639301923076926 0.4589300673076923 0.4690127019230769 0.45410869871794873 0.4736727211538461 0.44431197435897435 0.47417057051282047 0.44279800961538457 0.4810607852564103 0.44918301602564104 0.4910815961538461 0.45415837500000006 0.4952437692307692 0.46358677564102563 0.5110947051282051 0.4694454198717949 0.5096850544871795 0.47178968910256414 0.5129126057692307 0.4706024679487179 0.5197971185897436 0.4719550865384616 0.5223882884615384 0.4720406378205128 0.5272895 0.4669438525641026 0.5348959487179488 0.4566362179487179 0.5435738974358975 0.4521758173076923 0.5501886955128205 0.45253678846153844 0.5521434775641025 0.45746081730769234 0.5533649166666667
22 0.6534019294871795 0.4688866570512821 0.6641960064102564 0.4693519391025641 0.6746291153846153 0.46786243910256414 0.6881471955128204 0.455859983974359 0.6884112051282052 0.45226005448717954 0.6851152115384616 0.45068334935897436 0.6828336826923077 0.4510500224358975 0.6817964038461539 0.44779965705128205 0.6895813141025641 0.44439530128205124 0.6897027403846153 0.4326266794871795 0.6849343557692308 0.42159711217948714 0.6746968173076923 0.4155657115384615 0.6658518173076923 0.4144127147435897 0.6547481025641025 0.414933375 0.6427154743589744 0.41841187820512826 0.6280289423076924 0.41964877564102565 0.6195791314102563 0.42241104487179487 0.6121665961538462 0.42842367948717947 0.6096153557692308 0.43206353205128206 0.6184432435897437 0.4322362852564102 0.624393141025641 0.4360545961538462 0.6254418269230769 0.4399584551282052 0.6245186153846154 0.44324304166666667 0.6256072243589744 0.44943413782051284 0.6240191121794871 0.4520766346153846 0.6247239358974359 0.45500595512820513 0.629017282051282 0.45754579487179486 0.6421042980769232 0.45829790064102566 0.6463862371794872 0.4601842435897436 0.6461507435897436 0.46541790705128205 0.6503756506410256 0.4640367724358974 0.6534019294871795 0.4688866570512821
18 0.6247410480769231 0.45598620192307693 0.6293668461538462 0.45884708012820513 0.6321478782051282 0.4496468173076923 0.6237510544871795 0.4367194967948718 0.6151415448717948 0.43033283333333333 0.6112034647435898 0.42942103205128207 0.6076320544871795 0.4307907564102564 0.6076890865384615 0.43405823397435894 0.6137473493589743 0.44408475 0.6200411057692308 0.44887759935897437 0.6247410480769231 0.45598620192307693
16 0.5591380096153846 0.5362283173076923 0.5624967403846154 0.5413992467948717 0.5733307435897436 0.5441517628205128 0.5857414487179486 0.5436082852564103 0.5896110897435898 0.5405991153846154 0.5908667467948718 0.5376355737179487 0.5919570128205128 0.5251963525641026 0.5911723365384616 0.5176925641025641 0.589831125 0.5157548942307693 0.5868846955128205 0.5154794743589743 0.571286358974359 0.5206544551282051 0.5635071538461539 0.5243855576923077 0.5586914935897436 0.5293723237179487 0.5591380096153846 0.5362283173076923
16 0.7856327948717949 0.5169130224358974 0.7987312147435898 0.5183186217948718 0.8039420673076924 0.517247125 0.8084537980769231 0.5135730544871795 0.8117685512820513 0.49749968269230765 0.8094071762820513 0.49329188782051286 0.8041050705128205 0.48913542628205126 0.7959021602564103 0.4873175224358975 0.7857843878205129 0.4881478269230769 0.781576592948718 0.4905092019230769 0.7780793269230769 0.49612664743589746 0.7783131666666667 0.5095233012820513 0.7856327948717949 0.5169130224358974
16 0.8710011249999999 0.5016953301282051 0.8681630576923077 0.5076281185897437 0.8679389711538462 0.5135152788461539 0.8696753717948718 0.5193682179487179 0.8753213365384616 0.5244992243589743 0.8835299487179487 0.5266438717948717 0.8975743942307692 0.526071875 0.9045860352564102 0.5158172275641026 0.9057846602564101 0.5095862083333333 0.9043521955128205 0.5024205737179488 0.9006724230769231 0.49758209615384613 0.893753685897436 0.494434391025641 0.8891678141025642 0.4938607467948718 0.8832863557692309 0.493963407051282 0.8767970320512821 0.4966914551282052 0.8710011249999999 0.5016953301282051