21 0.04918770512820513 0.6351361826923076 0.13499290384615387 0.6396330416666667 0.1377390705128205 0.5872330448717948 0.0519338717948718 0.5827361826923078 0.04918770512820513 0.6351361826923076
21 0.37729953525641025 0.5407181602564103 0.3710978044871795 0.5363747916666667 0.36228165384615385 0.5359127564102564 0.3426683846153846 0.5421178974358974 0.3374781378205128 0.533809189102564 0.32971547435897436 0.5285803461538462 0.3170599935897436 0.524702423076923 0.31305265064102566 0.524492407051282 0.3016640801282051 0.5271102371794871 0.2963932371794872 0.5356743685897436 0.29677467307692307 0.5437310544871795 0.30491877564102565 0.5570165865384615 0.3142423717948718 0.5631309006410257 0.3335616185897436 0.5625360384615384 0.3373623525641026 0.5820232980769231 0.34407153205128205 0.5920189455128205 0.3584559583333333 0.5935764743589744 0.37646628846153846 0.587287326923077 0.3812716891025641 0.5722694455128206 0.38185973397435896 0.561048891025641 0.38097085256410257 0.5473399230769231 0.37729953525641025 0.5407181602564103
21 0.5232599935897435 0.5162208365384615 0.5259618269230769 0.5260064711538462 0.5343999487179487 0.5336817179487179 0.5391667532051282 0.5347352083333333 0.5513987980769232 0.5313579134615385 0.5575971185897436 0.5204313782051282 0.5542198237179488 0.5081993397435897 0.5433772948717949 0.5003980769230769 0.5426178301282051 0.4995546057692308 0.5271799198717948 0.5027638878205128 0.5257904038461538 0.5139424391025641 0.5232599935897435 0.5162208365384615
16 0.4426113557692308 0.5210740801282051 0.4458235320512821 0.5137610608974359 0.4456953108974359 0.5119292083333333 0.44694471474358977 0.5084225769230769 0.4422242756410256 0.4983115512820513 0.4390604038461539 0.49734207051282053 0.4350530641025641 0.49713205448717945 0.4277978429487179 0.4975554935897436 0.42092406410256406 0.5060356217948718 0.42054603525641027 0.5132488365384615 0.4289421538461538 0.5217255544871795 0.4426113557692308 0.5210740801282051
21 0.10520117628205128 0.5497645064102564 0.10912451282051282 0.5515774583333333 0.12359294551282052 0.5515320480769231 0.12865377564102565 0.5469752564102565 0.1291578141025641 0.5373576378205128 0.12147915705128205 0.530525858974359 0.11586887820512821 0.5302318365384615 0.10696872115384615 0.5313727371794872 0.10194989423076924 0.5351280608974359 0.10152986217948717 0.5431427467948717 0.10520117628205128 0.5497645064102564
16 0.3938455608974359 0.5166715416666667 0.4004673237179487 0.5130002243589744 0.4003379070512821 0.5001347275641026 0.3933767083333333 0.49494788782051286 0.38856790064102564 0.4946958717948718 0.38203014423076925 0.49676424999999996 0.3769273141025641 0.5021225096153846 0.37794220512820514 0.5134270737179487 0.385788875 0.5170529775641025 0.3938455608974359 0.5166715416666667
21 0.26439253525641027 0.5331936153846153 0.2710563044871795 0.5287208301282051 0.27151833974358974 0.5199046762820513 0.2670455544871795 0.5132409134615384 0.2622367435897436 0.5129888942307692 0.25498152564102566 0.5134123333333334 0.24907722435897434 0.5187285897435897 0.24772971474358974 0.5291056730769231 0.2523705128205128 0.5325635673076923 0.26439253525641027 0.5331936153846153
21 0.15991104166666667 0.5486133814102564 0.1591969871794872 0.562238342948718 0.15392614102564103 0.5708024743589744 0.15666998076923078 0.579786641025641 0.16827197115384615 0.5884313685897435 0.1786910608974359 0.5889774102564103 0.1909651057692308 0.5847986506410257 0.1974154455128205 0.5690633044871795 0.19091628846153846 0.5550603141025642 0.19196977243589744 0.5502935064102564 0.2008279262820513 0.5499540737179487 0.2044572435897436 0.5573773076923078 0.20112535576923077 0.5596136987179486 0.21458230769230768 0.563533625 0.21559719871794875 0.5748381891025641 0.22243238461538462 0.5824294294871795 0.2249242051282051 0.596222407051282 0.23635818589743587 0.6080730096153847 0.2449643205128205 0.6125423878205128 0.25534140705128205 0.6138898974358974 0.2733517371794872 0.60760075 0.2802255192307692 0.599120625 0.2804775384615385 0.5943118141025641 0.2789131955128205 0.5781564391025641 0.2745244198717949 0.5698897371794872 0.2650748108974359 0.566179826923077 0.2613194903846154 0.561161 0.25419027884615386 0.5591800320512821 0.24803055448717948 0.5540351987179487 0.2438131987179487 0.5578325256410256 0.24444665064102564 0.5610804006410256 0.23432158653846152 0.5549240801282052 0.23326809935897436 0.5596908878205128 0.22390590705128205 0.5696479423076922 0.21846364102564103 0.5661480480769231 0.2194331217948718 0.5629841730769231 0.21567779807692306 0.5579653525641026 0.21837622435897436 0.5524810833333333 0.22816185897435895 0.5497792467948718 0.22934135576923076 0.5426080352564103 0.23997045833333333 0.539146733974359 0.24435582692307692 0.5321435352564102 0.24473385576923073 0.5249303205128205 0.2370131955128205 0.5189000128205128 0.23300585576923077 0.5186899967948718 0.22490716346153847 0.5198728974358975 0.21824340064102565 0.5243456858974359 0.2162624326923077 0.531474891025641 0.21997575320512822 0.5372951858974359 0.21736133333333335 0.5411765192307693 0.21107559615384616 0.5384360897435898 0.20997669871794875 0.5287344647435896 0.20381697115384617 0.5235896282051282 0.19432535897435896 0.5206811826923077 0.18276877564102564 0.5265048846153846 0.18576463461538462 0.5306802403846154 0.1845431346153846 0.538652923076923 0.16585734615384615 0.5424956570512821 0.15991104166666667 0.5486133814102564
17 0.1286219935897436 0.5935864294871795 0.11621853525641025 0.5848996955128205 0.09685728525641026 0.5862960256410257 0.08255686538461539 0.5831355608974359 0.07158832692307691 0.5777387083333334 0.06711554166666667 0.5710749423076924 0.06070379807692308 0.5707389166666667 0.055093519230769224 0.5704448942307692 0.05184564102564103 0.5710783493589744 0.0500326891025641 0.5750016858974359 0.04872718269230769 0.5845773012820512 0.05298995192307693 0.5952484102564102 0.04670762179487179 0.6077778782051282 0.050252929487179486 0.616804048076923 0.05784758012820513 0.6252387628205128 0.06717117628205128 0.6313530769230769 0.08729189423076923 0.6308002243589744 0.09585602564102565 0.6360710673076923 0.10547364423076924 0.6365751057692308 0.12521292307692308 0.6279655608974358 0.13592262500000002 0.6076314230769231 0.1286219935897436 0.5935864294871795
17 0.23217601602564103 0.5805290641025641 0.2311259358974359 0.6005657756410256 0.23403778846153847 0.6063440641025641 0.24892966025641025 0.6135538717948718 0.26921838461538466 0.609795141025641 0.2793820480769231 0.5998800897435898 0.27676081089743587 0.5732216185897436 0.2583270416666667 0.5722555480769231 0.2573575608974359 0.5754194166666666 0.24794995512820514 0.5709080384615385 0.24714848717948718 0.5708660352564103 0.24424004166666669 0.5803576442307692 0.23217601602564103 0.5805290641025641
17 0.2263523141025641 0.5689724807692308 0.2264783237179487 0.5665680801282051 0.2340275641025641 0.560534358974359 0.25102641025641026 0.5582105512820512 0.2520798974358974 0.5534437435897436 0.24511870192307691 0.5482569102564102 0.2315357435897436 0.5467413846153847 0.23094429166666666 0.5426920416666666 0.2185408301282051 0.5340053044871795 0.2190448685897436 0.5243876858974359 0.21824340064102565 0.5243456858974359 0.21613642307692307 0.5338792980769231 0.20732027243589743 0.5334172628205128 0.19816809615384615 0.5393669743589744 0.1929812564102564 0.5463281698717949 0.19011141025641026 0.5397484102564102 0.184417125 0.5410573237179488 0.19213778525641026 0.5470876346153846 0.1933206923076923 0.5551863237179487 0.19939641346153847 0.5619340961538462 0.21285336217948717 0.5658540256410257 0.21707412499999998 0.5773265993589743 0.22905415064102563 0.5787581153846154 0.23107711538461537 0.5708274391025642 0.2263523141025641 0.5689724807692308
17 0.08284407051282051 0.5469854807692308 0.0859659391025641 0.5487564326923077 0.09490809935897436 0.5468140608974359 0.10001092948717949 0.5414558012820513 0.10600264743589743 0.5498065096153847 0.10874307692307693 0.5435207756410256 0.10751816987179486 0.5362235512820513 0.09380579487179487 0.5218425320512821 0.09220285576923078 0.5217585256410257 0.08237522115384616 0.525261830128205 0.08073368910256411 0.5412491923076923 0.08284407051282051 0.5469854807692308
17 0.30033600961538465 0.5527580641025641 0.30430134935897435 0.553769548076923 0.30514141346153845 0.5377401826923077 0.3118891826923077 0.5316644615384616 0.32256029166666667 0.5274016923076923 0.3162745544871795 0.5246612596153846 0.31551508974358977 0.5238177916666666 0.3049699935897436 0.5256761538461538 0.2974627532051282 0.5309084038461538 0.2961152467948718 0.5412854871794871 0.30033600961538465 0.5527580641025641
17 0.018390580128205127 0.5500369743589744 0.02201989423076923 0.5574602051282052 0.023199387820512823 0.5502889935897436 0.02011952564102564 0.547716576923077 0.02285995512820513 0.5414308365384616 0.01686824358974359 0.5330801314102563 0.016108778846153846 0.5322366570512821 0.00632314423076923 0.5349384903846154 0.004258173076923077 0.543670641025641 0.008013493589743589 0.5486894647435897 0.018390580128205127 0.5500369743589744
17 0.19997764102564103 0.5201737371794872 0.19061204166666665 0.514860891025641 0.18820763461538462 0.5147348814102565 0.1800249391025641 0.5175207211538462 0.17736851282051283 0.5222035224358975 0.17783395833333332 0.5286572724358974 0.189855983974359 0.5292873205128205 0.19263841666666667 0.5222001153846154 0.19997764102564103 0.5201737371794872
17 0.03665974679487179 0.5694788205128205 0.03375130448717949 0.5789704326923077 0.03809807692307692 0.5880386025641026 0.04459383333333333 0.5867716923076923 0.04227343269230769 0.5850427467948718 0.04484585256410256 0.5819628814102564 0.04066708974358974 0.5696888365384616 0.03665974679487179 0.5694788205128205
17 0.2651940064102564 0.5332356185897437 0.2710143012820513 0.5295222980769231 0.27160234615384615 0.5183017435897437 0.26628608974358975 0.5123974423076922 0.2606758108974359 0.5121034198717949 0.25173364743589743 0.5140457916666666 0.2482757564102564 0.5186865865384616 0.24777171794871797 0.5283042083333334 0.2523285096153846 0.5333650352564102 0.2651940064102564 0.5332356185897437
21 0.06481097756410256 0.5412949294871795 0.06508575961538463 0.5484658173076923 0.0698525673076923 0.5495193012820513 0.06934512179487179 0.5438670224358975 0.06481097756410256 0.5412949294871795
16 0.37399390705128205 0.5887650961538461 0.37652432051282053 0.5864866987179487 0.38132972115384617 0.5714688173076923 0.3806508557692308 0.5537525064102564 0.37841446474358975 0.550420625 0.3793839423076923 0.5472567564102564 0.3772315576923077 0.5423219358974359 0.3718312948717949 0.5380205737179486 0.3541569903846154 0.5378979711538461 0.34593228846153845 0.5414852820512821 0.342390391025641 0.5477290160256411 0.33741016025641024 0.535412967948718 0.3335708333333333 0.531997076923077 0.326483625 0.5292146442307692 0.32087334615384616 0.5289206217948718 0.3110457147435897 0.5324239262820513 0.30682835256410257 0.53622125 0.3042139358974359 0.5401025833333334 0.3035418846153846 0.5529260769230769 0.3134989358974359 0.5622882692307692 0.3223150865384615 0.5627503012820513 0.3287688397435898 0.5622848621794871 0.33129925 0.5600064647435897 0.3328601858974359 0.5608919423076923 0.33589804487179487 0.5642658269230769 0.3381378461538462 0.582867608974359 0.3456904935897436 0.5921037916666666 0.3552661121794872 0.5934093012820513 0.37399390705128205 0.5887650961538461
16 0.7052284871794872 0.4944142852564103 0.7406611057692307 0.49305655448717944 0.7488438044871795 0.4902707115384615 0.7493058397435898 0.4814545608974359 0.7409517211538462 0.472176375 0.7193960833333334 0.4694393525641026 0.7161902083333334 0.4692713397435897 0.7096944583333333 0.47053825 0.7012177403846154 0.4789343717948718 0.7008397115384616 0.4861475833333333 0.7052284871794872 0.4944142852564103
16 0.6719482564102564 0.5007068397435896 0.679371483974359 0.49707752884615386 0.6798755224358974 0.48745990705128206 0.6716054134615385 0.47657878525641023 0.6659951346153846 0.4762847628205128 0.6537630929487179 0.47966205448717947 0.6511486730769231 0.48354338782051276 0.6497591602564103 0.49472193910256407 0.6542319455128205 0.5013857083333334 0.6719482564102564 0.5007068397435896
16 0.5643834871794872 0.49828428846153844 0.5614716378205128 0.4925059967948718 0.5448928205128205 0.48681512179487174 0.5424884134615384 0.4866891121794872 0.536710125 0.48960096153846155 0.52059675 0.49036383333333333 0.5178563205128205 0.49664957051282055 0.518321766025641 0.5031033237179486 0.5244394871794872 0.5090496250000001 0.5231759871794872 0.5178237756410257 0.525202358974359 0.5251629967948718 0.5384072884615384 0.533891733974359 0.5489523878205128 0.5320333717948719 0.5557841666666666 0.5243547147435897 0.5556967532051282 0.51068775 0.5473426346153847 0.5014095641025641 0.5601661282051281 0.5020816153846154 0.5643834871794872 0.49828428846153844