3 0.31139646794871795 0.5872124134615385 0.3154093108974359 0.5559122532051283 0.30337078525641026 0.533440342948718 0.28330658012820514 0.5157838429487179 0.26886035256410257 0.5053504551282051 0.24719101282051284 0.5021401826923076 0.21910112499999998 0.5061530224358974 0.20304975961538463 0.5165864102564103 0.1685393269230769 0.5518994102564102 0.16452648397435896 0.5663456378205128 0.16372391666666666 0.5848047083333333 0.17255216666666667 0.6072766185897436 0.20626003205128202 0.6353665064102564 0.2263242371794872 0.6369716410256411 0.2825040128205128 0.6249331185897435 0.31139646794871795 0.5872124134615385
3 0.7985553782051282 0.3159443557692308 0.7648475128205128 0.27822364743589745 0.7447833076923077 0.27822364743589745 0.7062600320512821 0.2886570352564103 0.6966292147435897 0.3023006955128205 0.6869983942307692 0.33440342307692306 0.688603532051282 0.34965222115384614 0.7134831474358975 0.3801498141025641 0.7568218301282051 0.3785446762820513 0.7784911730769232 0.36891385897435897 0.7897271282051282 0.34804708333333334 0.7985553782051282 0.3159443557692308
3 0 0.430711608974359 0.020866772435897435 0.4347244519230769 0.07784911858974358 0.4074371314102564 0.08186195833333333 0.3841626538461539 0.06741573076923077 0.35607276602564103 0.05296950320512821 0.338416266025641 0.02648475 0.3255751730769231 0.007223115384615384 0.3255751730769231 0 0.32718031089743593 0 0.430711608974359
10 0.31059390064102566 0.5864098461538462 0.3146067403846154 0.5695559134615384 0.3146067403846154 0.5551096858974359 0.30417335576923077 0.5358480480769231 0.272070625 0.5077581602564103 0.254414125 0.50294275 0.21428571474358973 0.5085607275641026 0.17897271153846153 0.5406634551282051 0.16773675641025643 0.5575173878205129 0.16452648397435896 0.584002141025641 0.17094703205128203 0.6032637788461539 0.2022471923076923 0.6297485288461538 0.22712680448717948 0.6305510961538462 0.2857142852564103 0.6201177115384616 0.31059390064102566 0.5864098461538462
10 0.776083467948718 0.3705189935897436 0.7889245576923077 0.34724451602564105 0.7977528076923077 0.31514178846153845 0.7696629198717948 0.2830390576923077 0.7568218301282051 0.2774210801282051 0.7078651698717949 0.28785446794871794 0.6966292147435897 0.3023006955128205 0.6902086666666667 0.320759766025641 0.6861958269230769 0.3368111282051282 0.688603532051282 0.34965222115384614 0.7126805769230768 0.3801498141025641 0.7223113974358975 0.38255751602564103 0.7520064198717948 0.3785446762820513 0.776083467948718 0.3705189935897436
10 0.9141252019230769 0.6088817564102563 0.9574638846153846 0.571161048076923 0.9590690224358974 0.5430711602564102 0.9550561794871795 0.5197966826923077 0.934189407051282 0.49812733974358975 0.8996789711538461 0.47485286217948713 0.8651685384615385 0.47244515705128204 0.840288923076923 0.47966827243589744 0.8065810608974359 0.5101658653846154 0.7977528076923077 0.5318352051282051 0.7969502403846154 0.5406634551282051 0.8049759230769231 0.5679507756410256 0.8370786506410257 0.5992509358974359 0.8507223108974359 0.6064740512820513 0.9004815416666667 0.6112894583333333 0.9141252019230769 0.6088817564102563
10 0.5449438205128205 0.2204387371794872 0.5521669326923077 0.18271803205128206 0.5457463878205129 0.16666666666666666 0.4799357948717949 0.1690743717948718 0.475922951923077 0.1851257371794872 0.47752808974358973 0.2051899423076923 0.5016051378205127 0.2316746923076923 0.5160513653846154 0.23488496474358975 0.5321027275641026 0.23006955448717947 0.5449438205128205 0.2204387371794872
10 0.4855537724358974 0.26056714743589743 0.48475120512820513 0.25173889743589745 0.4767255224358974 0.2388978076923077 0.44863563461538464 0.21080791987179487 0.4261637243589744 0.21401819230769228 0.3972712692307692 0.24371321474358973 0.39325842628205127 0.2565543076923077 0.3948635641025641 0.27260567307692307 0.43097913461538456 0.3111289455128205 0.4502407692307692 0.30952381089743586 0.4678972724358974 0.29588015064102563 0.4799357948717949 0.28223649038461535 0.4855537724358974 0.26056714743589743
10 0 0.43151417948717946 0.018459070512820513 0.43552701923076925 0.05698234294871794 0.42027822435897433 0.07544141346153846 0.40904226923076925 0.08105939102564103 0.39700374679487177 0.08105939102564103 0.3841626538461539 0.06741573076923077 0.3568753333333334 0.05296950320512821 0.3392188333333333 0.028892455128205128 0.3263777435897436 0.009630817307692307 0.3255751730769231 0 0.32718031089743593 0 0.43151417948717946
3 0.48154092948717947 0.27982878525641025 0.4855537724358974 0.26056714743589743 0.48475120512820513 0.25093633012820515 0.47191011217948714 0.23247725961538462 0.4550561794871795 0.21401819230769228 0.4470304967948718 0.21080791987179487 0.42857142948717947 0.2132156217948718 0.4205457467948718 0.21883359935897437 0.3972712692307692 0.24371321474358973 0.39325842628205127 0.257356875 0.392455858974359 0.2677902628205128 0.3964686987179487 0.275013375 0.4301765641025641 0.3111289455128205 0.4526484743589744 0.3087212403846154 0.4670947019230769 0.296682717948718 0.48154092948717947 0.27982878525641025
3 0.5449438205128205 0.2204387371794872 0.5521669326923077 0.18432316666666668 0.5513643653846153 0.17469234935897435 0.5457463878205129 0.16666666666666666 0.4783306570512821 0.1690743717948718 0.47752808974358973 0.20920278205128207 0.4967897275641025 0.22926698717948718 0.50882825 0.23568753205128204 0.5168539326923077 0.23488496474358975 0.5345104326923077 0.23006955448717947 0.5449438205128205 0.2204387371794872
11 0.7969502403846154 0.4812734070512821 0.8121990384615385 0.4604066346153846 0.8138041730769231 0.41546281410256414 0.7993579455128205 0.39379347115384616 0.7800963076923078 0.38255751602564103 0.7487961474358975 0.37533440384615385 0.7094703044871795 0.37372926602564105 0.6894060993589743 0.4226859294871795 0.6878009615384615 0.4579989294871795 0.7054574647435897 0.48047083974358973 0.7247191025641025 0.49331193269230766 0.7648475128205128 0.49892991025641026 0.776083467948718 0.49652220512820516 0.7969502403846154 0.4812734070512821
11 0.97351525 0.38576779166666664 0.9462279294871795 0.39299090384615387 0.9309791346153846 0.40181915384615385 0.9060995192307693 0.43552701923076925 0.910112358974359 0.4708400224358974 0.925361157051282 0.48929908974358977 0.9606741570512821 0.5093632948717949 0.9991974326923077 0.5077581602564103 0.9991974326923077 0.38817549358974357 0.97351525 0.38576779166666664
11 0.5545746378205129 0.23408239743589745 0.5706260032051282 0.248528625 0.5842696634615384 0.25173889743589745 0.6091492788461539 0.24612091987179488 0.6227929358974359 0.22766185256410254 0.629213483974359 0.20920278205128207 0.6227929358974359 0.18913857692307692 0.6099518461538462 0.16666666666666666 0.5674157307692307 0.16666666666666666 0.5561797756410256 0.1779026217948718 0.5497592307692307 0.19234884935897437 0.5457463878205129 0.21401819230769228 0.5545746378205129 0.23408239743589745
11 0.7223113974358975 0.34724451602564105 0.7094703044871795 0.3448368108974359 0.6902086666666667 0.34724451602564105 0.6910112371794872 0.3528624935897436 0.7022471923076923 0.36891385897435897 0.7199036923076922 0.3705189935897436 0.727929375 0.35767790384615383 0.7223113974358975 0.34724451602564105
8 0.4253611570512821 0.4242910641025641 0.4237560192307693 0.4323167467948718 0.4261637243589744 0.4596040673076923 0.4317817019230769 0.47244515705128204 0.4422150897435897 0.4836811121794871 0.4550561794871795 0.49170679487179486 0.7134831474358975 0.6337613685897435 0.7431781698717949 0.6522204391025641 0.7584269647435897 0.6546281442307692 0.7656500801282051 0.6642589615384615 0.9518459070512821 0.7677902628205129 0.9791332275641026 0.779026217948718 0.9991974326923077 0.7814339230769232 0.9991974326923077 0.6401819166666667 0.9775280897435897 0.6875334391025641 0.9727126794871795 0.6931514166666667 0.9670947019230769 0.6923488493589743 0.9598715897435898 0.6851257371794872 0.9558587467948718 0.6851257371794872 0.927768858974359 0.6690743717948718 0.9085072243589744 0.662653826923077 0.4895666121794872 0.4499732467948718 0.4879614775641025 0.44596040705128204 0.49197431730769237 0.44194756410256414 0.5024077051282051 0.43552701923076925 0.7014446217948718 0.26217228525641023 0.7014446217948718 0.2557517403846154 0.6910112371794872 0.24531835256410256 0.682182983974359 0.24210808012820514 0.6789727115384615 0.23649010256410258 0.6685393269230769 0.2284644198717949 0.6677367564102564 0.2284644198717949 0.6468699839743589 0.2413055096153846 0.6444622788461538 0.24531835256410256 0.5834670961538462 0.2910647403846154 0.44622792948717954 0.3994114487179487 0.4317817019230769 0.41385767948717944 0.4253611570512821 0.4242910641025641