11 1 0.4351024006410256 0.7771358814102565 0.6251625929487179 0.7688691794871795 0.6295513717948718 0.5944805961538462 0.7827533173076923 0.581359673076923 0.7724216442307692 0.41503680448717944 0.5877013846153846 0.31601231089743587 0.48366036858974365 0.298712625 0.46105465064102563 0.26052935256410253 0.4228884166666666 0.25500308012820516 0.42099145833333335 0.25394618269230773 0.4104883621794872 0.2614534230769231 0.4052561121794872 0.2546988333333333 0.3807920288461539 0.2592068044871795 0.35611452564102564 0.2704659583333333 0.3406312019230769 0.27700371153846154 0.33856282051282055 0.2780151955128205 0.33459748397435896 0.28362547435897434 0.3348915064102564 0.2871253717948718 0.32944924038461537 0.2918921762820513 0.33050272756410254 0.2993154102564103 0.3268734134615385 0.30112835897435897 0.3229500769230769 0.32124907692307697 0.32239722115384617 0.3222605608974359 0.3184318814102564 0.34537713141025644 0.32205437820512817 0.3617459326923077 0.33175259615384617 0.36701677884615386 0.32318846474358975 0.3689103269230769 0.30239229166666665 0.38358536858974357 0.2830696346153846 0.22056831410256408 0.3573042467948718 0.2155914903846154 0.36025810256410257 0.21348451602564103 0.36979171474358974 0.20559583974358978 0.36696727564102566 0.19952352884615385 0.37548940705128203 0.18813495833333332 0.3781072371794872 0.18282211217948716 0.38747283653846154 0.17624235256410256 0.3903426826923077 0.17084549999999998 0.40131122115384615 0.17135634935897434 0.422233407051282 0.19064041025641026 0.4529798141025641 0.27781430128205126 0.5684548108974359 0.44769269551282054 0.8080109423076923 0.465076391025641 0.8290137243589744 0.47612893589743593 0.832807641025641 0.7261870512820513 0.8459126314102564 0.732808814102564 0.8422413173076924 0.7367741506410257 0.8432528012820513 0.7553725288461539 0.8257430993589744 0.7589984326923077 0.8178964294871794 0.7816461538461539 0.7997952756410256 0.7860735288461539 0.7919906089743589 0.8003705384615385 0.7798811666666666 0.8014660320512821 0.774312891025641 0.8283311089743589 0.7524144134615385 0.8464220416666668 0.7292524326923077 0.8844622628205128 0.693473560897436 0.888931641025641 0.6848674262820513 0.9141097756410256 0.6644878750000001 0.9373035384615384 0.6359676346153845 0.9693554551282051 0.6071079583333334 0.9959231025641025 0.5755498557692308 1 0.4763166698717949 1 0.4351024006410256
11 0.6051130192307692 0.22717116346153846 0.5964194711538462 0.2090348205128205 0.5910612115384616 0.20393199038461537 0.5913972371794872 0.19752024038461538 0.5867144358974359 0.1948638205128205 0.5729634647435897 0.19655416666666667 0.5717385576923076 0.1892569487179487 0.5630904166666667 0.18558903846153846 0.552629326923077 0.18584446474358973 0.5498014839743589 0.17846323717948717 0.5392563846153846 0.18032160256410257 0.5422942435897437 0.1836954871794872 0.5381608942307692 0.185889875 0.5512398141025641 0.19702301923076923 0.550987794871795 0.20183183012820513 0.5409501442307693 0.20934247435897438 0.41243482051282054 0.26931184935897434 0.4311626121794872 0.2646676442307693 0.44145569230769227 0.2676180929487179 0.44597048076923074 0.2734803878205128 0.4555880993589743 0.2739844262820513 0.46710608653846153 0.28423209294871793 0.4909401217948718 0.28949953205128204 0.5851217211538461 0.24058951602564102 0.6051130192307692 0.22717116346153846
21 0.5081751442307693 0.5893678782051283 0.5557489807692308 0.5556959871794872 0.5610618269230769 0.5463303846153846 0.5631619839743589 0.506256967948718 0.5907093397435897 0.5173446987179486 0.6012124326923077 0.5162878044871795 0.6359241826923077 0.49801523076923077 0.6651096602564103 0.4778456955128206 0.6694530256410257 0.47164396474358977 0.6718858044871795 0.4098889006410257 0.6704894743589743 0.3905276506410256 0.6660166923076923 0.3838638846153846 0.600247467948718 0.35068128846153845 0.5890689166666666 0.3492917788461538 0.5735049903846154 0.35490546153846153 0.5695782500000001 0.337822608974359 0.5556558557692308 0.3274489326923077 0.5103047788461539 0.30337310256410255 0.495794342948718 0.30421998397435895 0.463942217948718 0.28326261217948717 0.4301931346153846 0.26783151602564104 0.4132362884615385 0.2693538525641026 0.3735477147435897 0.29058028205128206 0.36444435897435895 0.3262683269230769 0.3508614006410256 0.3247528076923077 0.3455451442307692 0.3188485064102564 0.3336911346153846 0.31501258653846154 0.3094790705128205 0.3169583621794872 0.27400785576923076 0.33438746794871793 0.256676391025641 0.3583929198717949 0.25533228846153844 0.38403991025641027 0.2608199679487179 0.4020082371794872 0.2747037628205128 0.4284532820512821 0.29689626282051285 0.44970808333333334 0.325329092948718 0.4592348814102564 0.33630103846153847 0.4799016378205128 0.3561311378205128 0.5002289583333334 0.3906396891025641 0.5165035288461538 0.4041034519230769 0.5509632596153846 0.4199682147435897 0.5702790961538461 0.4367604551282051 0.5872325320512821 0.46894860576923075 0.601778157051282 0.4851039807692308 0.6002138173076923 0.5081751442307693 0.5893678782051283
16 0.47304106089743586 0.41634495192307686 0.45654965705128203 0.4243210384615384 0.4192654903846154 0.4456734775641026 0.3932438846153846 0.4668124903846154 0.3909337115384615 0.51089325 0.40266852884615384 0.5476733782051283 0.41693035576923076 0.5669052115384615 0.4406417884615385 0.5898469551282052 0.46578473717948715 0.6008086730769231 0.4834590416666667 0.6009312756410257 0.5139954358974359 0.5856545608974358 0.5506881506410257 0.5602527756410256 0.5601343493589744 0.5486927852564103 0.562570532051282 0.502207625 0.5566980128205129 0.46091270512820515 0.528937233974359 0.4385624166666666 0.48907042948717955 0.417185016025641 0.47304106089743586 0.41634495192307686
16 0.3908576282051282 0.3589957051282051 0.3529400064102564 0.377100266025641 0.32354451282051283 0.40127714102564105 0.32152835897435894 0.43974762179487176 0.3348661153846154 0.4766117564102564 0.35693260576923075 0.5002709615384615 0.38591488461538465 0.5146485705128205 0.39156716666666663 0.5141411250000001 0.38899133974358974 0.5019510897435898 0.3904194487179487 0.4747011666666667 0.3959423108974359 0.46132822115384614 0.47076266346153844 0.4138145352564103 0.4690723141025641 0.4000635641025641 0.4630385961538461 0.3925143269230769 0.43274740384615384 0.3724424294871795 0.40051725 0.35869827564102563 0.3908576282051282 0.3589957051282051
16 0.33356512499999996 0.3174169903846154 0.31918069871794874 0.3158594647435897 0.28640791025641027 0.3278042980769231 0.2738818461538462 0.3367918685897436 0.2592488076923077 0.3553130576923077 0.2563403653846154 0.3648046698717949 0.25676721474358977 0.3873297884615385 0.26157943269230766 0.40285170833333334 0.2755892371794872 0.42689234935897435 0.2930149326923077 0.4470936602564103 0.32381016346153846 0.45754793589743586 0.31933397115384615 0.43561427243589745 0.32367052243589745 0.3988727371794872 0.3496921282051282 0.3777337243589744 0.3884112179487179 0.3596711634615385 0.39110964743589743 0.3541868942307692 0.3850759294871795 0.34663765384615386 0.36258940384615385 0.33099313141025644 0.33356512499999996 0.3174169903846154
16 0.38594777243589745 0.2839971153846154 0.37316968589743593 0.29779349679487177 0.36941777243589746 0.30804457371794874 0.36689076923076924 0.3255928717948718 0.37039407051282053 0.3354205064102564 0.3851599358974359 0.34503471794871793 0.39499097756410256 0.3568013141025641 0.4085319326923077 0.3591183076923077 0.43519381410256414 0.37176697115384616 0.43927834615384614 0.33983425 0.4544608333333333 0.3261638717948718 0.4875696442307692 0.3078072916666667 0.4893825961538461 0.30388395833333337 0.48343288461538464 0.29473178205128203 0.4764296858974359 0.2903464102564103 0.42302191987179494 0.26665201923076925 0.38594777243589745 0.2839971153846154
16 0.495794342948718 0.30421998397435895 0.46192606410256415 0.32173309294871794 0.4391523365384615 0.34223865064102565 0.43755621474358974 0.3726944487179487 0.46544300000000005 0.39264033653846153 0.471476717948718 0.4001895737179487 0.47396853846153847 0.4139825480769231 0.486792032051282 0.4146545993589743 0.5118509743589744 0.4272192564102564 0.5142973814102564 0.4265438012820513 0.5177064551282051 0.3921646698717949 0.572619516025641 0.3564663974358974 0.5717306314102564 0.3427574294871795 0.5642199903846155 0.33271977884615384 0.5189529166666667 0.3070410096153846 0.5047365032051282 0.3022776121794872 0.495794342948718 0.30421998397435895
16 0.542716576923077 0.3749909903846154 0.5184659198717949 0.393008141025641 0.5173352435897436 0.4299176858974359 0.5583009487179488 0.46099671153846156 0.5633299967948718 0.5030510961538461 0.5694897275641025 0.5081959326923077 0.5915108076923077 0.517386701923077 0.6012124326923077 0.5162878044871795 0.6376111282051282 0.4964962980769231 0.6694110224358975 0.4724454326923077 0.6704894743589743 0.3905276506410256 0.665173217948718 0.38462334935897435 0.6370764166666667 0.3686848044871795 0.599446 0.35063928525641025 0.5890269134615385 0.3500932435897436 0.542716576923077 0.3749909903846154
6 1 0.3593345737179487 0.9832199102564102 0.35789331089743587 0.9769761762820514 0.3543514134615385 0.9748237916666666 0.34941659294871796 0.9658816314102564 0.35135896474358974 0.9531841442307692 0.34828250641025643 0.951073766025641 0.34254622115384614 0.9440705641025642 0.33816085256410255 0.9407806858974359 0.33959577243589745 0.9378688333333333 0.3338174807692308 0.933777483974359 0.33521040384615386 0.9244958910256411 0.32829461858974357 0.8956850352564103 0.32598103525641026 0.8833235769230768 0.31649283333333333 0.8721030192307692 0.31590478846153847 0.8565356858974358 0.3062485737179487 0.8405483237179487 0.30460704487179485 0.8289463333333333 0.2959623108974359 0.8019064262820513 0.29052686217948714 0.8013989807692308 0.28487458012820516 0.7501470064102563 0.28138490705128205 0.7463916858974359 0.27636608333333335 0.7257635256410256 0.2712666602564103 0.7216721762820513 0.2726595801282051 0.7066962980769231 0.26705271153846155 0.6982161730769231 0.26017892948717947 0.6806258717948719 0.2584533878205128 0.6706268173076924 0.24989266346153846 0.6410144903846154 0.2475370801282051 0.6302139647435897 0.23893434935897437 0.6077728525641026 0.23775826282051282 0.6033454807692308 0.24556292948717948 0.5944873269230769 0.24590236217948716 0.5974411794871795 0.2508791858974359 0.5948687596153847 0.2539590480769231 0.5819612596153846 0.2548899358974359 0.5819646698717948 0.27015983653846154 0.5794342564102565 0.27243823076923074 0.5546307403846154 0.27033466666666667 0.5473142211538461 0.2795952596153846 0.5405857467948718 0.2776352948717949 0.5305480961538461 0.2851459391025641 0.5281856923076923 0.28421846153846153 0.5239263333333333 0.2888172564102564 0.5244337788461538 0.29446953846153845 0.5185294775641025 0.2997857948717949 0.5112322564102565 0.30101070192307694 0.5348142724358974 0.3110869519230769 0.538569592948718 0.31610577243589744 0.5497901506410257 0.3166938173076923 0.5534194647435898 0.3241170512820513 0.562953076923077 0.32622402243589743 0.572066657051282 0.3363456826923077 0.5761160032051281 0.3357542307692308 0.5787758365384615 0.3463413301282051 0.6051822852564103 0.34852890705128203 0.6097390769230769 0.353589733974359 0.6419692339743589 0.3673338878205128 0.6715429647435897 0.38576084294871793 0.6742482051282052 0.41081637820512823 0.672952923076923 0.4662016987179487 0.6648996442307692 0.48185303846153843 0.6232721121794872 0.5094072051282051 0.5945066666666666 0.5215620576923077 0.5668333012820513 0.5128787307692309 0.5641416923076923 0.5489028012820513 0.5563404326923077 0.5597453301282052 0.5220101185897436 0.5860745897435898 0.493034657051282 0.6022367820512821 0.47919968269230767 0.6055300705128206 0.46477324999999997 0.6047740160256411 0.43579097435897435 0.5903964038461539 0.40157303846153847 0.5532416538461539 0.3947344423076923 0.5303805096153846 0.39182259294871796 0.524602217948718 0.3878572564102564 0.523590733974359 0.38734981089743586 0.517938451923077 0.35516165705128205 0.5033928301282051 0.3453726153846154 0.49082476282051285 0.33296915705128205 0.48213802884615387 0.32950785576923075 0.47150892307692305 0.32250465705128206 0.46712355448717946 0.32587854166666663 0.46408569551282053 0.3184553108974359 0.46771500641025643 0.3194282019230769 0.47982103846153845 0.3257559391025641 0.48176 0.3325911282051282 0.4893512435897435 0.33229710576923077 0.49496152243589747 0.33752935576923077 0.5024687596153846 0.33997576282051284 0.5017933012820512 0.3543215961538462 0.5194221955128204 0.35832893589743586 0.5196322115384615 0.35883638461538464 0.5252844935897436 0.368201983974359 0.5305973397435897 0.3717052852564103 0.5404249775641026 0.38330728205128206 0.5490697083333334 0.3991720416666667 0.5683855448717948 0.4038548397435897 0.5710419711538461 0.4087476570512821 0.5696910512820512 0.41596428205128205 0.585338983974359 0.42220801602564106 0.5888808814102564 0.42499385576923077 0.597063576923077 0.4341074391025641 0.607185233974359 0.4652875128205128 0.6409660961538461 0.4768895064102564 0.6496108269230769 0.47899988782051284 0.6553471153846154 0.5019518557692307 0.677445391025641 0.5192935448717949 0.6992496378205129 0.5286171442307692 0.7053639551282052 0.5329639198717948 0.7144321250000001 0.5432569967948718 0.7173825705128205 0.5429209711538462 0.7237943173076923 0.5579842628205128 0.7430681538461539 0.574944516025641 0.7568157147435898 0.5870119519230769 0.7719141987179488 0.5997934423076924 0.773387717948718 0.6000454615384615 0.7685789070512821 0.609029625 0.7658350673076922 0.6126975352564102 0.7571869294871795 0.6191512852564102 0.7567214871794872 0.6308758782051281 0.7476919102564102 0.6461843749999999 0.7316171314102564 0.6527641346153846 0.7287472852564103 0.6563480352564103 0.7217020801282051 0.6603973814102564 0.7211106282051282 0.6831291057692308 0.7014065384615384 0.6858275352564103 0.6959222724358974 0.6915218205128205 0.6946133557692308 0.755667657051282 0.6360925352564103 0.7622474166666666 0.6332226858974359 0.7759529775641025 0.6170639038461538 0.7816472628205128 0.6157549903846153 0.7868761025641026 0.6079923269230769 0.7925283846153847 0.6074848814102564 0.8127716987179487 0.589257717948718 0.8172410801282052 0.5806515801282052 0.8337324775641025 0.5726754935897436 0.8600061057692309 0.5467276666666667 0.8783104583333334 0.5348282435897436 0.8894856057692309 0.5209478557692307 0.8959813557692308 0.5196809455128205 0.9844198557692309 0.4423415096153846 1 0.432041266025641 1 0.3593345737179487
6 1 0.3454517564102564 0.9897536923076924 0.3431114743589744 0.9742317692307692 0.3479236923076923 0.947188451923077 0.32721833974358977 0.9312430961538462 0.32477534294871796 0.9179961634615385 0.31684807051282055 0.8942041282051283 0.31077916666666666 0.8900707788461539 0.3129735544871795 0.8792282532051282 0.3051722980769231 0.863282891025641 0.30272929487179484 0.8159508493589743 0.2857826762820513 0.8069666858974359 0.28852651282051284 0.7913993525641025 0.27887029807692304 0.7873080064102564 0.28026322115384616 0.7842701442307692 0.2768893333333333 0.76908425 0.2752898044871795 0.7684507948717949 0.2720419294871795 0.7516619615384615 0.27035839423076924 0.7399759615384616 0.2633165993589744 0.7318772724358974 0.26449950320512816 0.7296828846153846 0.26036615384615386 0.7136955224358974 0.2587246217948718 0.7098981955128205 0.25450726282051284 0.6925179102564102 0.24877438461538462 0.6733246730769231 0.24696483974358976 0.6687258782051282 0.24270547756410257 0.6599097275641025 0.24224344230769232 0.6553109358974358 0.23798408333333335 0.6227447564102564 0.23065167307692308 0.6149400865384615 0.22622430128205126 0.6096692403846153 0.2347884358974359 0.5984906891025641 0.2333989230769231 0.591616907051282 0.24187904807692306 0.5704007051282052 0.2480001794871795 0.5676602724358975 0.25428591666666667 0.5629774711538461 0.2516294935897436 0.5651718621794871 0.25576284294871793 0.5617979743589744 0.25880070512820513 0.5488904743589743 0.25973158974358973 0.5404557628205128 0.2673262435897436 0.519957016025641 0.2750923141025641 0.5105948237179487 0.2850493653846154 0.505786016025641 0.28479734615384616 0.5039730608974359 0.2887206858974359 0.49747731089743585 0.28998759294871795 0.49958769230769234 0.2957238814102564 0.4969312692307692 0.3004066826923077 0.488199125 0.2983417147435898 0.46879246474358977 0.28526960576923077 0.46077777884615384 0.2848495737179487 0.4523396570512821 0.2771743269230769 0.43888270833333337 0.2732544006410257 0.4335664519230769 0.26735009935897436 0.4200254967948718 0.2650331057692308 0.38624122435897434 0.28094327884615383 0.38025291666666666 0.28786247435897433 0.36979182692307694 0.28811790064102566 0.37257766987179486 0.29630059615384613 0.3709781378205128 0.3114864903846154 0.3605170480769231 0.3117419198717949 0.35828065705128204 0.30841003525641025 0.3476935544871795 0.31106986858974356 0.34170183974358975 0.30271916025641027 0.32432496474358974 0.3122561794871795 0.3170697435897436 0.3126796217948718 0.27265636858974357 0.33205109294871793 0.2687784455128205 0.3447065737179487 0.2580653333333333 0.3497708108974359 0.25519889423076925 0.3584609519230769 0.24326087820512823 0.3562279711538462 0.2286664358974359 0.35867778525641025 0.2300207596153846 0.37884050320512824 0.2525458814102564 0.37841365384615383 0.25634320512820513 0.3826310128205128 0.25524771474358976 0.38819928846153845 0.2598045064102564 0.3932601153846154 0.2616628717948718 0.40380521474358977 0.2590518557692308 0.42295644871794874 0.26516958012820513 0.42890275320512816 0.2692189262820513 0.4283113012820513 0.2766035608974359 0.4407533557692308 0.28744608653846154 0.44855461217948717 0.2971091185897436 0.46352708333333337 0.3163057628205128 0.48060653205128206 0.3244918685897436 0.49309058974358977 0.342295592948718 0.5060786923076923 0.34440597756410257 0.5118149775641025 0.3605227564102564 0.5263220032051282 0.3611142083333333 0.5303713493589743 0.36815941346153847 0.5339552532051283 0.36794939743589744 0.537962592948718 0.3778224423076923 0.5489277243589743 0.39026790705128206 0.5568129903846154 0.38925642307692304 0.5607783269230769 0.3963436282051282 0.5635607628205128 0.41587970512820516 0.5894983621794871 0.42300891346153846 0.5914793269230769 0.43262994230769236 0.607253266025641 0.45199459935897435 0.6211268397435897 0.45330351282051284 0.6268211217948717 0.4644820673076923 0.6282106378205129 0.4681113814102564 0.6356338685897436 0.46634042948717946 0.6387557339743589 0.46971431730769236 0.635717875 0.47519858653846153 0.6384163012820513 0.4748625608974359 0.6448280480769231 0.48182375641025643 0.6500148878205128 0.4800528076923077 0.6531367532051282 0.4862965416666667 0.6566786506410256 0.4984865801282052 0.654102826923077 0.5070087083333333 0.6601751378205127 0.5054931858974359 0.6737580993589743 0.5166717403846154 0.675147608974359 0.5188275352564102 0.6953523301282052 0.530513532051282 0.7023941282051281 0.5454088141025641 0.7248738333333333 0.5558279006410256 0.7254198749999999 0.5581517115384615 0.7424187211538461 0.5692882596153847 0.7446097051282051 0.571188625 0.7543533333333333 0.5771576346153846 0.7554698237179487 0.5821151602564103 0.760551657051282 0.5847329903846153 0.7719402243589744 0.5980639262820513 0.7782645576923077 0.6252230288461538 0.7507558012820512 0.630917310897436 0.7494468846153846 0.6353026826923077 0.7424436858974358 0.6569389198717949 0.7283078685897436 0.6999139647435897 0.6903766153846154 0.706028282051282 0.6810530192307692 0.7327253461538462 0.6623604134615385 0.7328933589743589 0.6591545384615385 0.7463889006410256 0.6470030961538462 0.8017219967948718 0.6032901442307692 0.849841875 0.5591991602564103 0.871646125 0.5418574711538461 0.874852 0.542025483974359 0.8792373685897437 0.5350222852564103 0.9700802724358975 0.45780885897435897 1 0.4370329326923077 1 0.3454517564102564