17 0.12421535256410256 0.49247474999999996 0.24875496794871793 0.4946485993589744 0.25004835256410257 0.42055073397435894 0.12550873717948718 0.41837688782051285 0.12421535256410256 0.49247474999999996
16 0.0027041698717948717 0.34577315384615387 0.05511994230769231 0.3466880769230769 0.055839608974358974 0.30545840384615386 0.003423836538461539 0.304543483974359 0.0027041698717948717 0.34577315384615387
16 0.4135398814102564 0.3741313333333333 0.5092395897435897 0.37580177884615384 0.5098487435897436 0.340903407051282 0.4141490352564102 0.33923296153846155 0.4135398814102564 0.3741313333333333
13 0.40177659615384614 0.3764223717948718 0.40998002884615387 0.3570200512820513 0.4015126538461538 0.34569559294871793 0.39005107692307694 0.35309700961538465 0.3825653878205128 0.36697329487179486 0.38530716666666665 0.3765964455128205 0.3791680416666666 0.38405464423076924 0.3847291378205128 0.38736247435897436 0.5249495961538462 0.3882785 0.536261923076923 0.38570266025641026 0.5408704871794872 0.381683766025641 0.5374634647435897 0.3758665993589744 0.5352337435897436 0.35769329487179485 0.5321855801282052 0.35389633974358975 0.5221018012820513 0.35368821794871796 0.5171698044871794 0.3588998878205128 0.521792858974359 0.36982412820512817 0.5227898493589743 0.3803062051282051 0.40177659615384614 0.3764223717948718
17 0.7026401987179487 0.517188185897436 0.8632658108974359 0.5199919166666667 0.8646314679487179 0.4417534358974359 0.7040058557692307 0.4389497051282051 0.7026401987179487 0.517188185897436
17 0.8204723012820513 0.38468192307692306 0.8501628044871794 0.3852001730769231 0.8506059775641026 0.35981078205128203 0.8209154743589744 0.3592925320512821 0.8204723012820513 0.38468192307692306
17 0.8448114935897436 0.38137024038461537 0.8656269455128205 0.3817335769230769 0.8660220737179488 0.35909657692307695 0.8452066250000001 0.3587332403846154 0.8448114935897436 0.38137024038461537
17 0.9250618108974359 0.3773849615384615 0.941383560897436 0.37766985897435895 0.9418109070512821 0.35318723397435897 0.925489157051282 0.35290233653846154 0.9250618108974359 0.3773849615384615
16 0.8241050384615384 0.35912746794871797 0.8523671858974359 0.3596207852564102 0.852555016025641 0.34885998397435897 0.8242928685897436 0.34836666666666666 0.8241050384615384 0.35912746794871797
16 0.8577292179487179 0.3676650288461539 0.8769317467948718 0.3680002115384616 0.8772200064102563 0.3514858717948718 0.8580174775641026 0.3511506891025641 0.8577292179487179 0.3676650288461539
16 0.8908709775641026 0.37739820192307694 0.9229607916666668 0.37795833333333334 0.9234360416666667 0.35073134294871794 0.8913462275641026 0.35017121153846154 0.8908709775641026 0.37739820192307694
8 0.8075394294871795 0.2300723141025641 0.799196875 0.2941419294871795 0.7932856121794872 0.3108952467948718 0.7886570865384616 0.34613283974358977 0.7891093621794872 0.3662079935897436 0.792277125 0.368671358974359 0.8115358301282051 0.36900752243589746 0.8236285448717948 0.36600783974358975 0.8245990737179486 0.35639249358974356 0.8295678237179487 0.3476496282051282 0.8307204391025641 0.327602483974359 0.8386147756410256 0.28921113782051283 0.838008423076923 0.2779628878205128 0.8413162564102564 0.2724017948717949 0.8477037467948717 0.2283653141025641 0.8091863397435898 0.22769298717948716 0.8075394294871795 0.2300723141025641
17 0.9429286185897436 0.3848046538461538 0.9700031474358974 0.38527724038461536 0.970420548076923 0.3613643493589744 0.9433460192307692 0.36089176282051283 0.9429286185897436 0.3848046538461538
17 1 0.36888815064102565 0.986443483974359 0.36865152243589744 0.985952125 0.3968013269230769 1 0.39704653525641026 1 0.36888815064102565
16 0.9999986217948719 0.5044424775641025 0.9318067596153846 0.5032521826923076 0.9307507916666667 0.5637485865384615 0.9989426506410256 0.5649388814102564 0.9999986217948719 0.5044424775641025
16 0.9524548269230769 0.35777176602564104 0.9838625641025641 0.3583199903846154 0.9843100801282051 0.33268184294871794 0.9529023429487179 0.33213361858974355 0.9524548269230769 0.35777176602564104
16 0.9722214935897435 0.38855883333333335 0.9848760673076924 0.38877971794871796 0.9853195224358975 0.36337427884615386 0.9726649455128206 0.36315339102564104 0.9722214935897435 0.38855883333333335
16 0 0.7820484294871795 0.030979852564102562 0.7825891858974359 0.032607294871794874 0.6893529839743591 0 0.6887838205128205 0 0.7820484294871795
8 0.09095289423076923 0.15947594551282052 0.04439702243589743 0.159466 0.0757786955128205 0.3390137467948718 0.08357904807692308 0.35199294871794873 0.09391279487179488 0.35779215705128203 0.11232703525641027 0.36052165064102565 0.12541828846153846 0.34630173076923076 0.09095289423076923 0.15947594551282052
10 0.2877947532051282 0.5168983301282051 0.3093808173076923 0.5678446185897436 0.3211093557692308 0.5857085288461539 0.3306266570512821 0.5922961794871795 0.5126056923076923 0.5135982083333334 0.5959859775641025 0.4733137115384615 0.6851934871794872 0.4210905737179487 0.6877969198717948 0.40989834935897435 0.6751538782051282 0.3984399967948718 0.6473343942307692 0.38270328846153845 0.5905428205128205 0.3712770128205128 0.443853342948718 0.4056402980769231 0.3725377596153846 0.44453000320512825 0.3270545192307692 0.4750410192307692 0.2877947532051282 0.5168983301282051
9 0.5429066057692308 0.5711181346153846 0.5396127788461538 0.5758767852564102 0.531158173076923 0.6463659711538461 0.5369194230769231 0.6841929871794872 0.5493383557692307 0.7084904711538461 0.7186065544871795 0.8061625352564102 0.7417234166666667 0.8153956378205128 0.759391233974359 0.8149013397435898 0.7999716923076924 0.743367532051282 0.8033075384615385 0.7362015448717949 0.8002518301282051 0.7273186121794871 0.7450750897435897 0.6693644743589743 0.6808753493589743 0.6224905064102564 0.5637982147435897 0.5698774166666666 0.5558157724358974 0.5673300128205129 0.5429066057692308 0.5711181346153846
9 0.46926772435897435 0.6051511442307692 0.46855926282051286 0.5537665865384616 0.4446539647435897 0.5437170352564102 0.4382203878205128 0.5444074262820513 0.3435778461538461 0.586100717948718 0.3370742371794872 0.590803342948718 0.34338175 0.5973349615384616 0.4261217884615384 0.6397164102564102 0.4325693717948718 0.6382235705128205 0.46926772435897435 0.6051511442307692
9 0.4861050833333333 0.6062477339743589 0.481262391025641 0.6077685833333333 0.4794754102564103 0.6181723685897436 0.4805340416666667 0.6494957756410257 0.5115352916666667 0.6668934038461538 0.520376205128205 0.666245032051282 0.5255130384615385 0.647872814102564 0.524356358974359 0.6221665288461539 0.4861050833333333 0.6062477339743589
9 0.49944845833333334 0.577583782051282 0.4934951762820513 0.5967444391025641 0.4966069134615385 0.6024175897435897 0.5101504455128205 0.6082728269230769 0.5240721634615385 0.5924620224358974 0.5244643525641026 0.5699935352564103 0.5165099262820513 0.5658412371794872 0.49944845833333334 0.577583782051282
9 0.46414489743589743 0.6227209166666666 0.45688086538461536 0.6250021955128205 0.43974936538461534 0.6407569711538462 0.4323872820512821 0.6486553717948718 0.4363434839743589 0.6519351858974358 0.4628662243589744 0.6499900705128204 0.46777894551282057 0.6444569903846153 0.4696359583333333 0.6300409775641026 0.46414489743589743 0.6227209166666666
5 0.4839539262820513 0.6375151121794872 0.484728358974359 0.6391340096153846 0.48874058974358975 0.6392040448717948 0.48952902884615385 0.6400205 0.4887125769230769 0.6408089358974359 0.4822790032051282 0.6414993269230769 0.4814485416666666 0.6430902147435897 0.4813925128205129 0.6462999967948718 0.48218095512820514 0.6471164487179487 0.4813364871794872 0.6495097820512821 0.4853627243589743 0.6487773717948718 0.4901073653846154 0.652873641025641 0.49251470192307695 0.6529156602564102 0.4933451666666666 0.6513247756410256 0.49016339102564105 0.6496638557692308 0.49097984615384616 0.6488754166666667 0.4941896314102564 0.6489314455128206 0.4965549487179487 0.6513808044871795 0.4957244871794872 0.6529716858974359 0.49644289423076926 0.6578003717948717 0.49880821153846155 0.6602497275641026 0.5028204423076923 0.6603197628205129 0.5051997660256411 0.661966673076923 0.5084095512820513 0.6620226987179487 0.5099864294871795 0.6636556057692308 0.5107188397435898 0.6676818429487179 0.5131121730769231 0.6685263108974359 0.5122677051282052 0.6709196378205129 0.5139006121794872 0.6693427628205129 0.5155055032051282 0.6693707756410257 0.5211786538461539 0.6662590384615384 0.5196157788461538 0.6638236891025641 0.521276701923077 0.6606419166666667 0.5213187211538461 0.6582345801282051 0.5205302788461539 0.6574181282051281 0.5215148141025642 0.6470003365384616 0.5175305961538462 0.645325407051282 0.5199659487179488 0.6437625384615385 0.5200219743589743 0.6405527564102564 0.5216688910256411 0.6381734294871795 0.5208804487179487 0.6373569743589744 0.5209364743589744 0.6341471923076923 0.5201480352564103 0.6333307403846153 0.5145309134615385 0.6332326923076923 0.5137424775641026 0.6324162403846153 0.5129400288461538 0.6324022339743589 0.5113071250000001 0.6339791121794871 0.5128980064102564 0.6348095737179487 0.5136724423076924 0.636428467948718 0.5088297532051282 0.6379493237179487 0.5040150769230769 0.6378652820512821 0.5032266378205128 0.6370488269230768 0.500819298076923 0.6370068076923078 0.5000028461538462 0.6377952467948719 0.49679306410256413 0.6377392211538462 0.4960046217948718 0.636922766025641 0.49518816987179487 0.6377112083333334 0.48636126602564106 0.6375571346153845 0.4855728269230769 0.6367406794871795 0.4839539262820513 0.6375151121794872
5 0.9211749326923078 0.6515683557692308 0.7607277564102564 0.6463596698717949 0.7093151858974359 0.6486730224358974 0.7021351923076923 0.6461396217948718 0.6924778269230769 0.6475764358974359 0.6901125096153846 0.6451270769230769 0.637123060897436 0.6458075224358975 0.6329987788461539 0.6521570576923077 0.6360544871794872 0.6610399903846154 0.6343095288461539 0.6690364358974359 0.6246661698717949 0.6696708012820513 0.6207379807692308 0.6647860929487179 0.5927924391025642 0.6562713974358975 0.5887662019230769 0.6570038076923077 0.5784464583333333 0.6504021538461539 0.5688171057692307 0.6502340737179487 0.5625376057692307 0.6420975576923077 0.5545551666666666 0.6395501506410256 0.5417020256410257 0.6401284903846154 0.5409135833333334 0.6393120384615385 0.5359308301282051 0.6488573461538462 0.5363690993589744 0.6697349519230769 0.5395368621794872 0.6721983173076923 0.5435771025641026 0.6706634583333333 0.569213358974359 0.6735190128205129 0.6270595 0.6705152692307692 0.6390261570512821 0.6747375993589744 0.6598477339743589 0.6775091121794872 0.7192427435897436 0.6777431666666667 0.7345312371794872 0.6756019551282052 0.7449070064102564 0.6789938269230769 0.9961426346153845 0.6793657083333333 0.9966328717948718 0.6512800993589744 0.9211749326923078 0.6515683557692308
5 0 0.6787588814102564 0.23442530128205127 0.6773075480769231 0.36857384935897436 0.6716222179487179 0.4062888076923077 0.6722805352564103 0.4175790801282051 0.669266842948718 0.46730271474358975 0.6717401538461539 0.5010474679487179 0.6699210993589744 0.49871016666666673 0.6658668525641026 0.4915161634615385 0.6641358974358974 0.4915721923076923 0.6609261121794872 0.48032393910256405 0.6615324647435897 0.47876106730769236 0.6590971121794872 0.47393238782051283 0.6598155192307692 0.47077863141025644 0.6565497083333334 0.46276817628205125 0.6556071923076923 0.4556582147435898 0.6490615673076923 0.4669344807692308 0.6468503205128204 0.46461118269230767 0.641993625 0.45098360897435896 0.640953064102564 0.4469713782051282 0.640883032051282 0.43483664102564096 0.6462900512820513 0.4404117435897436 0.6487954391025641 0.4331477083333334 0.6510767147435897 0.4251232467948718 0.6509366474358974 0.4227579326923077 0.6484872884615385 0.4308244102564102 0.6462200192307692 0.4276426410256411 0.6445591025641025 0.42850111538461544 0.6413633205128205 0.4060326282051282 0.6409711314102564 0.2574680641025641 0.6447994551282051 0 0.6442787435897436 0 0.6787588814102564
8 0.8129604262820512 0.3671324198717949 0.8194500256410256 0.3632322435897436 0.8615292083333335 0.20583671794871797 0.815775782051282 0.20584077884615384 0.7883087083333333 0.3538590737179487 0.7888870448717948 0.36671221794871794 0.8129604262820512 0.3671324198717949