10 0.5826645256410257 0.49170679487179486 0.5778491185897436 0.49491706730769236 0.5754414134615384 0.49170679487179486 0.5690208653846154 0.4941145 0.581059391025641 0.5061530224358974 0.5858747980769231 0.5013376121794872 0.5955056185897436 0.5149812724358974 0.6099518461538462 0.5173889775641026 0.6027287307692308 0.5189941153846154 0.6027287307692308 0.5214018205128205 0.5979133237179487 0.5189941153846154 0.5939004807692309 0.52059925 0.5979133237179487 0.5222043878205128 0.5955056185897436 0.5302300705128206 0.6032640448717949 0.5286249326923077 0.6027287307692308 0.5310326378205128 0.6091492788461539 0.5350454775641026 0.6083467083333333 0.5374531826923077 0.6019261634615385 0.5382557532051282 0.6059390064102563 0.5382557532051282 0.6051364358974359 0.542268592948718 0.6107544134615385 0.5494917083333334 0.6115569807692308 0.5551096858974359 0.6155698237179487 0.5559122532051283 0.6187800961538462 0.5518994102564102 0.6195826634615385 0.5543071153846153 0.6260032115384616 0.5543071153846153 0.631621189102564 0.559925092948718 0.6332263237179487 0.5663456378205128 0.6444622788461538 0.571161048076923 0.6540930993589743 0.5815944358974359 0.6653290544871795 0.5823970032051282 0.6717495993589743 0.5799892980769231 0.673354733974359 0.5823970032051282 0.6845906891025642 0.584002141025641 0.6950240769230769 0.5735687532051282 0.6942215096153846 0.5615302307692307 0.7014446217948718 0.5575173878205129 0.7014446217948718 0.5543071153846153 0.7102728717948718 0.5454788653846153 0.723916532051282 0.5366506153846153 0.7351524871794872 0.5342429102564102 0.7343499198717949 0.527019798076923 0.7375601923076923 0.5222043878205128 0.7407704647435898 0.5013376121794872 0.736757625 0.49652220512820516 0.7351524871794872 0.4884965224358974 0.7375601923076923 0.4668271794871795 0.7351524871794872 0.4539860897435898 0.7415730352564103 0.4411449967948718 0.7415730352564103 0.4347244519230769 0.7303370801282052 0.4186730865384615 0.7271268044871795 0.40181915384615385 0.719101125 0.38817549358974357 0.7166934198717949 0.3769395384615385 0.6902086666666667 0.31433921794871794 0.6717495993589743 0.30149812820512817 0.6605136442307692 0.29748528525641027 0.6621187788461539 0.31353665064102565 0.6581059391025641 0.3167469230769231 0.6187800961538462 0.32236490064102563 0.6155698237179487 0.3183520608974359 0.6147672564102564 0.30711610576923076 0.6115569807692308 0.30551096794871796 0.598715891025641 0.3111289455128205 0.5850722307692308 0.32236490064102563 0.5818619583333333 0.3303905833333333 0.5818619583333333 0.3440342435897436 0.5842696634615384 0.34724451602564105 0.5786516858974359 0.3592830384615384 0.5746388429487179 0.421883358974359 0.5762439807692308 0.430711608974359 0.5706260032051282 0.44275013461538465 0.5706260032051282 0.4483681121794872 0.5786516858974359 0.4604066346153846 0.581059391025641 0.4700374519230769 0.5786516858974359 0.4828785448717949 0.5818619583333333 0.4844836826923077 0.5826645256410257 0.49170679487179486
14 0.5473515256410256 0.5848047083333333 0.524077048076923 0.6289459615384616 0.49036918269230767 0.6779026217948718 0.4855537724358974 0.7075976442307692 0.4622792948717949 0.7653825576923078 0.4590690224358974 0.7886570352564102 0.44141251923076924 0.8247726057692307 0.4149277692307692 0.8175494903846154 0.4028892467948718 0.8247726057692307 0.38683788141025643 0.8247726057692307 0.38683788141025643 0.8271803108974359 0.4020866762820513 0.8336008557692307 0.9991974326923077 0.8336008557692307 0.9991974326923077 0.5896201185897436 0.9686998397435898 0.575173891025641 0.9454253621794871 0.5518994102564102 0.934189407051282 0.5462814326923077 0.8932584262820512 0.5101658653846154 0.8860353141025641 0.49812733974358975 0.8868378814102564 0.47324772756410255 0.8780096314102565 0.46441947435897435 0.6837881217948718 0.4579989294871795 0.6789727115384615 0.45559122435897437 0.6332263237179487 0.45639379487179493 0.6219903685897435 0.4596040673076923 0.629213483974359 0.46281433974358976 0.6268057788461538 0.47324772756410255 0.6083467083333333 0.4756554294871795 0.5995184583333333 0.5005350448717949 0.5922953461538462 0.5109684326923077 0.5866773685897436 0.5310326378205128 0.5674157307692307 0.5575173878205129 0.5617977532051283 0.5703584807692307 0.5473515256410256 0.5848047083333333
17 0.45666131730769227 0.5647405032051283 0.4638844294871795 0.5535045480769231 0.4654895673076923 0.5462814326923077 0.46468699679487174 0.5358480480769231 0.45345104487179494 0.5181915448717949 0.4406099519230769 0.5093632948717949 0.4261637243589744 0.5093632948717949 0.40690208653846155 0.5173889775641026 0.3972712692307692 0.5350454775641026 0.3948635641025641 0.5454788653846153 0.3964686987179487 0.5551096858974359 0.4036918141025641 0.5703584807692307 0.4149277692307692 0.5775815929487179 0.43980738461538466 0.5735687532051282 0.45666131730769227 0.5647405032051283
17 0.8250401282051281 0.31433921794871794 0.8314606730769231 0.31273408333333336 0.8330658108974359 0.3111289455128205 0.8338683782051283 0.30711610576923076 0.8394863557692307 0.30470840064102567 0.8426966282051283 0.29588015064102563 0.8386837884615383 0.28223649038461535 0.8338683782051283 0.2774210801282051 0.8306581057692307 0.2758159455128205 0.8065810608974359 0.27822364743589745 0.8057784903846154 0.27902621794871796 0.8049759230769231 0.2910647403846154 0.8073836282051282 0.2950775801282051 0.8105939006410257 0.29588015064102563 0.8146067403846154 0.2990904230769231 0.820224717948718 0.31353665064102565 0.8250401282051281 0.31433921794871794
17 0.8539325833333333 0.2581594423076923 0.8547351538461538 0.25896201282051284 0.8651685384615385 0.2581594423076923 0.8707865160256409 0.2557517403846154 0.8731942211538462 0.25254146474358974 0.8756019262820512 0.24451578525641027 0.874799358974359 0.24291064743589744 0.874799358974359 0.2388978076923077 0.8731942211538462 0.23488496474358975 0.8715890865384615 0.23247725961538462 0.865971108974359 0.22926698717948718 0.8571428557692307 0.22926698717948718 0.8499197435897435 0.2316746923076923 0.8483146057692307 0.2332798301282051 0.8459069006410257 0.23970037500000002 0.8434991987179487 0.24291064743589744 0.8434991987179487 0.24531835256410256 0.8426966282051283 0.24612091987179488 0.8459069006410257 0.25254146474358974 0.8459069006410257 0.25494916987179483 0.8499197435897435 0.2581594423076923 0.8539325833333333 0.2581594423076923
17 0.7576243974358975 0.25414660256410254 0.7656500801282051 0.25414660256410254 0.7664526474358975 0.25334403525641025 0.7688603525641026 0.25334403525641025 0.7728731955128205 0.25093633012820515 0.776083467948718 0.24692348717948717 0.7768860352564102 0.24210808012820514 0.7776886025641025 0.2413055096153846 0.7776886025641025 0.23568753205128204 0.776083467948718 0.23247725961538462 0.7712680576923078 0.2284644198717949 0.7688603525641026 0.22766185256410254 0.7608346698717948 0.22766185256410254 0.7600321025641026 0.2284644198717949 0.7576243974358975 0.2284644198717949 0.7552166923076923 0.23006955448717947 0.7504012852564103 0.23568753205128204 0.7504012852564103 0.23809523717948716 0.7487961474358975 0.2405029423076923 0.7487961474358975 0.24612091987179488 0.7512038525641025 0.25013376282051286 0.7552166923076923 0.25334403525641025 0.7576243974358975 0.25414660256410254
17 0.5505617980769231 0.27982878525641025 0.5585874807692307 0.27982878525641025 0.559390048076923 0.27902621794871796 0.5642054583333334 0.27822364743589745 0.5666131634615384 0.2766185128205128 0.5674157307692307 0.275013375 0.5674157307692307 0.27180310256410256 0.568218298076923 0.27100053525641027 0.568218298076923 0.25976458012820514 0.5666131634615384 0.2557517403846154 0.5634028878205128 0.25414660256410254 0.5553772083333334 0.25334403525641025 0.5545746378205129 0.25414660256410254 0.5497592307692307 0.25494916987179483 0.548154092948718 0.257356875 0.5433386826923077 0.26056714743589743 0.5433386826923077 0.2629748525641026 0.5425361153846153 0.26377741987179487 0.5425361153846153 0.26939539743589747 0.5441412532051283 0.27421080769230766 0.5473515256410256 0.27822364743589745 0.5505617980769231 0.27982878525641025
17 0.6894060993589743 0.2477260576923077 0.6966292147435897 0.2477260576923077 0.6974317820512821 0.24692348717948717 0.7006420544871795 0.24692348717948717 0.7030497596153846 0.24612091987179488 0.7062600320512821 0.24451578525641027 0.7070625993589744 0.24291064743589744 0.7078651698717949 0.2405029423076923 0.7078651698717949 0.23408239743589745 0.7070625993589744 0.2332798301282051 0.7070625993589744 0.23006955448717947 0.7062600320512821 0.2284644198717949 0.7014446217948718 0.2244515769230769 0.6990369166666667 0.22364900961538461 0.6894060993589743 0.2244515769230769 0.6853932596153846 0.22685928205128206 0.682182983974359 0.2316746923076923 0.682182983974359 0.23408239743589745 0.6813804166666666 0.23488496474358975 0.6813804166666666 0.2405029423076923 0.6829855544871796 0.24371321474358973 0.6869983942307692 0.24692348717948717 0.6894060993589743 0.2477260576923077
17 0.52648475 0.20037453205128206 0.5296950256410257 0.20197966987179486 0.5313001602564102 0.20117709935897435 0.5377207051282051 0.20117709935897435 0.539325842948718 0.20037453205128206 0.5401284102564102 0.19555912179487178 0.5417335480769231 0.19315141666666666 0.5425361153846153 0.18432316666666668 0.5425361153846153 0.18271803205128206 0.539325842948718 0.1771000544871795 0.5377207051282051 0.176297483974359 0.5353130032051282 0.176297483974359 0.5345104326923077 0.17549491666666667 0.5280898878205128 0.17549491666666667 0.5272873205128205 0.176297483974359 0.524077048076923 0.176297483974359 0.5208667724358974 0.1787051891025641 0.5184590705128205 0.18432316666666668 0.5184590705128205 0.1875334391025641 0.5176565 0.1883360096153846 0.5184590705128205 0.18913857692307692 0.5184590705128205 0.19154628205128205 0.5192616378205128 0.19315141666666666 0.52648475 0.20037453205128206
17 0.6556982339743589 0.2918673076923077 0.6589085064102564 0.2894596025641026 0.6613162115384615 0.28624933012820514 0.6637239166666666 0.27902621794871796 0.6637239166666666 0.27421080769230766 0.6621187788461539 0.270197967948718 0.6581059391025641 0.26618512499999997 0.6581059391025641 0.2653825576923077 0.6524879615384616 0.2629748525641026 0.6468699839743589 0.2629748525641026 0.6460674166666667 0.26377741987179487 0.6412520064102564 0.2645799903846154 0.6396468685897436 0.26618512499999997 0.6388443012820513 0.2677902628205128 0.6388443012820513 0.27340824038461536 0.6468699839743589 0.2806313525641026 0.6492776891025641 0.2854467628205128 0.6500802564102565 0.2934724455128205 0.6556982339743589 0.2918673076923077
17 0.631621189102564 0.24291064743589744 0.6404494391025641 0.24291064743589744 0.6412520064102564 0.24210808012820514 0.6436597115384616 0.24210808012820514 0.6484751217948718 0.23970037500000002 0.6500802564102565 0.23729266987179487 0.6500802564102565 0.2316746923076923 0.6492776891025641 0.22926698717948718 0.6484751217948718 0.22766185256410254 0.6436597115384616 0.22284644230769232 0.6412520064102564 0.22204387499999997 0.634028891025641 0.22204387499999997 0.6300160512820513 0.22364900961538461 0.6268057788461538 0.22685928205128206 0.6260032115384616 0.2284644198717949 0.6260032115384616 0.2316746923076923 0.625200641025641 0.23247725961538462 0.6260032115384616 0.23408239743589745 0.6260032115384616 0.23809523717948716 0.629213483974359 0.24210808012820514 0.631621189102564 0.24291064743589744
17 0.5248796153846154 0.24612091987179488 0.5256821826923077 0.24692348717948717 0.5288924551282052 0.248528625 0.539325842948718 0.248528625 0.5409309775641026 0.24692348717948717 0.5409309775641026 0.24371321474358973 0.5433386826923077 0.23970037500000002 0.5433386826923077 0.23408239743589745 0.5425361153846153 0.23247725961538462 0.539325842948718 0.22926698717948718 0.5337078653846153 0.22926698717948718 0.5329052980769231 0.22766185256410254 0.5321027275641026 0.22766185256410254 0.5296950256410257 0.2284644198717949 0.5288924551282052 0.23006955448717947 0.5224719102564103 0.23247725961538462 0.5216693429487179 0.2332798301282051 0.5216693429487179 0.23568753205128204 0.5224719102564103 0.23649010256410258 0.5224719102564103 0.2413055096153846 0.5248796153846154 0.24291064743589744 0.5248796153846154 0.24612091987179488
16 0.5296950256410257 0.20197966987179486 0.5216693429487179 0.2059925096153846 0.5208667724358974 0.21722846474358976 0.5248796153846154 0.2244515769230769 0.5425361153846153 0.21883359935897437 0.5433386826923077 0.21161048717948716 0.539325842948718 0.2035848044871795 0.5296950256410257 0.20197966987179486
16 0.6492776891025641 0.2830390576923077 0.6396468685897436 0.27260567307692307 0.6276083461538462 0.27260567307692307 0.6195826634615385 0.27902621794871796 0.6179775288461539 0.2918673076923077 0.6243980737179486 0.3039058333333333 0.6396468685897436 0.3039058333333333 0.6460674166666667 0.2998929903846154 0.6492776891025641 0.2942750128205128 0.6492776891025641 0.2830390576923077
16 0.8868378814102564 0.3263777435897436 0.8812199038461538 0.3103263782051282 0.8739967884615385 0.30470840064102567 0.8515248782051282 0.30551096794871796 0.840288923076923 0.3183520608974359 0.840288923076923 0.3352059935897436 0.8483146057692307 0.3464419487179487 0.8547351538461538 0.34804708333333334 0.8739967884615385 0.3464419487179487 0.8812199038461538 0.34082397115384616 0.8868378814102564 0.3263777435897436
16 0.8041733557692308 0.2934724455128205 0.7833065801282051 0.29748528525641027 0.7768860352564102 0.30551096794871796 0.776083467948718 0.31995719551282054 0.7857142852564102 0.3319957211538462 0.8073836282051282 0.3319957211538462 0.817817016025641 0.320759766025641 0.817817016025641 0.3031032628205128 0.8041733557692308 0.2934724455128205
16 0.572231141025641 0.35125735576923073 0.5778491185897436 0.3584804711538461 0.5842696634615384 0.3464419487179487 0.5818619583333333 0.33440342307692306 0.5738362756410256 0.3432316762820513 0.572231141025641 0.35125735576923073
16 0.6958266442307692 0.5591225256410256 0.6958266442307692 0.562332798076923 0.7014446217948718 0.5647405032051283 0.7046548942307692 0.5575173878205129 0.6998394871794872 0.5575173878205129 0.6958266442307692 0.5591225256410256
16 0.6677367564102564 0.38255751602564103 0.679775282051282 0.3769395384615385 0.6677367564102564 0.3279828782051282 0.6589085064102564 0.31995719551282054 0.6428571442307692 0.3167469230769231 0.6268057788461538 0.320759766025641 0.616372391025641 0.3287854455128205 0.6155698237179487 0.386570358974359 0.6195826634615385 0.3921883365384616 0.6284109134615384 0.3978063141025641 0.6468699839743589 0.39700374679487177 0.664526483974359 0.3889780641025641 0.6677367564102564 0.38255751602564103
16 0.539325842948718 0.2477260576923077 0.5216693429487179 0.25013376282051286 0.5048154102564103 0.26136971794871794 0.5048154102564103 0.27421080769230766 0.5152487948717949 0.2806313525641026 0.5417335480769231 0.27100053525641027 0.5473515256410256 0.257356875 0.5449438205128205 0.25093633012820515 0.539325842948718 0.2477260576923077
17 0.9943820224358974 0.30711610576923076 0.9975922948717949 0.3087212403846154 0.9991974326923077 0.3087212403846154 0.9991974326923077 0.27421080769230766 0.9975922948717949 0.27421080769230766 0.9943820224358974 0.2758159455128205 0.9895666121794872 0.2806313525641026 0.9879614775641026 0.283841625 0.9863563397435897 0.2894596025641026 0.9863563397435897 0.296682717948718 0.9871589070512821 0.29748528525641027 0.9871589070512821 0.2998929903846154 0.9879614775641026 0.30149812820512817 0.9943820224358974 0.30711610576923076
18 0.6789727115384615 0.37613697115384614 0.6677367564102564 0.3311931506410256 0.6581059391025641 0.31995719551282054 0.6412520064102564 0.3175494903846154 0.6268057788461538 0.32156233333333334 0.616372391025641 0.32958801602564103 0.6187800961538462 0.35794515705128205 0.6155698237179487 0.38576779166666664 0.6235955064102564 0.39539860897435897 0.6300160512820513 0.3986088814102564 0.6540930993589743 0.39539860897435897 0.6789727115384615 0.37613697115384614
22 0.559390048076923 0.5278223653846154 0.5585874807692307 0.551096842948718 0.5674157307692307 0.5535045480769231 0.5882825032051282 0.5238095224358974 0.5906902083333333 0.5109684326923077 0.5762439807692308 0.511771 0.559390048076923 0.5278223653846154
22 0.4382022467948718 0.5775815929487179 0.45585874679487176 0.5663456378205128 0.460674157051282 0.5615302307692307 0.4654895673076923 0.5470840032051283 0.46468699679487174 0.5350454775641026 0.4550561794871795 0.5197966826923077 0.4382022467948718 0.5085607275641026 0.4237560192307693 0.5101658653846154 0.40770465384615384 0.5173889775641026 0.40048154166666666 0.527019798076923 0.3956661314102564 0.542268592948718 0.3948635641025641 0.5518994102564102 0.4044943814102564 0.571161048076923 0.4117174967948718 0.5775815929487179 0.4261637243589744 0.5775815929487179 0.42857142948717947 0.5799892980769231 0.4382022467948718 0.5775815929487179
18 0.6741573044871795 0.5535045480769231 0.6701444615384615 0.5502942756410256 0.6380417339743589 0.551096842948718 0.6396468685897436 0.5591225256410256 0.6508828237179488 0.5655430705128205 0.6573033717948719 0.5735687532051282 0.6685393269230769 0.5735687532051282 0.6749598717948718 0.5687533429487179 0.6741573044871795 0.5535045480769231
18 0.7022471923076923 0.5679507756410256 0.7062600320512821 0.5518994102564102 0.6950240769230769 0.5591225256410256 0.6942215096153846 0.5647405032051283 0.7022471923076923 0.5679507756410256
7 0.7905296955128205 0.2942750128205128 0.8105939006410257 0.27982878525641025 0.8306581057692307 0.275013375 0.8378812211538462 0.19395398717948717 0.844301766025641 0.17388978205128205 0.921348314102564 0.1698769391025641 0.9422150897435898 0.17067950641025642 0.9462279294871795 0.17388978205128205 0.9550561794871795 0.1698769391025641 0.9991974326923077 0.1698769391025641 0.9991974326923077 0.16666666666666666 0.8162118782051282 0.16666666666666666 0.8081861955128204 0.23970037500000002 0.784911717948718 0.28624933012820514 0.7841091506410256 0.2950775801282051 0.7905296955128205 0.2942750128205128
8 0.5208667724358974 0.2493311923076923 0.5272873205128205 0.25494916987179483 0.5313001602564102 0.26939539743589747 0.5361155705128205 0.27180310256410256 0.5401284102564102 0.27100053525641027 0.5449438205128205 0.25494916987179483 0.5425361153846153 0.25013376282051286 0.5441412532051283 0.24291064743589744 0.5425361153846153 0.22204387499999997 0.5449438205128205 0.21642589743589744 0.5433386826923077 0.20759764423076923 0.5465489551282051 0.18592830448717948 0.5401284102564102 0.16666666666666666 0.5128410929487179 0.16666666666666666 0.5120385224358974 0.17228464423076922 0.5192616378205128 0.21963616987179485 0.5184590705128205 0.2388978076923077 0.5208667724358974 0.2493311923076923
11 0.34510433333333335 0.3520599262820513 0.34670947115384615 0.34804708333333334 0.3418940608974359 0.3376136987179487 0.3081861955128205 0.3231674679487179 0.3081861955128205 0.3167469230769231 0.317817016025641 0.3119315128205128 0.3097913333333333 0.3111289455128205 0.28731942307692304 0.31995719551282054 0.2825040128205128 0.32958801602564103 0.3130016057692308 0.3456393782051282 0.3138041730769231 0.34965222115384614 0.2014446217948718 0.3801498141025641 0.18860353205128205 0.38255751602564103 0.16131621153846154 0.3568753333333334 0.1484751217948718 0.35045478846153844 0.10593900641025641 0.3584804711538461 0.10754414102564103 0.3624933108974359 0.13483146153846154 0.3584804711538461 0.17255216666666667 0.3921883365384616 0.18860353205128205 0.39379347115384616 0.33146067307692306 0.35767790384615383 0.34510433333333335 0.3520599262820513
5 0.44622792948717954 0.7075976442307692 0.3900481538461539 0.7437132147435898 0.36677367628205126 0.7541466025641026 0.28491171794871795 0.8039058333333333 0.25200641987179484 0.8183520608974358 0.24799358012820513 0.8239700384615384 0.23515248717948717 0.8303905833333334 0.23194221474358975 0.8336008557692307 0.263242375 0.8336008557692307 0.27126805769230766 0.829588016025641 0.4807383621794871 0.7035848044871795 0.4839486346153846 0.6883360096153845 0.44622792948717954 0.7075976442307692
5 0.35914927884615383 0.7316746923076922 0.37239165384615386 0.730872125 0.37881219871794874 0.7236490096153846 0.392455858974359 0.7212413044871795 0.39967897115384615 0.7132156217948717 0.4052969487179487 0.7124130544871795 0.40609951923076926 0.7067950769230769 0.42857142948717947 0.7003745320512821 0.48475120512820513 0.6666666666666666 0.4895666121794872 0.6546281442307692 0.4807383621794871 0.6554307115384616 0.3972712692307692 0.7059925096153846 0.39406099358974356 0.7051899423076923 0.1837881217948718 0.8247726057692307 0.17014446153846152 0.8336008557692307 0.20626003205128202 0.8336008557692307 0.3290529679487179 0.7589620128205128 0.3330658108974359 0.7501337628205128 0.344301766025641 0.7493311923076923 0.35914927884615383 0.7316746923076922
5 0.993579455128205 0.3873729262820513 0.8627608333333333 0.4668271794871795 0.8587479935897436 0.47244515705128204 0.8764044935897436 0.4708400224358974 0.8868378814102564 0.4652220448717949 0.9991974326923077 0.3986088814102564 0.9991974326923077 0.38817549358974357 0.993579455128205 0.3873729262820513
24 0.5272873205128205 0.17469234935897435 0.5200642051282051 0.17950775961538462 0.5176565 0.19315141666666666 0.5208667724358974 0.20117709935897435 0.5385232756410256 0.20117709935897435 0.5441412532051283 0.19074371474358975 0.5409309775641026 0.1779026217948718 0.5272873205128205 0.17469234935897435
24 0.539325842948718 0.22605671474358977 0.5224719102564103 0.22605671474358977 0.5208667724358974 0.23006955448717947 0.5200642051282051 0.2405029423076923 0.5232744775641026 0.248528625 0.5329052980769231 0.25013376282051286 0.5417335480769231 0.24612091987179488 0.5441412532051283 0.2332798301282051 0.539325842948718 0.22605671474358977
20 0.5248796153846154 0.25013376282051286 0.5232744775641026 0.25494916987179483 0.530497592948718 0.270197967948718 0.5417335480769231 0.27180310256410256 0.5457463878205129 0.25093633012820515 0.5401284102564102 0.24612091987179488 0.5248796153846154 0.25013376282051286
20 0.5288924551282052 0.20197966987179486 0.5216693429487179 0.20759764423076923 0.5208667724358974 0.2204387371794872 0.5248796153846154 0.22766185256410254 0.5401284102564102 0.2284644198717949 0.5441412532051283 0.21642589743589744 0.5417335480769231 0.2043873717948718 0.5288924551282052 0.20197966987179486
5 0.9919743173076924 0.38576779166666664 0.9991974326923077 0.3809523814102564 0.9991974326923077 0.36811128846153846 0.7913322628205128 0.4844836826923077 0.7897271282051282 0.4876939551282051 0.7929374006410256 0.49010165705128206 0.8073836282051282 0.4876939551282051 0.8242375608974359 0.47485286217948713 0.8515248782051282 0.46281433974358976 0.9919743173076924 0.38576779166666664
9 0.4807383621794871 0.6024612083333333 0.4855537724358974 0.6064740512820513 0.4983948621794872 0.6072766185897436 0.5176565 0.601658641025641 0.5256821826923077 0.6024612083333333 0.5313001602564102 0.5928303910256411 0.5401284102564102 0.5920278237179487 0.5409309775641026 0.584002141025641 0.5553772083333334 0.5727661858974359 0.5858747980769231 0.527019798076923 0.5882825032051282 0.5077581602564103 0.5850722307692308 0.50294275 0.5714285705128206 0.5061530224358974 0.568218298076923 0.5037453173076923 0.5690208653846154 0.4997324775641025 0.5658105929487179 0.5005350448717949 0.5642054583333334 0.5077581602564103 0.5577849102564103 0.50294275 0.5280898878205128 0.5053504551282051 0.5152487948717949 0.49892991025641026 0.5032102724358974 0.5013376121794872 0.49759229487179485 0.5141787051282051 0.5008025673076923 0.5230069551282052 0.48876404487179487 0.5310326378205128 0.48635633974358977 0.5374531826923077 0.4638844294871795 0.5559122532051283 0.4582664519230769 0.5647405032051283 0.44622792948717954 0.5727661858974359 0.4422150897435897 0.5703584807692307 0.4373996794871795 0.5791867307692308 0.4317817019230769 0.5775815929487179 0.41252006410256403 0.5831995705128206 0.4149277692307692 0.5944355256410256 0.427768858974359 0.6032637788461539 0.43980738461538466 0.601658641025641 0.45585874679487176 0.6072766185897436 0.46468699679487174 0.601658641025641 0.4807383621794871 0.6024612083333333
9 0.7536115576923077 0.5743713205128206 0.7576243974358975 0.575173891025641 0.7640449423076924 0.5960406634615385 0.8097913333333333 0.5936329583333333 0.8186195833333334 0.590422685897436 0.8234349903846154 0.5848047083333333 0.8499197435897435 0.5823970032051282 0.8587479935897436 0.5791867307692308 0.8691813814102565 0.5647405032051283 0.8772070641025641 0.5639379358974359 0.8739967884615385 0.5567148205128205 0.8643659711538462 0.5559122532051283 0.8507223108974359 0.5494917083333334 0.8410914935897436 0.5494917083333334 0.8362760833333334 0.5454788653846153 0.7985553782051282 0.533440342948718 0.7929374006410256 0.5350454775641026 0.7897271282051282 0.5318352051282051 0.7784911730769232 0.5310326378205128 0.7744783301282051 0.5358480480769231 0.7616372403846154 0.5342429102564102 0.7359550576923076 0.5446762980769231 0.7439807371794872 0.5478865705128205 0.7439807371794872 0.5551096858974359 0.7479935801282052 0.5567148205128205 0.7471910128205128 0.5759764583333333 0.7512038525641025 0.5791867307692308 0.7536115576923077 0.5743713205128206
9 0.7504012852564103 0.5944355256410256 0.736757625 0.590422685897436 0.7359550576923076 0.5655430705128205 0.7303370801282052 0.5502942756410256 0.7319422147435898 0.5446762980769231 0.7199036923076922 0.5430711602564102 0.7078651698717949 0.5494917083333334 0.6990369166666667 0.542268592948718 0.6958266442307692 0.5438737307692307 0.6934189391025641 0.5462814326923077 0.6950240769230769 0.5615302307692307 0.7054574647435897 0.571161048076923 0.7094703044871795 0.5848047083333333 0.723916532051282 0.5960406634615385 0.7504012852564103 0.5944355256410256
17 0.577046548076923 0.511771 0.5601926153846153 0.527019798076923 0.5601926153846153 0.5502942756410256 0.568218298076923 0.5527019807692307 0.5858747980769231 0.5294274999999999 0.5906902083333333 0.5101658653846154 0.5882825032051282 0.5077581602564103 0.577046548076923 0.511771