12 0.20374326923076924 0.24908416666666666 0.1538641185897436 0.22352203205128204 0.11359209615384615 0.220110016025641 0.051366022435897433 0.23191968910256408 0.021867330128205128 0.2610568173076923 0.01689698717948718 0.27970070512820516 0.015106951923076924 0.29743047756410257 0.01790532051282051 0.3085755576923077 0.03294113141025641 0.3482033717948718 0.04727670512820513 0.3677791955128205 0.08560845833333333 0.3616222756410256 0.12617839423076924 0.35056885576923075 0.20717821794871796 0.3244516121794872 0.21494692628205128 0.31695280769230766 0.21469484294871796 0.30973409294871795 0.21054440064102564 0.3058637435897436 0.1929903141025641 0.26311164102564105 0.19287827884615386 0.25990332692307694 0.19763473717948718 0.2581311121794872 0.20374326923076924 0.24908416666666666
12 0.0789779423076923 0.3787180256410257 0.07834391346153846 0.3835585096153846 0.08982510897435898 0.390385092948718 0.08678484615384616 0.39530960897435896 0.1364399230769231 0.4144551057692307 0.15162341346153846 0.4123187724358975 0.19841391987179488 0.39542672115384614 0.22523646794871793 0.381641141025641 0.23584937499999997 0.36360326282051286 0.23401095512820516 0.33395433974358973 0.2306345833333333 0.3292539006410256 0.21777330128205127 0.32889996794871795 0.10345026923076925 0.3666206282051282 0.0844244423076923 0.373709483974359 0.0789779423076923 0.3787180256410257
12 0.5944653782051282 0.16958914102564102 0.5872746730769232 0.1706433044871795 0.5838142724358975 0.163536625 0.5549394198717948 0.16454495833333332 0.5536153525641025 0.17262176923076925 0.5449885448717949 0.17854442628205128 0.5351955352564103 0.1740680608974359 0.5399723717948718 0.21887246474358973 0.5520595801282051 0.22005648717948717 0.566990983974359 0.21070143589743592 0.5885911057692308 0.20834103205128207 0.593897560897436 0.19932209615384616 0.5930292756410257 0.1744576346153846 0.6017120993589743 0.17013913782051282 0.5975056410256411 0.1646646282051282 0.5944653782051282 0.16958914102564102
12 0.5688854230769231 0.24195452564102565 0.5678872788461539 0.23636797756410255 0.5726717467948718 0.23539783974358974 0.5748819198717948 0.2296992596153846 0.5860550128205129 0.22770297115384616 0.5945977916666667 0.21937407692307692 0.5903353141025641 0.21229540705128203 0.5830885897435898 0.21174541346153847 0.5450369294871795 0.225923125 0.5429107820512821 0.2340279455128205 0.5480033525641026 0.2418806826923077 0.5688854230769231 0.24195452564102565
15 0.585505016025641 0.2349496923076923 0.5990843429487179 0.23286938141025643 0.6180261474358975 0.2233742852564103 0.6179141089743589 0.22016596794871796 0.6275110544871795 0.21902777884615388 0.6392061314102564 0.20898268910256412 0.63580175 0.20348016987179487 0.6388700224358974 0.19935773397435896 0.6330313910256411 0.19313716666666667 0.612373391025641 0.19947996153846154 0.5934876121794872 0.21057921474358976 0.5837047916666667 0.22939115705128207 0.585505016025641 0.2349496923076923
15 0.28722828205128204 0.3401265224358974 0.31103857692307696 0.33206753205128203 0.3145269871794872 0.3399762884615385 0.32987853205128204 0.34265242948717944 0.3528867467948718 0.3346214519230769 0.5271034615384615 0.26429307371794875 0.5476214102564102 0.2539398846153846 0.5585984391025641 0.24632903846153845 0.5608366217948718 0.24143253525641023 0.5389462147435897 0.21248384294871797 0.5311571314102564 0.17340602884615383 0.5236583269230769 0.16563731730769232 0.38730483974358976 0.17039888782051282 0.3819423685897436 0.17781366666666665 0.3754417051282051 0.17563150320512821 0.36136840064102566 0.1865626955128205 0.3283430993589744 0.18370067948717947 0.2923615673076923 0.18816941346153845 0.2780921955128205 0.19348605448717948 0.25481407692307695 0.21678455448717948 0.2570166153846154 0.2568605096153846 0.2790852628205128 0.31390998717948715 0.27762115064102566 0.31797640384615383 0.2823037692307692 0.3370862628205128 0.28722828205128204 0.3401265224358974
15 0.5979817980769231 0.17829997435897438 0.5876948108974359 0.18267449358974358 0.5882830064102564 0.19951816025641025 0.6018623365384616 0.19743784294871794 0.6067588365384616 0.19967602564102566 0.6216622371794872 0.18951890064102564 0.6272767916666667 0.18932283653846155 0.6451364198717949 0.17183495833333334 0.6401839006410257 0.16799261538461538 0.6399598269230768 0.16157598076923077 0.5950433846153846 0.1631444967948718 0.5979817980769231 0.17829997435897438
12 0.6403799647435898 0.17360716987179486 0.6286008557692307 0.18124602243589744 0.6287689102564104 0.1860585 0.6320052403846154 0.18674854166666668 0.641434125 0.180797875 0.6550134551282051 0.17871755769230768 0.6654404871794872 0.1783534391025641 0.6704210160256411 0.18299785897435897 0.6734332692307692 0.17727126923076922 0.6632201249999999 0.16076371153846156 0.6383556666666667 0.161632 0.6403799647435898 0.17360716987179486
10 0.5841173301282051 0.5401599711538462 0.599608923076923 0.5468465128205128 0.624277314102564 0.5403636698717948 0.6248833301282051 0.5347211057692308 0.636522391025641 0.5230718589743589 0.6360640544871795 0.48695027884615383 0.6293393173076923 0.4783514807692308 0.6129896314102564 0.4700887916666666 0.5943737532051282 0.46592052884615387 0.5676352307692307 0.48211234935897435 0.5623287756410256 0.4911312884615384 0.56433525 0.5255926891025641 0.5841173301282051 0.5401599711538462
10 0.8272491794871795 0.25863009935897435 0.8330776185897435 0.24156236217948718 0.8303912884615385 0.23362559615384618 0.825438766025641 0.2297832532051282 0.8077089935897436 0.22799321794871794 0.7959298878205129 0.2356320705128205 0.7930576826923077 0.2453690608974359 0.7935058301282051 0.25820232692307693 0.7985143717948718 0.2636488269230769 0.8162441442307692 0.26543886217948715 0.8272491794871795 0.25863009935897435
10 0.9178459423076922 0.23137466666666667 0.9205882916666667 0.24091559294871795 0.9180802051282052 0.26107961217948716 0.9236947628205129 0.2608835480769231 0.9306894006410256 0.25421482692307695 0.9326194807692308 0.24049545512820514 0.9266688141025642 0.23106656730769232 0.9178459423076922 0.23137466666666667
10 0.5911679551282051 0.2821323269230769 0.5827270224358975 0.27038123076923076 0.5666294166666667 0.2693372564102564 0.5580306185897436 0.27606199038461543 0.5543003173076924 0.2842228301282051 0.5540864326923077 0.3010945064102564 0.5575188237179487 0.30739910576923074 0.5824953205128205 0.3097391378205128 0.588771907051282 0.30550466346153843 0.5911679551282051 0.2821323269230769
2 0 0.5087275544871794 0.00023923076923076922 0.5155782275641025 0.025681695512820513 0.5082653012820513 0.06273521153846154 0.4885010448717949 0.20360070192307692 0.4289740064102564 0.3071325833333333 0.3811904358974359 0.4156169903846154 0.3372492051282051 0.5396668237179487 0.27911244230769233 0.5478556730769231 0.2836448269230769 0.5496558942307692 0.28920336217948717 0.5542723076923077 0.28342075320512816 0.5563144262820513 0.2729096923076923 0.5625910128205128 0.26867522435897434 0.5875114903846154 0.2694110961538462 0.6021908141025641 0.2528373365384615 0.6085234198717949 0.25020702243589743 0.611069701923077 0.25413339102564103 0.6215807628205129 0.25617550961538466 0.6141379743589744 0.2500109583333333 0.6156020865384615 0.24594454487179485 0.6219346923076923 0.24331423076923078 0.6316156666666667 0.24458227884615383 0.6306455288461539 0.2397978141025641 0.6377241987179487 0.23553533333333335 0.6489533076923077 0.23514320192307692 0.6552298974358974 0.230908733974359 0.656946092948718 0.23406103205128204 0.6559199423076922 0.22767240705128203 0.6614224583333334 0.2242680224358974 0.70099425 0.20762805769230772 0.7063108878205129 0.2218974294871795 0.7041109038461538 0.2508843205128205 0.6985345480769231 0.2751707756410256 0.6991787596153847 0.29361859615384617 0.6767791121794872 0.36506986217948717 0.6765372179487179 0.3811394583333333 0.6956572628205128 0.39974515064102567 0.7054502724358974 0.4042215192307692 0.7630039166666667 0.39659029807692303 0.7681143044871795 0.3819568076923077 0.7691582788461538 0.3658592019230769 0.753786358974359 0.31660643910256414 0.7521440032051282 0.2925720705128205 0.7663166057692308 0.19249803205128208 0.7615499583333334 0.1709819358974359 0.7658862756410256 0.15717853205128204 0 0.1839238685897436 0 0.5087275544871794
0 1 0.7125356602564102 0.23901441666666665 0.4542382275641026 0.22540707692307693 0.45551646474358976 0.22093071474358977 0.46530946794871797 0.21523213141025638 0.46309929487179485 0.20245487820512822 0.46515160256410254 0.20093475 0.467613858974359 0.20832151602564103 0.4721742532051282 0.3295959166666667 0.5185318717948718 1 0.7638193333333333 1 0.7125356602564102