11 1 0.42531823717948714 0.7792780608974359 0.620306842948718 0.7710892115384615 0.6248392275641026 0.5994009326923077 0.7810613365384615 0.5861016923076924 0.7709602307692308 0.4165803461538462 0.5891708397435897 0.31575516987179486 0.4868738846153846 0.2980635929487179 0.4645735288461539 0.2592200416666667 0.4270795 0.2536615064102564 0.4252792788461539 0.2524214647435898 0.4147962275641026 0.25983624679487183 0.4094337532051282 0.25265572756410254 0.38509128205128207 0.2567323301282051 0.3603388621794872 0.26771954807692305 0.34466139423076925 0.2742202083333333 0.34247923076923076 0.27516233333333334 0.33849684294871796 0.28077688782051285 0.338692907051282 0.28418127243589747 0.333190391025641 0.28896573717948715 0.33416052243589744 0.2963245 0.3304022115384615 0.2980687019230769 0.3264478333333333 0.3181767051282051 0.32554390705128206 0.31911883012820513 0.321561516025641 0.34229510256410256 0.32478002243589743 0.3588306666666667 0.33419108974358974 0.3639512467948718 0.32553627243589744 0.3654815641025641 0.3047102211538461 0.37981714423076923 0.28513439102564103 0.2181204903846154 0.3622027371794872 0.21319597435897436 0.3652429967948718 0.2112557051282051 0.3748119294871795 0.2033189391025641 0.3721255993589744 0.19739628205128204 0.38075241025641027 0.18605513461538462 0.38356859615384614 0.1809065512820513 0.3930254935897436 0.1743778782051282 0.39600973397435896 0.16917327243589744 0.40707079166666665 0.17004918910256409 0.4279808717948718 0.18986691346153847 0.45838604487179485 0.2790428397435898 0.5723220608974359 0.45307619551282047 0.8088769198717949 0.47082379166666666 0.8295731153846154 0.48194086538461545 0.8331735608974359 0.732189608974359 0.841912439102564 0.7387462916666667 0.8381261185897435 0.7427286762820513 0.8390682435897435 0.7610186346153847 0.8212366217948718 0.7645070416666666 0.8133278653846154 0.7868354070512821 0.7948342115384615 0.7911258974358975 0.7869534647435897 0.805209391025641 0.7745963493589744 0.8062075384615385 0.7690098044871795 0.8326863429487179 0.7466458012820513 0.8503702852564103 0.7231716153846154 0.8877802852564104 0.6867343012820513 0.8920987852564102 0.6780514775641026 0.9169174134615385 0.657235608974359 0.9396098974358975 0.6283149262820513 0.9711532628205128 0.5989002628205129 0.9971660993589743 0.5668832980769231 1 0.4468638717948718 1 0.42531823717948714
11 0.6003354903846154 0.22537824038461537 0.5913267435897436 0.20739638141025643 0.5858802435897436 0.20238784615384614 0.5861043173076923 0.19597120833333334 0.5813758685897437 0.19339691666666667 0.5676564903846154 0.19532699679487178 0.5663044166666668 0.18805226602564104 0.5575935801282051 0.18453584615384616 0.5471385416666666 0.18497380448717948 0.5441823076923077 0.17764305448717949 0.5336712467948718 0.17968517307692308 0.5367675288461539 0.18300552564102565 0.5326731057692308 0.18527171794871794 0.5459443333333334 0.19617490705128204 0.5457762788461539 0.20098738461538462 0.535871233974359 0.2086720641025641 0.40842209615384617 0.27087520833333334 0.42706598076923075 0.2659048653846154 0.43740898717948723 0.26867522435897434 0.4420253974358974 0.27445783333333335 0.45165034935897436 0.2747939455128205 0.4633454262820513 0.28483903525641024 0.4872677628205129 0.28968970833333335 0.5805814198717949 0.23914344551282055 0.6003354903846154 0.22537824038461537
21 0.5097335833333333 0.5892115897435897 0.5567125192307693 0.5547145512820513 0.5618611025641026 0.5452576506410256 0.5632615641025641 0.5051536858974358 0.5909982307692307 0.5157589583333334 0.6014812788461539 0.514518923076923 0.6358688429487179 0.4956433269230769 0.6646978685897437 0.47496750961538464 0.6689323365384615 0.4686909198717949 0.670286967948718 0.4069028044871795 0.6685529519230768 0.38756887179487176 0.6639645512820512 0.38098418269230766 0.5976262307692307 0.34895447115384615 0.5864251282051283 0.34776026282051287 0.570961544871795 0.35364472115384615 0.566737266025641 0.33663299999999996 0.5526359455128205 0.32650388461538465 0.5068715961538461 0.3032232083333333 0.49237815064102564 0.30432320192307694 0.46016511858974357 0.28392491987179486 0.4261518653846154 0.26908517307692303 0.4092241730769231 0.27090321794871797 0.3699120961538462 0.2928190737179487 0.36143297115384615 0.3286605608974359 0.3478256314102564 0.32738232692307695 0.342407141025641 0.3215717051282051 0.3304879871794872 0.31794325 0.3063135705128205 0.32031129166666666 0.27115193910256413 0.3383567980769231 0.2542420641025641 0.36266107051282054 0.25334576923076924 0.388327608974359 0.25914620512820513 0.40619742948717946 0.2734894134615385 0.43239614102564106 0.296049483974359 0.453260391025641 0.3246442467948718 0.46228951602564106 0.3359752051282051 0.48276163782051285 0.3561570448717949 0.5027397820512821 0.3909443717948718 0.5184096153846154 0.40500749038461537 0.5526291217948718 0.4212069423076923 0.5716651378205128 0.43829250320512825 0.5883229294871796 0.47072960897435895 0.6023045769230769 0.4868552243589744 0.6004585256410256 0.5097335833333333 0.5892115897435897
16 0.4715851858974359 0.41682818910256414 0.45523549679487185 0.4250908782051282 0.41832965705128206 0.44709076282051285 0.3926809423076923 0.4686806987179487 0.3911404358974359 0.512795060897436 0.4035153653846154 0.5493647884615385 0.41811066346153847 0.5683447852564103 0.44221887499999996 0.5908692147435897 0.4675493012820513 0.6013904583333334 0.48522305448717945 0.6012045833333334 0.5154881826923077 0.5853972596153846 0.5517319871794871 0.5593589679487179 0.5609749967948718 0.5476358814102564 0.5625995320512821 0.5011152820512821 0.5560072083333333 0.45992914423076925 0.527860592948718 0.43806675 0.48762677243589747 0.41738837500000003 0.4715851858974359 0.41682818910256414
16 0.3884133878205128 0.36092197756410255 0.3508175064102564 0.37968553525641024 0.3218484358974359 0.40437175 0.32050399358974363 0.4428715576923077 0.3344830833333333 0.4794973044871795 0.356959125 0.5027677916666666 0.38618791346153847 0.5166374006410256 0.39183047756410255 0.5160313878205128 0.3890422980769231 0.5038881602564103 0.38999461217948717 0.4766174615384615 0.3952832435897436 0.46315016987179486 0.46926297435897435 0.41433792307692313 0.467332891025641 0.4006185480769231 0.46116834294871795 0.3931757628205128 0.43053146153846156 0.3736355769230769 0.3980663461538462 0.36045600961538465 0.3884133878205128 0.36092197756410255
16 0.3304039615384615 0.32034949038461535 0.3159945416666667 0.31904324038461535 0.2834352115384616 0.33155822115384614 0.27106791025641025 0.34076303205128206 0.25676033974358975 0.35953677884615387 0.25401799038461537 0.3690777051282051 0.25483789423076925 0.3915919455128205 0.25992027243589744 0.407027516025641 0.2743475096153846 0.43081999038461544 0.2921231153846154 0.4507141057692308 0.3230961057692308 0.4606293397435897 0.31823780128205126 0.43877713461538465 0.3219324647435898 0.401965516025641 0.3475811826923077 0.38037558012820516 0.3859791378205128 0.3616400288461538 0.3885814423076923 0.3561095 0.382416891025641 0.34866671474358973 0.35966075320512825 0.3334170192307692 0.3304039615384615 0.32034949038461535
16 0.3821953717948718 0.28602049999999996 0.3696600128205128 0.30003778846153845 0.3660875769230769 0.31035278525641025 0.36386721794871796 0.3279425096153846 0.36754150320512824 0.33770750641025643 0.3824729102564102 0.3470625544871795 0.39250781089743586 0.35865578525641023 0.40608714102564103 0.3607361025641026 0.4329657083333333 0.37291752564102565 0.4364923173076923 0.34091838141025643 0.4514339102564102 0.3269851185897436 0.4842173108974359 0.3080535032051282 0.485961516025641 0.3040991282051282 0.47985298076923083 0.2950521826923077 0.47277431730769226 0.29078969871794874 0.4189611602564102 0.26803101282051284 0.3821953717948718 0.28602049999999996
16 0.49237815064102564 0.30432320192307694 0.4588206762820513 0.32242472756410256 0.4364082884615385 0.3433246185897436 0.43534393910256414 0.3738036314102564 0.4635745801282051 0.3932597884615384 0.46973913141025636 0.4007025769230769 0.4724712916666667 0.4144499615384616 0.48530456089743584 0.4148981089743589 0.5105789711538461 0.42702351602564104 0.5130132179487179 0.42630546474358977 0.5158217724358974 0.39187207371794874 0.5701034487179487 0.35522087179487183 0.5689754455128205 0.34152950641025637 0.561290766025641 0.33162446153846153 0.5155824326923076 0.306739625 0.5012850512820513 0.3022250641025641 0.49237815064102564 0.30432320192307694
16 0.5405283653846154 0.3742645224358975 0.5165958429487179 0.39270216025641025 0.5161094967948718 0.4296258173076923 0.5576113685897436 0.45998516025641023 0.5633735993589744 0.5019453685897436 0.5696221826923077 0.5069819198717949 0.5918003108974359 0.5157869679487179 0.6014812788461539 0.514518923076923 0.6375290192307692 0.49409518589743595 0.6689043269230769 0.46949300000000005 0.6685529519230768 0.38756887179487176 0.6631344615384616 0.3817582532051282 0.6347637724358974 0.36631249358974355 0.5968241474358974 0.3489264615384615 0.5863971185897436 0.34856234294871796 0.5405283653846154 0.3742645224358975
6 1 0.3508027532051282 0.9806662083333333 0.34948160576923076 0.9743616121794872 0.34604921474358974 0.9721234294871794 0.34115271153846155 0.9632165288461538 0.34325084615384616 0.9504672884615385 0.34039646153846154 0.9482571153846154 0.3346978782051282 0.9411784487179486 0.3304354006410256 0.9379141121794873 0.33192751923076924 0.9349018589743591 0.3262009262820513 0.9308354423076923 0.32766504166666666 0.9214345673076924 0.32091229487179485 0.8925877211538461 0.31910188461538463 0.8800625512820514 0.3098308653846154 0.8688334423076923 0.30943873397435895 0.8530999551282051 0.3000556794871795 0.8370863814102564 0.29869341666666666 0.8253352852564103 0.290252483974359 0.7982046314102564 0.2852897724358974 0.7975986185897437 0.2796472051282051 0.7462935480769232 0.2770525384615385 0.7424512083333333 0.27210001602564104 0.7217371955128206 0.2673613782051282 0.7176707788461538 0.26882549358974356 0.7025993269230769 0.26348083974358977 0.6940005288461538 0.2567561057692308 0.6763827916666667 0.25533782051282056 0.6662358557692308 0.24695290705128206 0.6365869262820513 0.24511448717948717 0.6256379102564102 0.2367015641025641 0.603179689102564 0.2359173076923077 0.5988892019230769 0.24379805448717948 0.5900383205128206 0.24429203205128205 0.5930785801282051 0.24921654487179487 0.5905603044871796 0.25234083333333335 0.5776710160256411 0.25349684615384616 0.577940923076923 0.2687643621794872 0.5754506570512821 0.2710865737179487 0.5506142051282051 0.26941620833333335 0.5434604198717948 0.2788030801282051 0.536698766025641 0.2769608429487179 0.5267937211538462 0.28464552564102563 0.5244154935897436 0.28375941666666665 0.5202370416666666 0.28843184935897437 0.5208430576923078 0.29407441346153845 0.515032435897436 0.29949290384615385 0.5077577019230769 0.30084497756410256 0.531511983974359 0.3105081314102564 0.5353543237179488 0.31546065064102563 0.5465834326923077 0.3158527788461538 0.5503417467948718 0.32321154166666666 0.5599106794871794 0.32515180769230767 0.5691995192307692 0.3351128717948718 0.5732379262820513 0.33445083974358975 0.576082125 0.344989907051282 0.6025227307692307 0.3467162916666667 0.6071671538461538 0.35169682051282053 0.6396322692307692 0.3648763878205128 0.6695230897435896 0.38278440384615386 0.6726651987179487 0.4077889102564103 0.6723367211538461 0.46318840384615384 0.6645578205128205 0.478977907051282 0.6234175160256411 0.5072543782051282 0.5948685833333334 0.5199094038461539 0.5670478878205127 0.5117103653846155 0.5649853942307692 0.5477759262820513 0.5573745512820513 0.5587529551282051 0.5235089743589744 0.5856773525641026 0.49481999679487176 0.6023427724358975 0.48104460256410253 0.605877016025641 0.46660717307692307 0.6053728493589744 0.4373783878205128 0.5915032371794872 0.40251722435897436 0.5549513333333334 0.3952806891025641 0.5322130192307692 0.39226843589743593 0.5264864294871795 0.3882860512820513 0.5255443012820512 0.38768003525641026 0.5199017371794872 0.3552429294871795 0.5059200897435898 0.34523603846153844 0.4935247820512821 0.33268286217948717 0.48505583974358973 0.32903658333333335 0.47448876282051283 0.3219579166666667 0.47022628205128203 0.32527827243589746 0.4671300032051282 0.3179195096153846 0.4708883173076923 0.319103532051282 0.4829755224358975 0.32546414743589747 0.4848037564102564 0.33243077884615385 0.49227455128205133 0.33223471474358973 0.49788910897435895 0.33759718589743587 0.5053038878205128 0.3400314326923077 0.5045858365384616 0.3546827467948718 0.5219616762820513 0.35869314102564104 0.5221017243589744 0.35929915705128207 0.5277442884615384 0.3687560544871795 0.5328928717948718 0.37243033974358974 0.5426578717948718 0.3841814391025641 0.5510988044871795 0.400380891025641 0.5701348205128206 0.40510933653846154 0.5727091153846154 0.4099778333333333 0.5712730096153846 0.41746645192307696 0.5867926121794872 0.42377104807692306 0.590225 0.4266992724358975 0.5983578333333334 0.43598811538461535 0.6083188942307692 0.46775299679487176 0.6415504423076923 0.47950409615384615 0.649991375 0.481714266025641 0.6556899583333333 0.5050484070512821 0.677384298076923 0.5227679935897436 0.6988825737179487 0.5321968782051282 0.7048332371794872 0.5367012564102565 0.7138241666666667 0.5470442564102564 0.7165945224358975 0.5468201826923077 0.723011157051282 0.5622175576923077 0.7420191666666667 0.5794151538461538 0.7554686378205128 0.5917442596153847 0.770354217948718 0.604549516025641 0.7716044423076923 0.6047175705128206 0.7667919647435897 0.6136524807692307 0.76389175 0.6171689006410257 0.7551809166666666 0.6236135448717949 0.7546029102564102 0.6351787660256409 0.7453700865384615 0.6502043878205128 0.7290305865384615 0.6567330576923077 0.726046342948718 0.6601934583333333 0.7189396634615385 0.6642318653846154 0.7182776314102564 0.6866162435897436 0.6981798205128205 0.6892185480769231 0.6926492948717949 0.6948891217948718 0.6912411987179488 0.7580038621794872 0.6316097916666666 0.7645325320512821 0.6286255480769231 0.7779539967948718 0.6122300288461539 0.7836245705128205 0.6108219391025641 0.7887171346153846 0.6029691987179486 0.7943596987179488 0.6023631858974359 0.8142818269230769 0.5837855032051282 0.8186003269230769 0.5751026762820514 0.8349500096153847 0.5668399903846153 0.8607667852564103 0.5404375769230769 0.8788606762820512 0.5282205096153846 0.889791875 0.514147201923077 0.8962645256410255 0.5127671185897436 0.9833397948717948 0.433896 1 0.4224589262820513 1 0.3508027532051282
6 1 0.3373318076923077 0.986941016025641 0.3345879871794872 0.9715054423076922 0.3396703685897436 0.9441048878205128 0.319440141025641 0.9281193237179488 0.3172758012820513 0.9147360576923077 0.30958092628205125 0.8908417307692307 0.3039281730769231 0.8867473076923077 0.30619436538461536 0.8757702820512819 0.29858352564102564 0.8597847115384616 0.2964191794871795 0.8121641185897436 0.28030119871794873 0.8032292115384616 0.28320141346153843 0.7874957243589744 0.27381835897435897 0.783429310897436 0.27528247115384613 0.7803330320512821 0.2719621153846154 0.7651215352564102 0.27062786217948714 0.7644314903846153 0.26739153525641024 0.7476158333333333 0.26600126282051284 0.7358087179487179 0.25916448717948715 0.7277319070512821 0.2604885544871795 0.7254657147435898 0.2563941314102564 0.7094521378205128 0.25503186538461536 0.7055817852564102 0.25088142628205123 0.6881040993589743 0.24545274679487178 0.6688822019230769 0.2439784455128205 0.6642097724358974 0.2397999903846154 0.6553869006410257 0.239491891025641 0.6507144743589743 0.2353134391025641 0.6180252852564103 0.22855050641025643 0.6101445352564102 0.22426001923076924 0.6050239583333333 0.2329148365384615 0.5938228557692308 0.2317206282051282 0.5870981217948718 0.24031942628205125 0.5659919775641026 0.24680989743589743 0.5633616666666666 0.2531425032051282 0.558633217948718 0.25056821474358976 0.5608994102564103 0.2546626378205128 0.5575790544871795 0.25775891666666667 0.544689766025641 0.2589149294871795 0.5363888846153846 0.2666556314102564 0.5160287948717949 0.2747782724358975 0.5068418044871795 0.2848971987179487 0.5020293301282052 0.2847291442307692 0.500285125 0.28868352243589745 0.49381247115384613 0.29006360576923074 0.4960226474358974 0.29576218910256413 0.4934483525641025 0.30049063782051283 0.48468150000000004 0.2985783814102564 0.4650496538461539 0.28584695833333335 0.4570288621794872 0.2855668653846154 0.4484580705128205 0.2780400512820513 0.43493475961538464 0.27435557692307694 0.4295162692307692 0.26854495833333336 0.4159369391025641 0.266464641025641 0.382435483974359 0.28296200641025643 0.37656884615384617 0.289984657051282 0.36611380769230767 0.2904226153846154 0.36904203205128205 0.2985554455128205 0.36770777564102564 0.3137669423076923 0.35725273717948713 0.31420490384615385 0.35495853525641025 0.3109125576923077 0.34441946474358975 0.3137567564102564 0.3382829230769231 0.305511891025641 0.32107513782051283 0.3153507243589744 0.3138284134615385 0.31590072435897437 0.2697598814102564 0.3360443653846154 0.26610341987179487 0.3487655993589744 0.25548032051282055 0.35401603525641023 0.2527659807692308 0.36275487820512825 0.2407908108974359 0.36073058333333335 0.22624134615384614 0.363434733974359 0.22794735576923075 0.3835707435897436 0.25046159294871795 0.3827508429487179 0.25433194230769235 0.38690128525641027 0.25333380128205124 0.3924878333333333 0.25797822115384617 0.3974683621794872 0.26002033974358973 0.4079794230769231 0.25774395833333336 0.4271733076923077 0.26396452884615385 0.4330119358974359 0.2680029358974359 0.43234990384615385 0.27560358653846156 0.44466118589743586 0.2865806153846154 0.4522720256410256 0.2965034807692308 0.4670735737179487 0.3159952788461538 0.48381539102564103 0.32439801282051284 0.4961546826923077 0.3424256987179487 0.5088300865384615 0.344635875 0.5145286698717949 0.3610033814102564 0.5287522083333334 0.36166541666666663 0.5327906153846154 0.36877209294871793 0.5362510160256411 0.36863204807692307 0.5402614102564102 0.37869495512820517 0.5510525641025641 0.39127614423076923 0.5587194262820513 0.39033401923076927 0.562701814102564 0.39746870512820515 0.5653601346153846 0.4174544775641026 0.5909528333333334 0.42461717628205126 0.5928090737179488 0.4345120320512821 0.6084127019230768 0.4541158685897436 0.6219461987179488 0.45552395833333337 0.6276167724358974 0.46672506089743593 0.628810983974359 0.47048337500000004 0.6361697435897435 0.4687671794871795 0.6393220416666667 0.47208753205128207 0.6362257596153845 0.47761806089743586 0.6388280641025641 0.47739398717948717 0.6452446987179488 0.4844446474358974 0.6503092564102564 0.48272844871794873 0.6534615544871796 0.4890330480769231 0.6568939455128204 0.5011762756410256 0.6541057692307692 0.5098030833333334 0.6600284262820513 0.5085248461538462 0.673635766025641 0.5197259487179487 0.6748299711538461 0.5222340352564102 0.6949939903846154 0.5340411506410256 0.7018307660256411 0.5493264871794872 0.7240470897435898 0.559753516025641 0.7244112115384616 0.5623736442307692 0.7413669134615385 0.573546733974359 0.7433632019230769 0.575616858974359 0.7530721794871794 0.5816044455128205 0.7540843269230769 0.5866499070512821 0.7590788653846153 0.5894660961538462 0.7704200128205129 0.6029053782051282 0.7765107243589744 0.6295802467948718 0.7485321666666667 0.6352508205128204 0.7471240705128205 0.6395133012820513 0.7400454038461539 0.6608995384615385 0.7255341346153846 0.703206048076923 0.686858641025641 0.7091567115384615 0.6774297532051282 0.7355234807692308 0.6582740673076923 0.7356355192307692 0.65506575 0.7489169326923076 0.6426806282051282 0.8034787051282052 0.5980086378205128 0.8508217596153846 0.553084560897436 0.8723200352564103 0.5353649743589743 0.8755283525641026 0.5354770128205129 0.879790830128205 0.5283983461538462 0.9692723397435896 0.4496112532051282 1 0.42746958333333335 1 0.3373318076923077