9 0.2667472467948718 0.6650286858974359 0.27950234294871795 0.670067467948718 0.29338204166666665 0.6566640032051282 0.3078260673076923 0.6569161217948718 0.3143716955128205 0.6498061634615384 0.3313631282051282 0.642075842948718 0.34251333333333334 0.6470866153846153 0.37720059615384616 0.6372571057692308 0.37891754487179485 0.6308655512820512 0.3895174230769231 0.6214182884615385 0.4015260993589744 0.623233282051282 0.41775710576923075 0.6130816217948718 0.41146359615384615 0.6057475512820513 0.41979620512820515 0.5882338076923077 0.42332814423076925 0.5698335769230769 0.4097565961538462 0.5655832339743591 0.40748933012820515 0.5575167532051282 0.4108671923076923 0.5479434294871794 0.42466284935897436 0.5393546346153847 0.4248169230769231 0.5305277275641026 0.4168905096153846 0.5247705384615384 0.4203384102564103 0.511184983974359 0.4251250737179487 0.5128739166666667 0.42724821153846154 0.4832114326923077 0.41922375320512817 0.48307136538461537 0.4072991153846154 0.47644169230769234 0.43346762499999997 0.44880429807692307 0.4329032948717949 0.4351487115384616 0.43723767628205135 0.4167624871794872 0.43658930769230775 0.4079215769230769 0.432675125 0.40223441987179487 0.4336176378205128 0.39422396794871795 0.42663373717948716 0.3804563237179487 0.4288689326923077 0.34437426602564103 0.4170143333333334 0.3337323717948718 0.41005844551282056 0.31835983333333334 0.39400952564102565 0.3180796987179487 0.3279148141025641 0.33378251282051286 0.3110634487179487 0.3334883685897436 0.3063328108974359 0.328589657051282 0.292691233974359 0.32835154166666664 0.2883428397435897 0.3475402083333333 0.2930174487179487 0.35564870833333334 0.29390799358974357 0.39660147115384614 0.2840965576923077 0.40686518589743587 0.2785074487179487 0.40516224679487184 0.27605808974358975 0.40752756410256413 0.2696945480769231 0.40420572756410256 0.2350212916666667 0.41323278846153844 0.2341348044871795 0.4180334583333333 0.198224891025641 0.4519223365384615 0.1925937628205128 0.45262673717948715 0.19232763461538463 0.4678732115384615 0.1976926346153846 0.4824152852564102 0.2004261891025641 0.5097544743589744 0.20988745833333333 0.5195519102564103 0.21172051923076923 0.5524942115384616 0.22018325000000002 0.5735118846153846 0.2039662532051282 0.5828610993589743 0.20053235897435898 0.5956442083333333 0.20923320512820512 0.6030202948717949 0.21722965064102562 0.6047652564102564 0.24948156410256409 0.5964986217948718 0.25660552884615384 0.6022418044871795 0.26625294871794875 0.6473608685897436 0.2667472467948718 0.6650286858974359
2 0.6318619935897436 0.5333390256410256 0.6637357243589743 0.5467384326923077 0.667775967948718 0.5452035705128205 0.6797286185897436 0.5502283493589744 0.7005641987179487 0.5521974166666667 0.7308750576923077 0.5631614711538462 0.9969270128205128 0.634428733974359 0.9974172467948719 0.606343125 0.9734139006410256 0.6019106923076922 0.9455103782051282 0.5909886570512821 0.9424406634615385 0.582908173076923 0.9472973589743591 0.580584875 0.9314025128205128 0.5714778333333334 0.934118 0.5538660416666666 0.9373557980769232 0.5523171762820512 0.9597962724358974 0.5543142564102563 0.972537362179487 0.5601554871794872 0.9981596057692307 0.5638134903846154 0.9994622339743591 0.4891860096153846 0.9866651153846154 0.4865545641025641 0.9860167467948718 0.47771365064102567 0.9925203525641026 0.47301102884615387 0.9805957179487178 0.46638136217948717 0.977554016025641 0.456695983974359 0.9874214807692306 0.44322248076923076 0.9851121891025642 0.4375633397435897 0.7712232884615384 0.4129599455128205 0.752767032051282 0.4126377884615384 0.7390274006410257 0.4180167948717949 0.7373524775641026 0.4220010128205129 0.7076199551282051 0.42389009935897437 0.7011303525641025 0.4277902756410256 0.6963296826923077 0.4269037884615385 0.694020391025641 0.4212446474358974 0.6836166057692308 0.4194576666666667 0.6683561282051281 0.4199939871794872 0.6419734583333333 0.413914641025641 0.573849592948718 0.407909391025641 0.5234215544871795 0.3998049519230769 0.5153270608974359 0.40367711538461537 0.4888743557692307 0.40160999999999997 0.4743042660256411 0.40857989423076924 0.4444877051282051 0.41528365705128206 0.4368875096153846 0.4368236378205128 0.44230853525641023 0.44815592948717947 0.439056733974359 0.45050724038461537 0.43974712499999996 0.45694081410256415 0.4271641730769231 0.48802610576923083 0.4226558205128205 0.6083509839743589 0.3869180512820513 0.6783639391025641 0.38637178846153847 0.7096593333333333 0.38875111217948716 0.7113062435897436 0.4569310064102564 0.7141017115384616 0.4642230576923077 0.7102155416666667 0.4688375737179487 0.6757803974358974 0.47076644551282054 0.5192894262820513 0.4760713557692308 0.4912878557692308 0.6318619935897436 0.5333390256410256
15 0.6380393846153846 0.501339233974359 0.6402926506410257 0.5102081602564102 0.6458117243589744 0.5159233269230769 0.7329281666666666 0.5375112147435898 0.7210455512820513 0.5284742051282051 0.7078942083333333 0.5001504807692309 0.7345389423076923 0.44522992307692305 0.7267245833333333 0.43305316666666666 0.7186020769230769 0.43853022115384616 0.7050165224358975 0.43508232371794875 0.6696948942307692 0.43526847115384615 0.6453553846153846 0.4500947435897436 0.6386416762820513 0.46683405448717946 0.6380393846153846 0.501339233974359
15 0.735615641025641 0.5215043141025641 0.744120391025641 0.5401146474358974 0.7640554807692308 0.5476868269230769 0.8320532852564102 0.560914092948718 0.842373032051282 0.5675157467948717 0.9023463782051281 0.5806029423076924 0.9167904038461538 0.580855064102564 0.9249969519230768 0.5705633333333333 0.9355408076923077 0.5643258525641026 0.9349064391025641 0.5546824967948718 0.8965851282051281 0.5427759294871795 0.7686559903846154 0.5140541282051282 0.7349952820512821 0.5110585064102564 0.735615641025641 0.5215043141025641
12 0.6096375032051282 0.42699595192307693 0.5969244294871795 0.4195498301282052 0.5720766185897437 0.4175107275641026 0.5575765641025641 0.42046839102564104 0.5437949134615385 0.42825473717948714 0.5404870833333333 0.4338158301282051 0.5393064551282051 0.4554678653846154 0.5423621634615384 0.46435079807692314 0.5390543333333334 0.4699118942307693 0.5388162179487179 0.48355347756410255 0.542744407051282 0.48843818589743593 0.5818961794871794 0.49875386858974363 0.5884137948717949 0.49324880128205134 0.6012529294871795 0.49347290705128205 0.6093614326923077 0.48879829807692304 0.6121749615384616 0.4655693846153846 0.6162292147435898 0.46323208012820516 0.617974173076923 0.4552356346153846 0.6181982788461539 0.44239649999999997 0.6096375032051282 0.42699595192307693
12 0.9437053301282051 0.5564414583333334 0.940271439102564 0.5692245705128205 0.9511415064102564 0.5902842596153847 0.9559561858974359 0.590368298076923 0.9662619230769232 0.5977724038461538 0.9974592692307692 0.6039357884615385 0.9981315929487179 0.5654183782051282 0.9437053301282051 0.5564414583333334
10 0.11559102243589744 0.495430625 0.11448042948717949 0.5130704294871795 0.12150634615384615 0.524430733974359 0.13996260576923075 0.5247528878205129 0.15617960576923076 0.5154036730769231 0.15327797115384614 0.49769383333333334 0.1461680128205128 0.4911482051282051 0.11559102243589744 0.495430625
10 0.20245534615384617 0.5314625384615385 0.20491871153846153 0.5282947724358974 0.19737048076923078 0.5008715416666666 0.19261183012820512 0.49757771794871797 0.17494401282051283 0.49807201602564105 0.16592101282051283 0.5091521826923077 0.17196239743589745 0.5309302820512821 0.18150770833333335 0.5359130384615385 0.19516329487179487 0.5353487051282051 0.20245534615384617 0.5314625384615385
10 0.11276348076923078 0.5194619839743589 0.10966575320512821 0.5129863878205128 0.10172533333333333 0.5080316442307693 0.08005929166666667 0.5076534615384615 0.06785451923076923 0.5170727147435897 0.06525108653846154 0.5282649391025641 0.07299541346153846 0.5444539230769231 0.09865967628205127 0.5457045865384615 0.11170891666666666 0.5338920032051282 0.11276348076923078 0.5194619839743589
17 0.09951591025641027 0.3586926506410257 0.0985173717948718 0.3699128878205128 0.1038683653846154 0.38525741025641025 0.10019635897435898 0.4116820993589744 0.10863513461538463 0.4800580897435897 0.12201058974358975 0.4955426794871795 0.14212776602564103 0.4926830641025641 0.14969994871794873 0.47274797435897437 0.14290808333333332 0.4019926602564103 0.1383035064102564 0.38987192948717947 0.14108902884615385 0.3682479102564103 0.13644243269230769 0.358534516025641 0.12930446153846153 0.35359377884615384 0.10683597435897436 0.3532015897435898 0.09951591025641027 0.3586926506410257
11 0.19421672435897436 0.4976057307692307 0.19428675641025642 0.4935935032051282 0.18399502564102563 0.4853869551282051 0.1703674487179487 0.48434639102564103 0.16306139743589743 0.48903500641025643 0.1564737467948718 0.4985523076923077 0.15634768589743592 0.5057743205128206 0.1642040641025641 0.5155437403846154 0.17732333653846152 0.4997189294871795 0.19421672435897436 0.4976057307692307
3 0.13676683012820512 0.5238944166666667 0.15536315384615385 0.5161921121794872 0.15627765064102564 0.5097865512820513 0.1462660576923077 0.4855310833333334 0.15051640064102564 0.47195953525641027 0.14499326602564103 0.42049093910256413 0.1482310641025641 0.4189420705128205 0.14831510576923077 0.4141273974358975 0.1444009230769231 0.4084402435897436 0.14615988782051284 0.3996413493589744 0.14238577243589742 0.385929733974359 0.14176135256410258 0.32973050000000004 0.14709427884615384 0.30012403846153846 0.07894239743589744 0.2957236826923077 0.0872650608974359 0.3247658141025641 0.09281214743589744 0.32887608974358973 0.09664228846153847 0.3393779230769231 0.09319439102564103 0.35296347435897435 0.10042046794871795 0.3988429647435897 0.10011231730769231 0.4164967756410256 0.10468888141025641 0.4302224006410256 0.10512715064102562 0.4511 0.11060420512820514 0.4592225064102564 0.10704425320512821 0.4792276314102564 0.11090240705128206 0.48812457051282054 0.11283351602564103 0.5154497532051282 0.12233680448717948 0.5228398461538462 0.13676683012820512 0.5238944166666667