16 0.3306878717948718 0.3686211698717949 0.3362768044871795 0.3704846955128205 0.3625551474358974 0.35924004807692306 0.3644243782051282 0.3539778685897436 0.36864928205128206 0.352596733974359 0.3676633365384615 0.3522870961538461 0.3676005993589744 0.3486928717948718 0.3711548974358974 0.3463429006410257 0.3684838846153846 0.3431210512820513 0.35396440384615385 0.3352033108974359 0.34956839743589746 0.3267820192307692 0.339061141025641 0.3240237980769231 0.3212285608974359 0.31354910897435895 0.30776346794871795 0.30986198076923077 0.2869314647435897 0.3148014647435898 0.2749957948717949 0.32383467628205126 0.2743879294871795 0.3264600608974359 0.28491229487179487 0.33019852564102564 0.2804518942307692 0.3368133237179487 0.2755734935897436 0.3382058653846154 0.2753836282051282 0.3460535128205128 0.2767590608974359 0.3499516698717949 0.28066291987179487 0.348902983974359 0.28362646153846155 0.35015864423076926 0.28860752564102565 0.35464756089743593 0.2933567724358975 0.355218358974359 0.317646483974359 0.3704830448717949 0.3225305897435897 0.36941725000000003 0.3261419230769231 0.3703347564102564 0.3306878717948718 0.3686211698717949
16 0.20132176923076925 0.4659917884615385 0.2032822532051282 0.4659575673076923 0.20497872756410257 0.46952327564102564 0.20795367628205128 0.4714324294871795 0.20836027243589741 0.4760011923076923 0.21391498397435896 0.475904233974359 0.22000341666666665 0.4689341698717948 0.22156871153846153 0.4649846794871795 0.22178709615384617 0.4587707724358974 0.23093032692307694 0.45828433333333335 0.23356141666666666 0.4592189455128205 0.24777861858974357 0.4498190641025641 0.24673563782051283 0.4462419487179487 0.24859916346153846 0.44065301923076927 0.24592815064102566 0.43743116987179487 0.25355336538461537 0.42487787820512823 0.25350203525641024 0.42193715064102566 0.24993632692307693 0.4236336282051282 0.24463992628205128 0.4198039102564103 0.24520216346153845 0.4145645416666666 0.24712272756410256 0.41224308974358975 0.23895403525641024 0.4123856730769231 0.23441378846153846 0.4144260096153846 0.22895033653846156 0.4197509262820513 0.2224267884615385 0.4205184903846154 0.21886678846153848 0.4225417115384615 0.21901507692307695 0.4310371506410256 0.21479587179487178 0.4327450352564102 0.20889160256410258 0.43154070512820514 0.17559591346153847 0.4527132532051282 0.17065477564102563 0.4505115705128205 0.16024447756410257 0.4533080608974359 0.1563634294871795 0.45566373397435894 0.1498341826923077 0.4561045512820513 0.14989691987179488 0.4596987756410256 0.14698470833333332 0.461383842948718 0.143046625 0.4604720416666667 0.143075141025641 0.4621057788461539 0.1395151378205128 0.4641290032051282 0.13889586538461537 0.4661008974358975 0.14056382371794873 0.4680328621794872 0.14904785256410255 0.4672310801282051 0.1596064391025641 0.47293002884615387 0.16156122115384614 0.47256906089743594 0.1625072435897436 0.47059146153846154 0.16612428205128205 0.4718357147435897 0.16781505448717948 0.4750746762820513 0.17076718910256408 0.4756768397435897 0.1743214903846154 0.47332686858974365 0.17859772435897436 0.4748864615384616 0.1912439230769231 0.4691093237179487 0.19908016346153845 0.4686456923076923 0.20132176923076925 0.4659917884615385
16 0.2225482147435897 0.4087498717948718 0.22680733974358974 0.40932922435897434 0.2307112019230769 0.40828054166666666 0.23813514423076923 0.40292140064102566 0.23945354166666663 0.4035520833333333 0.24582879807692307 0.3942890801282051 0.24471167307692307 0.3864642467948718 0.24655238782051284 0.37956832692307696 0.2425287532051282 0.37375531089743586 0.23893453205128204 0.3738180480769231 0.23524905128205129 0.3686528237179487 0.23196446474358973 0.3677296153846154 0.2279579423076923 0.36289684294871793 0.22467335576923078 0.3619736314102564 0.21899317307692306 0.35488214423076925 0.21762915064102564 0.35163748076923074 0.21888480769230773 0.3486739391025641 0.21721684935897437 0.3467419679487179 0.2174409358974359 0.3408548076923077 0.22227370833333332 0.33684828846153847 0.2209553108974359 0.33621760576923077 0.22154036858974357 0.33228522756410256 0.21728124358974357 0.331705875 0.21471288782051282 0.33436548717948716 0.21048798076923078 0.3357466185897436 0.20858452884615383 0.3390483173076923 0.20142459935897436 0.3408075256410256 0.1803530576923077 0.3320236153846154 0.16855592307692308 0.33026844871794875 0.15417902564102565 0.33051940064102564 0.139211375 0.3343759775641026 0.1252524807692308 0.33984918910256406 0.08555301923076923 0.368651 0.07853567307692308 0.37857890384615384 0.07360428846153846 0.3956610352564102 0.07340301282051283 0.40285518589743585 0.07779736858974359 0.4299067948717949 0.08119602564102564 0.4373649551282051 0.0982080608974359 0.4570056891025641 0.10846841346153847 0.4643440769230769 0.11567967307692308 0.465525592948718 0.1773225576923077 0.43928238141025644 0.18343950961538463 0.43394605448717943 0.1941594423076923 0.4301636185897436 0.20093558974358974 0.4251426346153846 0.20238682051282053 0.4146581923076923 0.20664285576923078 0.41131543269230764 0.2134392051282051 0.4111968012820512 0.2225482147435897 0.4087498717948718
22 0.0905793685897436 0.6378853301282051 0.08808681089743589 0.6261623397435897 0.09091347115384615 0.6195760576923076 0.09040421794871796 0.6091258365384615 0.08798010256410256 0.6013238173076924 0.08291348717948718 0.5919336891025642 0.07362197115384615 0.5839246955128206 0.06570588461538462 0.5798138557692308 0.05785823717948718 0.5796239903846153 0.048760634615384615 0.5827244134615385 0.042626573717948715 0.5870804967948718 0.03774247115384615 0.5881462916666667 0.02706816346153846 0.5945427083333333 0.0017643589743589743 0.6054434967948717 0.002842301282051282 0.6671987948717949 0.017344673076923077 0.6741362948717948 0.0297781891025641 0.6748998076923076 0.04576601282051282 0.6733133493589744 0.05684120833333333 0.6711589487179487 0.06527391025641026 0.6674164391025641 0.07723809615384616 0.6600169615384616 0.08395150641025641 0.6514017532051282 0.0905793685897436 0.6378853301282051
22 0.3043940705128205 0.3602552532051282 0.3020326923076923 0.3560474583333333 0.2892496121794872 0.35398266025641023 0.28685401602564103 0.34781437820512817 0.29562486858974363 0.34471966025641027 0.29750550961538463 0.34011097115384614 0.2902429166666667 0.3359887275641026 0.2845684358974359 0.329223983974359 0.2802693846153846 0.32635740064102564 0.27141868269230773 0.32487765384615386 0.22346092948717947 0.3299637724358974 0.2189206826923077 0.33200410576923073 0.21863385897435897 0.3342970448717949 0.214775625 0.33795970833333333 0.20986300641025643 0.337391766025641 0.2059762532051282 0.33942068910256407 0.20675522435897437 0.3465977307692308 0.23063466025641027 0.36644543589743594 0.2382981442307692 0.3748096987179487 0.24133583012820514 0.3803130769230769 0.24381698076923078 0.3913825737179487 0.245805983974359 0.3929820897435897 0.2601315480769231 0.38979041025641026 0.2681272948717949 0.38442129166666666 0.28777391666666663 0.3817904262820513 0.3157202179487179 0.37247774679487183 0.3166662403846154 0.3705001538461538 0.31623113141025644 0.3642976538461538 0.31490132692307693 0.36301347756410257 0.3043940705128205 0.3602552532051282
22 0.28349164102564106 0.6420355192307692 0.2756154743589744 0.6402119134615385 0.24259115064102565 0.6394809679487179 0.24067629487179487 0.6421291698717949 0.24042368910256412 0.6463825897435898 0.24148948397435896 0.6512666955128206 0.24027945192307693 0.656844217948718 0.24313297435897438 0.6705219903846155 0.24794127884615386 0.6838387980769232 0.25160965064102564 0.6880237788461538 0.2788739391025641 0.6770887692307692 0.2823940224358974 0.6727783108974359 0.2927586891025641 0.6673678397435897 0.2942840641025641 0.6611311185897436 0.29719627564102563 0.6594460512820512 0.29743746794871795 0.6545391314102564 0.30092333012820516 0.648268189102564 0.30116452564102564 0.6433612756410256 0.28349164102564106 0.6420355192307692
22 0.30194788461538463 0.4073639455128205 0.3024987179487179 0.40147108012820515 0.2786404391025641 0.4015606826923077 0.2750747307692308 0.40325715705128207 0.27584229807692306 0.4097807019230769 0.2708550865384615 0.41117514423076923 0.24972530128205128 0.41154396474358973 0.24778762820512823 0.4128851762820513 0.24856089423076924 0.4197354711538462 0.24631358653846155 0.42206262499999997 0.24614083012820515 0.430890516025641 0.2459851858974359 0.44069864743589743 0.2480825544871795 0.4485063717948718 0.255299516025641 0.4500146346153846 0.2719180192307692 0.4471097788461539 0.2751455705128205 0.44476551282051285 0.27559374038461537 0.43299119230769234 0.2802688461538461 0.42931426602564104 0.28466853205128206 0.4285837788461539 0.28854958012820514 0.4262281025641026 0.29038458974358977 0.4190054358974359 0.2902876314102564 0.4134507275641025 0.29383052564102563 0.41044725641025637 0.29904708012820513 0.4097025096153846 0.30194788461538463 0.4073639455128205
22 0.19392617628205128 0.6040503846153846 0.19013638461538462 0.6116340192307692 0.18706852564102563 0.623127217948718 0.18835675 0.6407544807692308 0.19190939743589744 0.6570348269230769 0.19531945833333333 0.6651464839743589 0.1993373878205128 0.6706327532051282 0.20927265064102563 0.6593465256410257 0.21082083653846154 0.6544167948717949 0.21531545512820513 0.6497624807692308 0.21489175000000002 0.6442134743589744 0.211430358974359 0.6331610897435898 0.20907633653846155 0.6106497243589744 0.20457766987179488 0.5963469743589744 0.20003742307692307 0.5983873108974359 0.19392617628205128 0.6040503846153846
22 0.2712969198717949 0.5987777051282052 0.26690661538461535 0.5906831602564103 0.2639145576923077 0.5877937628205128 0.2577177596153846 0.5885556185897436 0.2526951185897436 0.6004097916666666 0.2521271762820513 0.6053224102564102 0.2538578717948718 0.6108486025641026 0.25681571153846156 0.611777516025641 0.2613787692307692 0.6110441698717949 0.2653624775641026 0.6145699551282051 0.2702865064102564 0.6157913942307692 0.2787762403846154 0.6153163557692307 0.2839756858974359 0.6135913685897436 0.2790174358974359 0.6104094423076923 0.2679308301282051 0.6119103493589744 0.2642795737179487 0.6087056089743589 0.2687513814102564 0.6027443044871794 0.27070616025641026 0.6023833365384615 0.2712969198717949 0.5987777051282052
18 0.40956158012820515 0.6741539102564102 0.415323266025641 0.6671895512820513 0.42509312499999996 0.6464276442307693 0.4248820993589744 0.634337983974359 0.4273534935897436 0.6261236666666666 0.4265574166666667 0.6179663846153846 0.42280349679487184 0.6088801858974359 0.41779391666666665 0.602757532051282 0.3972104711538461 0.5844865288461538 0.38171645192307696 0.5769126506410256 0.37353065064102564 0.5760749903846154 0.3494768012820513 0.5836854903846154 0.3317965576923077 0.6006633076923077 0.3256567948717949 0.604692641025641 0.3205486057692308 0.611645592948718 0.3203758493589744 0.620473483974359 0.32345916025641025 0.6285908429487179 0.32368159294871796 0.641334 0.3272513525641026 0.6585945897435898 0.3368052275641026 0.6816339743589744 0.3404507788461538 0.6845119647435898 0.3415964230769231 0.6939705384615384 0.3452761955128205 0.698809016025641 0.3485721891025641 0.700385717948718 0.3570562211538461 0.6995839326923077 0.36655471474358975 0.7007255256410256 0.38347144551282053 0.6961812307692308 0.3889748237179487 0.6931435448717949 0.40956158012820515 0.6741539102564102
16 0.46934863141025635 0.373064625 0.471899875 0.36942477564102566 0.4658587243589744 0.3603785064102564 0.45768432692307687 0.36019434294871794 0.4505757275641025 0.3648942852564102 0.4507525352564103 0.37502345833333334 0.4544151987179488 0.3788816923076923 0.46100148076923075 0.3817083557692308 0.4681557115384615 0.37962239423076927 0.46934863141025635 0.373064625
16 0.7274161666666666 0.6270961506410256 0.7397128076923076 0.6200177211538461 0.7572602211538462 0.6141550288461538 0.7598399807692308 0.6121489134615385 0.7601325096153846 0.6101827243589744 0.7575372916666666 0.5925782788461539 0.7494843205128205 0.5806254967948719 0.7398489487179487 0.5716419647435897 0.7253522788461538 0.5650312115384616 0.7191212628205128 0.5638325865384615 0.6864350961538462 0.5637494326923077 0.6757208621794871 0.5678586153846154 0.6695810993589744 0.571887951923077 0.6583559583333334 0.584177233974359 0.6545490544871795 0.590780625 0.6536486602564102 0.5953722019230769 0.6544887115384616 0.6247737852564103 0.6582198173076923 0.6325529903846154 0.6590444166666667 0.6423440096153846 0.6654351314102563 0.6526915705128206 0.673425358974359 0.6610501282051282 0.6793809647435898 0.6651951858974359 0.6882658878205128 0.6686354166666667 0.7029809358974359 0.6690322564102564 0.7047360993589744 0.6572351249999999 0.7079294326923077 0.6529303717948718 0.7110543205128206 0.6447046474358975 0.7172268461538461 0.6363168878205128 0.723254 0.6320715064102564 0.7274161666666666 0.6270961506410256
16 0.9521324038461538 0.4309875769230769 0.9432588878205127 0.4282008429487179 0.9252592532051281 0.42688079166666665 0.9177611634615384 0.4279922147435897 0.9025751314102564 0.4380626987179488 0.8951854102564102 0.4453823237179487 0.8926969038461539 0.45261640384615387 0.8920417564102564 0.47125812499999997 0.893428592948718 0.47580977564102567 0.8970855544871795 0.47934126602564103 0.9096673621794872 0.48860021794871794 0.9172167788461538 0.49042952564102565 0.9348896666666667 0.49175527564102567 0.9430355448717948 0.49030570192307693 0.9575623814102564 0.47991987500000005 0.9600679967948719 0.47366604166666665 0.9642472724358974 0.46967092628205126 0.967206766025641 0.4519695192307692 0.9661295673076924 0.44643192307692303 0.9630975833333333 0.44125528846153844 0.9521324038461538 0.4309875769230769
16 0.7487544583333333 0.40773608653846155 0.7434107724358975 0.4199227051282051 0.743203798076923 0.42679011217948715 0.7492962788461538 0.43877711217948717 0.7566102019230769 0.4458400833333333 0.7644863653846153 0.4476636858974358 0.7817925801282052 0.4467079134615385 0.7879608621794871 0.4443123108974359 0.796853141025641 0.42944897435897433 0.7993416506410257 0.4222149006410257 0.797576733974359 0.4147282243589744 0.7875119487179487 0.3998689358974359 0.7835567564102563 0.39797689102564104 0.7645654711538462 0.3960204551282051 0.7489728397435897 0.40152217948717944 0.7487544583333333 0.40773608653846155
16 0.7278385576923078 0.38914404166666666 0.7226733365384616 0.39282951602564103 0.7164080961538462 0.3896704070512821 0.7088700897435898 0.38849459294871796 0.695507657051282 0.3906889198717949 0.6868166506410257 0.39835810576923075 0.6849303076923077 0.4026400448717949 0.6850900032051283 0.41178897756410254 0.6868720288461538 0.4202558974358975 0.6955556794871794 0.43089028205128205 0.7073471089743589 0.4323186987179487 0.7233235224358975 0.43007874679487185 0.7329206282051282 0.41814472756410254 0.733534201923077 0.4158460897435897 0.7330078333333333 0.404415625 0.7276601025641026 0.3976451826923077 0.7308591346153847 0.3936671762820513 0.7341095000000001 0.39262989743589743 0.733302016025641 0.38381912179487176 0.7319836185897436 0.3831884358974359 0.7278385576923078 0.38914404166666666
16 0.46480507692307693 0.41236559294871794 0.4583043461538462 0.41444014743589747 0.4538040256410257 0.41876771474358976 0.4481278878205128 0.4306332884615385 0.4482419551282052 0.4371682435897436 0.4519559519230769 0.4439672051282051 0.45932120512820507 0.45397090705128207 0.4652482884615385 0.45648222435897434 0.47732083974358974 0.45529095833333333 0.4851228589743589 0.45286684294871793 0.49181916025641026 0.443271391025641 0.4949326474358974 0.4343921698717949 0.49452034615384616 0.42949666025641026 0.4898204070512821 0.4223880576923077 0.4834981314102564 0.41596147435897435 0.48247226282051286 0.41336459935897435 0.47916486217948717 0.41113440384615385 0.46480507692307693 0.41236559294871794
16 0.5440238942307692 0.3818934262820513 0.543902467948718 0.39366204487179485 0.5469116378205128 0.3975316858974359 0.5485510801282052 0.39782991666666667 0.5506028173076923 0.40302365705128207 0.5522479615384616 0.4036486346153846 0.5666191538461539 0.4030709391025641 0.5733895993589744 0.39772320512820514 0.5727075897435897 0.396100875 0.5762162596153846 0.39113692307692305 0.5713851410256411 0.37651312820512817 0.5641111410256411 0.37173738782051285 0.5533341730769231 0.3722523493589744 0.5487996314102563 0.3746194294871795 0.5440238942307692 0.3818934262820513
17 0.8967821923076923 0.6679373749999999 0.9044302211538462 0.6566910737179488 0.9052450641025641 0.647198282051282 0.9042607724358975 0.6282583301282052 0.9032006794871794 0.6237009743589744 0.8960937339743591 0.6097705961538461 0.888745592948718 0.6007471378205128 0.8684888942307691 0.5824704294871795 0.8598964967948718 0.5770640096153846 0.8362509006410256 0.5706129583333333 0.8153789775641026 0.5732652051282051 0.7934167884615385 0.5883566794871795 0.7814925256410257 0.5980433878205128 0.7795833750000001 0.6010183365384615 0.7793763974358975 0.6078857403846154 0.780723310897436 0.6101501570512821 0.8066276282051282 0.6149275544871795 0.8115858749999999 0.6181094743589743 0.8283852307692308 0.6442908621794873 0.8307751250000001 0.6501323974358975 0.8340996346153846 0.6533428397435898 0.8408741314102565 0.6669521698717948 0.8458551923076922 0.6714410865384616 0.8516893685897435 0.6873547596153846 0.855673076923077 0.6908805448717948 0.8625290737179486 0.6904340256410256 0.8722630608974359 0.6863419519230769 0.8967821923076923 0.6679373749999999
17 0.9845994455128204 0.38106694230769234 0.9779675352564103 0.3756263044871795 0.963178342948718 0.3709817403846154 0.9577870064102564 0.3710758461538462 0.9438260897435898 0.36707052243589744 0.9405700192307693 0.3677810512820513 0.9341092115384615 0.37214283653846153 0.9298671955128205 0.37254373076923075 0.9302338685897436 0.3748252628205128 0.9387635256410257 0.3766374551282051 0.9388262628205128 0.38023168269230767 0.9346298749999999 0.3832465544871795 0.931183939102564 0.39180472756410256 0.9314063717948718 0.4045478846153846 0.9430649711538461 0.41709142628205126 0.9542200160256411 0.4195114903846154 0.9689122532051281 0.41860133974358976 0.9760607756410256 0.41618863461538463 0.9834562019230768 0.40919575320512824 0.9859903333333333 0.40457566025641023 0.9883533621794871 0.3901531378205128 0.9845994455128204 0.38106694230769234
17 0.7354580705128205 0.376264 0.7306880320512821 0.38386474679487176 0.7261477852564102 0.38590508333333334 0.723264092948718 0.3892238878205128 0.7230114903846154 0.39347731089743593 0.7293565769230769 0.40121088782051284 0.7317407660256411 0.4067256730769231 0.7325140352564102 0.4135759647435897 0.7345144423076924 0.41582898076923075 0.7381257788461538 0.416746483974359 0.7446607307692308 0.41663241666666667 0.7523201634615385 0.4060396121794872 0.7626392083333333 0.39801516025641026 0.7691171217948718 0.3946336153846154 0.7606917820512821 0.3800725576923077 0.7570348205128204 0.37654107371794876 0.7544094326923076 0.37593320512820516 0.7354580705128205 0.376264
17 0.7973347916666667 0.3634174423076923 0.8007106346153846 0.36956861217948717 0.8056745865384616 0.37307728525641026 0.8164629615384615 0.37321582051282054 0.8229693942307693 0.37146801282051284 0.8274925320512819 0.3684474391025641 0.8306459391025641 0.3618554487179487 0.8311625544871796 0.3540021025641026 0.8301366826923076 0.35140523076923075 0.8221407500000001 0.3427199262820513 0.8097186378205128 0.342609907051282 0.8048402371794872 0.3440024487179487 0.7971979102564103 0.3555755 0.7973347916666667 0.3634174423076923
17 0.578368266025641 0.3646247371794872 0.571850423076923 0.3657190512820513 0.5663755641025642 0.3703904743589744 0.5661229583333333 0.37464389743589743 0.5692690096153846 0.38635548076923076 0.5722097371794872 0.3863041474358974 0.5732241987179487 0.38824752564102566 0.5733895993589744 0.39772320512820514 0.5796035064102565 0.39794158653846157 0.5864366923076922 0.3961880801282051 0.5938264134615385 0.3888684519230769 0.5957070512820513 0.38425976602564105 0.5958969134615385 0.37641211858974355 0.5931688653846154 0.3699227948717949 0.5905149615384615 0.3676811891025641 0.5858948685897436 0.3651470544871795 0.578368266025641 0.3646247371794872
17 0.4870500352564102 0.3760241185897436 0.49305696794871795 0.38310990384615384 0.5064536185897436 0.3828760641025641 0.5112749871794872 0.37821604807692305 0.5117117532051282 0.3657882307692308 0.5100038717948718 0.3615690288461539 0.5056991185897436 0.3583756987179487 0.5033947724358975 0.35743537820512816 0.49230246474358974 0.35860953525641026 0.4877793269230769 0.3616301121794872 0.4859043942307692 0.36656554807692304 0.48566890064102564 0.37179921474358973 0.4870500352564102 0.3760241185897436
17 0.6469567467948718 0.36179328846153846 0.6515540256410256 0.36302042948717944 0.6593845641025641 0.36223005128205127 0.6668142083333333 0.35719766025641025 0.6669755576923077 0.3477162788461538 0.6622870224358974 0.34126117307692305 0.6583318301282051 0.339369125 0.6517797692307692 0.33850295192307694 0.645605782051282 0.3405718044871795 0.6430260224358975 0.3425779134615385 0.6408186378205128 0.34719230448717947 0.6403077275641026 0.3553724038461538 0.6469567467948718 0.36179328846153846
17 0.7064989583333333 0.3650029871794872 0.7104484487179488 0.3665682852564102 0.716003157051282 0.36647132692307693 0.7192421153846154 0.3647805544871795 0.7220573685897437 0.35754077564102565 0.724963875 0.35552896153846153 0.728398407051282 0.3463172884615385 0.7250681923076923 0.34278009935897436 0.7139416634615384 0.3419937724358974 0.7090746666666666 0.3440398108974359 0.7039835897435898 0.3519730032051282 0.7034441602564103 0.3585193653846154 0.7064989583333333 0.3650029871794872
17 0.6118350608974359 0.3532546185897436 0.6130622019230769 0.34865733974358976 0.612368782051282 0.3463815096153846 0.6060179903846155 0.33832118269230765 0.600761516025641 0.3367787019230769 0.5971729935897435 0.33716818589743586 0.5891126666666667 0.3435189743589744 0.5896105160256411 0.35331570192307693 0.5936170416666666 0.35814847435897434 0.6066869423076923 0.3579203397435897 0.6118350608974359 0.3532546185897436
11 0.03161188782051282 0.4241760224358974 0.020812105769230767 0.4233839935897436 0.016277560897435896 0.42575107371794874 0.016080339743589744 0.45190228846153846 0.018882532051282052 0.4626393333333333 0.021863185897435897 0.4648752371794872 0.035586586538461536 0.4646356955128205 0.06787186217948718 0.4604768333333333 0.09359366987179488 0.4547983044871795 0.08823452884615385 0.447374358974359 0.0839468846153846 0.4451612724358975 0.056912384615384615 0.4505358685897436 0.04776915705128205 0.4510223141025641 0.04374266987179487 0.4450459230769231 0.04384413461538462 0.43213368910256417 0.04217047115384615 0.42987497435897437 0.03161188782051282 0.4241760224358974
10 0 0.5043634038461539 0.0034354551282051284 0.7011805480769231 0.008044141025641025 0.7030611858974358 0.02044344230769231 0.7018642115384616 0.022787708333333333 0.705091766025641 0.029116128205128204 0.7056349967948717 0.03593175961538461 0.7091113461538462 0.0388553782051282 0.7080797756410256 0.04109698076923077 0.7054258717948718 0.06265091666666667 0.7043959487179487 0.07451078846153845 0.7097453365384615 0.08920302243589744 0.708835189102564 0.09314110576923076 0.7097469903846153 0.10942145192307692 0.706194342948718 0.11271744551282051 0.707771048076923 0.12906623397435896 0.708139375 0.13694809935897437 0.7102897243589744 0.14054232692307694 0.7102269871794872 0.14508257051282053 0.708186657051282 0.14742683653846153 0.7114142083333334 0.15494773717948718 0.7116097756410257 0.1575274967948718 0.7096036666666666 0.16538084615384616 0.7101202756410256 0.16554054166666665 0.7192692115384615 0.1623643173076923 0.7245542083333333 0.1581736346153846 0.7278958301282051 0.15700923076923076 0.7360873301282052 0.15313388782051282 0.73876975 0.15382159935897435 0.7407188301282052 0.15222778525641026 0.7430345833333333 0.15406114423076922 0.7544422307692308 0.15874967628205128 0.7608973365384616 0.16592101282051283 0.7597916185897435 0.1720721858974359 0.7564157788461539 0.18118119551282053 0.7539688493589743 0.19785673076923077 0.7543314711538461 0.19710627884615387 0.7487881666666666 0.2000013782051282 0.7461228557692308 0.20944854487179485 0.7443237211538462 0.22514383333333335 0.744703451923077 0.22505258012820512 0.7394754903846154 0.22696173717948717 0.7365005416666667 0.23803123076923077 0.7340193942307692 0.24481878525641024 0.7296519006410257 0.2523054647435898 0.727886983974359 0.261707 0.7234738685897436 0.26600034615384616 0.7260137051282052 0.2672902275641026 0.7250106474358974 0.2671875641025641 0.7191291923076923 0.26878708333333334 0.717140189102564 0.2831867948717949 0.7181962307692308 0.29008271153846155 0.7200369423076923 0.3077213782051282 0.7194022115384615 0.31757513782051283 0.7221718365384615 0.32618464423076926 0.7285585032051282 0.33025390705128205 0.7369855000000001 0.3355788237179487 0.7424489551282051 0.338306875 0.7489382820512821 0.3449673012820513 0.7560126602564102 0.34934619551282053 0.7634537115384615 0.35935394871794873 0.7750455224358974 0.36330913782051283 0.7769375673076923 0.3740575897435897 0.7747888685897436 0.38151575000000004 0.7713902147435897 0.3866638653846154 0.7667244935897436 0.38591341346153846 0.7611811923076923 0.37621530128205133 0.7486034326923077 0.37450741987179487 0.7443842307692308 0.36725052884615383 0.740588733974359 0.3645281826923077 0.7344261570512821 0.36314134615384613 0.7298745032051281 0.36403033333333334 0.7246294326923077 0.36819250320512825 0.7196540737179488 0.3711446378205128 0.7202562371794872 0.37316785897435895 0.7238162435897436 0.37707742628205126 0.7230943044871795 0.3796058557692308 0.7181474615384615 0.38716097435897434 0.7203035192307693 0.3989010737179487 0.7187912083333333 0.42124152243589746 0.7206891826923078 0.4251150288461538 0.7225826538461538 0.42384225961538463 0.7245659551282052 0.42518917307692305 0.7268303717948718 0.4216747948717949 0.731467576923077 0.42462692948717945 0.7320697403846154 0.43279562179487174 0.7319271570512821 0.4333065320512821 0.7237470576923076 0.4360667756410256 0.7227183365384615 0.4591252980769231 0.7236232371794872 0.467936076923077 0.72281575 0.4761161698717949 0.7233266602564102 0.49416713782051286 0.7275874423076923 0.5114733557692308 0.7266316634615385 0.5523453237179486 0.7275524775641026 0.567449858974359 0.7315378397435897 0.5942374583333333 0.7307434166666668 0.6577291570512821 0.7355184134615385 0.6616501282051283 0.7354499711538461 0.6635878012820512 0.7341087596153846 0.6664087596153846 0.7271957275641026 0.6649135576923078 0.7164358717948718 0.6649225641025641 0.6795019871794872 0.6604939935897436 0.6504898878205128 0.6568256217948718 0.6463049070512821 0.6558796025641025 0.6482825 0.6576217051282052 0.6544621891025642 0.6570081314102564 0.6567608301282052 0.6550818653846153 0.6587555352564102 0.6541985833333334 0.6643273557692309 0.6516074166666667 0.6656799743589743 0.6443220096153847 0.6602507403846154 0.6432961378205128 0.6576538653846153 0.6430416346153845 0.6617984839743589 0.6388414423076924 0.6645954166666667 0.6316472948717949 0.6643941410256411 0.622452733974359 0.661939858974359 0.6188756185897436 0.6629828365384615 0.611303391025641 0.6598465384615384 0.6018106025641026 0.6590316955128205 0.6014325224358975 0.6560966698717948 0.6043390288461539 0.6540848525641026 0.40861184615384616 0.3950430096153846 0.4168620352564103 0.38084457692307694 0.4309480576923077 0.3639294967948718 0.43412428205128206 0.35864450000000003 0.43469222435897437 0.3537318782051282 0.43367205769230766 0.3514617564102564 0.4254520352564103 0.3486636153846154 0.4260028717948718 0.34277075 0.4233090448717948 0.33824191025641026 0.40377427884615386 0.323874766025641 0.38662371153846153 0.31502241025641026 0.38037558012820516 0.31284354166666667 0.3774519647435897 0.3138751153846154 0.37218977884615384 0.3120058878205128 0.3708656794871795 0.3110484551282051 0.37082575641025645 0.30876122435897435 0.35844356730769233 0.3109384358974359 0.3558010705128205 0.30935032371794874 0.3528945608974359 0.311362141025641 0.35360508974358973 0.31461821153846153 0.3526362532051282 0.31528882051282053 0.3441864455128205 0.31805108653846154 0.3383049871794872 0.31815375 0.3380238653846154 0.3207734326923077 0.31989139743589745 0.3305685032051282 0.3109722564102564 0.32516778846153843 0.3076990769230769 0.3248980737179487 0.30546887500000003 0.32820547435897435 0.3061622948717949 0.33048129807692306 0.3049123397435897 0.3337715897435897 0.30036639102564106 0.33548517628205127 0.2979006987179487 0.34402623717948716 0.2956305737179487 0.34504640705128203 0.2906951378205128 0.3431714711538461 0.28613778205128204 0.3442315608974359 0.28379921794871793 0.34133075641025645 0.2795457980769231 0.3410781538461538 0.27630683653846155 0.3427689262820513 0.24063596794871797 0.3214928044871795 0.24016663461538462 0.3133298141025641 0.22742347756410256 0.31355224679487176 0.22192009615384614 0.3165899358974359 0.21763245512820512 0.31437684615384615 0.21623421153846153 0.3091716987179487 0.20968784935897433 0.3086322724358974 0.20675852884615387 0.3093370961538462 0.20525026602564103 0.3165540608974359 0.1853699935897436 0.3198426987179487 0.18209111217948717 0.3192462371794872 0.17722411538461538 0.3212922724358974 0.1779289455128205 0.32422159615384616 0.17604830448717948 0.32883028205128206 0.1750680608974359 0.32884739102564103 0.17267246474358974 0.3226791121794872 0.1684019326923077 0.321446266025641 0.16652129166666665 0.32605495192307693 0.16629720512820514 0.33194211217948716 0.16469198397435897 0.33360436858974357 0.16172844230769232 0.33234870833333335 0.14871557371794872 0.3358443173076923 0.14086792628205128 0.33565445512820513 0.13830527564102565 0.3386408108974359 0.1350606153846154 0.3400048333333333 0.11284177884615385 0.3403926666666667 0.11060587179487179 0.3433733173076923 0.09992016025641026 0.3491162371794872 0.09568384935897435 0.3498438782051282 0.09139620512820514 0.3476307884615385 0.0920211826923077 0.3459856442307692 0.08939009294871794 0.34505102884615385 0.09217682692307692 0.33617751282051284 0.09347811538461538 0.33582795192307696 0.09661441346153846 0.32825572115384616 0.0919715064102564 0.3244145993589744 0.08779222756410257 0.32840971474358976 0.08187655128205128 0.32655188782051287 0.07608064423076923 0.3315557628205128 0.0679746923076923 0.33529257371794874 0.06608264423076923 0.33924776602564105 0.04958961858974359 0.34934106730769227 0.004415294871794872 0.3828143044871795 0 0.3851191378205128 0 0.5043634038461539