12 0.6826466282051282 0.6186032852564102 0.6935345641025641 0.6408729743589744 0.7106208269230769 0.6522161346153846 0.7234443205128205 0.6528881826923076 0.7595909935897436 0.6379054871794871 0.763342907051282 0.6276544134615385 0.7666259711538462 0.5956796858974359 0.7593673461538462 0.5808332243589743 0.7274732179487179 0.5606773237179487 0.6942349871794872 0.566168407051282 0.6833958653846154 0.5736370512820513 0.6759340416666667 0.593337733974359 0.6826466282051282 0.6186032852564102
12 0.763799233974359 0.4042581730769231 0.832809516025641 0.4062675128205128 0.8682421346153847 0.40490977884615387 0.8733029647435898 0.4003529871794872 0.8684873397435897 0.36956116346153844 0.8577708205128206 0.3593555 0.8295900128205128 0.34501989102564107 0.8086678269230769 0.3455307467948718 0.772311141025641 0.3645207820512821 0.7697841314102565 0.3820690801282051 0.7620248782051282 0.392110141025641 0.763799233974359 0.4042581730769231
12 0.8621732307692307 0.4287018076923077 0.8672340576923077 0.42414501602564103 0.8693830384615384 0.4138099358974359 0.8662191666666667 0.4128404519230769 0.8610743301282051 0.4190001826923077 0.8274966666666668 0.4156331121794871 0.8167835608974359 0.4206973493589744 0.8107986602564102 0.44288644230769225 0.8242976121794872 0.4460049006410256 0.8488456987179487 0.43764737500000006 0.8621732307692307 0.4287018076923077
12 0.7855297019230769 0.434329125 0.7991512532051283 0.4197732788461539 0.7938349967948718 0.4138689775641025 0.7777636314102564 0.41383038141025646 0.7711418653846154 0.4175016987179487 0.7752366217948718 0.4313786794871795 0.7855297019230769 0.434329125
15 0.6764278557692308 0.537910407051282 0.6741142724358975 0.5667212628205128 0.676224657051282 0.5724575512820512 0.6826364038461539 0.5727935769230769 0.687739233974359 0.5674353173076923 0.7000132788461538 0.5632565576923076 0.7210614711538462 0.560341298076923 0.7290761538461538 0.5607613301282052 0.7438420192307692 0.5703755416666666 0.7479333653846154 0.5689826217948718 0.7428657211538461 0.542999608974359 0.7273823942307692 0.5317404583333333 0.7044338365384615 0.5249120865384616 0.6856220352564103 0.5311592307692308 0.6764278557692308 0.537910407051282
15 0.16747612820512822 0.2355786987179487 0.15364115064102565 0.23887198717948716 0.1475654262820513 0.23212421474358974 0.12352137820512822 0.2308641185897436 0.1202315 0.23229904166666665 0.11255624679487178 0.24073716666666664 0.11146075961538461 0.2463054423076923 0.11601755128205128 0.2513662692307692 0.113361125 0.2560490705128205 0.11462803525641026 0.2625448237179487 0.1191008205128205 0.26920858974358974 0.12454308653846155 0.2727084871794872 0.13011136217948718 0.2738039775641026 0.15588435897435898 0.27274367307692304 0.1624641153846154 0.2698738237179487 0.17284120192307692 0.2712213333333333 0.17781802564102564 0.2682674807692308 0.17726516666666667 0.24814676602564104 0.17363585576923077 0.24072353205128208 0.16747612820512822 0.2355786987179487
15 0.24614603205128205 0.23729060576923075 0.23585295512820514 0.23434016025641027 0.2234914935897436 0.22485195833333335 0.2154768108974359 0.2244319262820513 0.2105419935897436 0.2265843108974359 0.20801158012820514 0.22886270833333333 0.20700009294871796 0.23282804487179484 0.2012638044871795 0.2349384294871795 0.19269967307692307 0.2296675833333333 0.1815211185897436 0.2282780705128205 0.18050963461538463 0.23224340705128205 0.18266202243589744 0.23717822756410256 0.18645934615384616 0.24139558333333333 0.1919436153846154 0.24409401282051282 0.18911918269230768 0.25198268589743594 0.18659217307692308 0.26953098076923077 0.20106060576923077 0.2694855705128205 0.2076403653846154 0.26661572435897435 0.2220247916666667 0.26817325 0.23573375961538462 0.2672843685897436 0.24391645512820512 0.26449852243589744 0.24729034294871796 0.26146066346153846 0.24749694871794872 0.2421834230769231 0.24614603205128205 0.23729060576923075
15 0.32114802884615384 0.24765065064102565 0.31798075320512825 0.23141126602564105 0.31281320833333337 0.23033677884615386 0.30713822435897437 0.2236100096153846 0.29752060256410257 0.22310597115384617 0.28942191346153845 0.224288875 0.28326559294871795 0.23441394230769233 0.27837277884615386 0.235764858974359 0.27702526602564104 0.2461419423076923 0.2784601923076923 0.2494318237179487 0.2765632307692308 0.2549580961538461 0.27728069551282053 0.25660303525641026 0.27618520512820516 0.2621713108974359 0.28019254807692306 0.2623813269230769 0.2852533782051282 0.25782453525641025 0.2898941730769231 0.2612824294871795 0.30111472756410257 0.26187047435897437 0.31566716666666667 0.26022212499999997 0.3190410576923077 0.25718426602564104 0.3186176153846154 0.24992904487179488 0.32194949679487184 0.24769265384615385 0.32114802884615384 0.24765065064102565
15 0.342325641025641 0.2576008878205128 0.34962285897435896 0.2563759807692308 0.3513938108974359 0.25325411538461534 0.35303875 0.25253665064102565 0.3514778173076923 0.2516511762820513 0.34523067307692307 0.23283937500000002 0.34447120833333333 0.23199590384615384 0.33962039423076923 0.23254535256410258 0.3395363878205128 0.23414829166666665 0.34257425 0.2375221762820513 0.34249024358974356 0.23912511538461537 0.3408033012820513 0.24064404166666664 0.3390323525641025 0.24376591025641026 0.3389063429487179 0.2461703141025641 0.3380628717948718 0.24692978205128205 0.3379368621794872 0.2493341826923077 0.337093391025641 0.2500936506410256 0.33781085256410254 0.25173858974358976 0.3376428397435897 0.2549444615384615 0.33675736538461537 0.25650539743589745 0.33831829807692304 0.2573908717948718 0.342325641025641 0.2576008878205128
15 0.386735608974359 0.22295951282051282 0.37580907371794875 0.21676118910256412 0.36859585576923076 0.21638316025641025 0.36361903525641026 0.219337016025641 0.35750472115384613 0.22866061538461538 0.3528673301282051 0.24047262179487178 0.35725610897435894 0.2487393269230769 0.357046092948718 0.2527466666666667 0.36253036217948714 0.255445092948718 0.3680986378205128 0.25654058333333335 0.4189271666666667 0.2527750384615385 0.4230185128205128 0.2513821185897436 0.4265184070512821 0.24593985256410256 0.42693843910256407 0.23792516987179488 0.4243626153846154 0.22573512820512823 0.41988983012820513 0.2190713653846154 0.41596649679487174 0.21725841346153849 0.4014980641025641 0.21730382371794874 0.386735608974359 0.22295951282051282
15 0.6524155865384615 0.490039141025641 0.6514881057692308 0.4924015448717948 0.6511100769230769 0.49961475641025643 0.6532624647435897 0.5045495769230769 0.6531364551282051 0.506953983974359 0.6538959198717949 0.5077974551282052 0.6563003237179488 0.5079234647435897 0.6580292724358975 0.5056030641025641 0.6608537083333333 0.497714391025641 0.6634681282051282 0.49383305769230773 0.6582778814102564 0.4855243525641026 0.6574344102564103 0.4862838173076923 0.6550300064102564 0.4861578076923077 0.6549880032051282 0.48695927884615386 0.6524155865384615 0.490039141025641
15 0.7428657211538461 0.542999608974359 0.7273823942307692 0.5317404583333333 0.7108035801282051 0.5260495801282051 0.711181608974359 0.5188363653846154 0.7189828685897436 0.5079938397435898 0.7218913076923077 0.49850222435897434 0.7126483108974359 0.47551507051282055 0.7080915192307692 0.4704542435897436 0.693917108974359 0.46488937500000005 0.6817690769230769 0.466663733974359 0.6782691794871795 0.47210599999999997 0.6759941923076923 0.484845483974359 0.6778979647435898 0.509859016025641 0.6753323653846154 0.5434786826923077 0.6774847532051282 0.5484135032051283 0.6746603141025641 0.5563021794871795 0.6746637211538461 0.5715720769230769 0.6826364038461539 0.5727935769230769 0.6934755224358974 0.5653249391025641 0.7210614711538462 0.560341298076923 0.7282746858974358 0.5607193269230769 0.7415216185897436 0.5686465961538462 0.7463304262820513 0.5688986153846154 0.7482273878205128 0.5633723429487179 0.7428657211538461 0.542999608974359
10 0.3274712532051282 0.41835999358974363 0.3429931762820513 0.41354777564102563 0.3476725673076923 0.4009343012820513 0.34581420192307694 0.3903892019230769 0.3420168782051282 0.38617184615384614 0.33349475 0.38009953205128205 0.3255220673076923 0.37887803205128207 0.31493496794871795 0.3815378653846154 0.30983213782051283 0.386896125 0.3089080673076923 0.40452842628205127 0.3163767083333333 0.4153675448717949 0.3274712532051282 0.41835999358974363
10 0.7593059999999999 0.305975 0.7480854455128205 0.30538695833333335 0.7389332692307692 0.31133666666666665 0.7373337403846154 0.3265225608974359 0.7395281282051283 0.33065591346153844 0.7530270801282051 0.33377437499999996 0.7638241955128205 0.3271071987179487 0.7654237243589744 0.3119213044871795 0.7593059999999999 0.305975
10 0.6918566506410256 0.3048511378205128 0.680594092948718 0.3050645641025641 0.6738463205128205 0.311140282051282 0.672540814102564 0.32071589743589746 0.6793339967948717 0.32910861217948717 0.6905965576923077 0.3288951891025641 0.6981878012820513 0.32206 0.6987758461538461 0.3108394423076923 0.6918566506410256 0.3048511378205128
10 0.4838177307692308 0.3180583685897436 0.48247022115384613 0.32843545512820516 0.49225925961538464 0.3410035192307692 0.4962245993589744 0.3420150032051282 0.500609967948718 0.3350118076923077 0.49963708012820507 0.3229057724358974 0.49267588461538464 0.3177189358974359 0.4838177307692308 0.3180583685897436
11 0.8459883782051282 0.6761875096153847 0.864338141025641 0.678756516025641 0.9027212051282052 0.6671057051282051 0.910186439102564 0.662674923076923 0.9222890641025641 0.6464321346153846 0.8992882788461538 0.5945955256410256 0.8876862852564102 0.5859507948717948 0.8653291794871796 0.5831717724358975 0.8441969775641025 0.587689967948718 0.8186374038461539 0.6000128269230769 0.809950673076923 0.6124162916666667 0.8116830288461538 0.6253657948717949 0.8459883782051282 0.6761875096153847
3 0.7337464294871795 0.3182978621794872 0.7578290769230769 0.3034865897435897 0.7639229423076923 0.20254358333333333 0.7594887532051282 0.17980844871794874 0.7290329583333334 0.17821232692307692 0.727178 0.18293713141025641 0.7241889615384616 0.20930157692307694 0.7282621602564102 0.3155994358974359 0.7337464294871795 0.3182978621794872
2 0.010908307692307693 0.47811824679487175 0.012847266025641025 0.47179050961538455 0.003180826923076923 0.4415481378205129 0.0023793621794871798 0.44150613461538457 0.00023719871794871796 0.48238101602564104 0.0026416057692307694 0.48250702564102566 0.010908307692307693 0.47811824679487175
2 0.15030585897435897 0.22583847756410258 0.14714198717948718 0.2248689967948718 0.14697397435897436 0.22807486858974357 0.12769673076923077 0.2278682628205128 0.11858655769230769 0.2330165064102564 0.10732741025641025 0.24849983012820515 0.10960580128205127 0.25103024358974363 0.10551445512820513 0.25242316666666664 0.11188419871794873 0.2535606602564103 0.11581094230769232 0.2706435128205128 0.11813133974358973 0.27237246153846156 0.10986463782051281 0.2767612371794872 0.0978846185897436 0.27532972115384613 0.09092341987179486 0.2701428814102564 0.08788556089743589 0.2667689967948718 0.08670265384615385 0.2586703076923077 0.08864161538461539 0.2523425673076923 0.06725058333333334 0.23112976923076922 0.0632852467948718 0.23011828846153848 0.06315923717948718 0.2325226923076923 0.056072028846153844 0.2297402596153846 0.04949227243589744 0.23261010576923077 0.039157189102564105 0.23046112820512824 0.034981836538461535 0.23345698397435896 0.04211104166666667 0.23543795192307693 0.0378936858974359 0.23923527564102565 0.04013008012820513 0.24256716025641026 0.03443579487179487 0.24387607371794873 0.033214291666666666 0.25184875320512823 0.027393996794871794 0.2555620705128205 0.030641878205128207 0.2549286185897436 0.030473865384615387 0.2581344903846154 0.03452320833333333 0.2575430384615384 0.03996547435897436 0.2610429326923077 0.03431319230769231 0.2615503782051282 0.03338571474358974 0.26391278205128205 0.036171554487179486 0.2720954775641026 0.03503406410256411 0.27846522115384614 0.023561487179487178 0.2826859871794872 0.023435477564102563 0.285090391025641 0.02795026282051282 0.2909526891025641 0.03596494551282051 0.29137272115384616 0.038663375 0.28588845192307694 0.043430182692307695 0.2869419391025641 0.05005194551282051 0.283270625 0.05545220512820513 0.2875719871794872 0.052120323717948724 0.2898083782051282 0.06414234935897435 0.2904384262820513 0.06363490384615385 0.28478614423076926 0.0675894358974359 0.28463461217948716 0.06705079166666666 0.2809468173076923 0.08493511217948718 0.27706207692307694 0.09219033333333333 0.27663863782051284 0.0967471217948718 0.2816994647435897 0.10577329166666666 0.27815416025641027 0.12176065384615385 0.2797956891025641 0.11990569871794872 0.2845204935897436 0.11104754487179487 0.28485992628205126 0.10927659294871794 0.28798179487179487 0.11328393269230769 0.2881918108974359 0.10986804487179487 0.29203114102564104 0.10518524679487179 0.2893747147435897 0.10185336217948718 0.29161110897435893 0.10037643589743589 0.28912269551282055 0.10286484935897434 0.28764576923076923 0.09906751923076923 0.28342841346153846 0.09733857692307692 0.28574881089743587 0.10126191025641026 0.2875617628205128 0.09628508653846153 0.2905156153846154 0.0907588141025641 0.28861865705128203 0.08703082371794872 0.29129353205128206 0.0927851923076923 0.2959578814102564 0.08713291025641026 0.29646533012820514 0.0894533076923077 0.29819427564102563 0.08772436538461538 0.3005146730769231 0.08544596794871795 0.29798425961538466 0.0766298173076923 0.29752222435897435 0.07409940384615385 0.29980061858974355 0.06937459615384615 0.29794566666666666 0.07249646474358974 0.2997166121794872 0.06912258012820513 0.30275447435897435 0.08000710897435898 0.30975426602564105 0.08106059615384616 0.30498745833333335 0.08688089102564102 0.3012741378205128 0.08924329166666667 0.3022016185897436 0.0882738141025641 0.3053654871794872 0.09249116987179487 0.30156816025641026 0.10130732051282051 0.3020301955128205 0.10176935576923077 0.29321404487179487 0.123409 0.29434812820512823 0.1332400448717949 0.3061147275641026 0.13809085576923077 0.3055652788461538 0.1317631185897436 0.3036263141025641 0.13682394871794873 0.2990695256410256 0.13450354807692308 0.29734058012820513 0.13707596474358974 0.2942607147435897 0.13935436217948718 0.2967911314102564 0.14348771153846154 0.29459674038461536 0.14496464102564102 0.29708515384615386 0.14163275961538463 0.29932154487179485 0.1479184935897436 0.3020619775641026 0.1508689423076923 0.29176889743589746 0.16124602243589745 0.29311640705128206 0.1686272532051282 0.2902885608974359 0.1756304519230769 0.29467392948717946 0.17381749999999999 0.298597266025641 0.17850030128205127 0.30125369230769233 0.1834351185897436 0.2991013044871795 0.1803552532051282 0.29652888782051284 0.1828856698717949 0.29425049038461537 0.1814507467948718 0.2909606121794872 0.18946542948717948 0.2913806442307692 0.18929741666666666 0.29458651602564107 0.19672064743589746 0.29095720512820517 0.20760517948717952 0.2979569935897436 0.2134674775641026 0.2934422051282051 0.2128340224358974 0.29019433012820517 0.21679935897435898 0.2912058141025641 0.22751247115384615 0.28614157692307696 0.22903139743589745 0.2878285224358974 0.22654298717948715 0.2893054487179487 0.2305503301282051 0.28951546474358975 0.23506511858974358 0.2953777628205128 0.2508810608974359 0.28495526602564103 0.25708279166666664 0.2892986314102564 0.2496595608974359 0.29292794551282053 0.25843370833333335 0.2941914487179487 0.2578422564102564 0.29014210256410256 0.26341052884615385 0.29123759615384615 0.2691888205128205 0.2883257403846154 0.26982227884615384 0.2915736217948718 0.27302815064102565 0.29174163461538466 0.2772455064102564 0.2879443044871795 0.2758105865384615 0.2846544262820513 0.2830658012820513 0.2842309871794872 0.28285578525641025 0.28823832692307694 0.29247340705128205 0.2887423653846154 0.296732766025641 0.2841435705128205 0.3055489198717949 0.2846056057692308 0.3105677435897436 0.28085028525641026 0.3151665416666667 0.28510964423076923 0.313437592948718 0.28743004487179485 0.3182464038461538 0.2876820641025641 0.3241927083333333 0.28156433974358974 0.32887550961538464 0.28422076282051284 0.33081446794871794 0.27789302564102564 0.33558127564102563 0.27894650961538464 0.34861478525641026 0.27561121794871796 0.35730492628205124 0.2784776570512821 0.36012936217948716 0.27058898397435893 0.3656976378205128 0.2716844775641026 0.3779296794871795 0.2683071826923077 0.40349266025641023 0.2712542211538461 0.40931295512820515 0.26754090384615387 0.41243482051282054 0.26931184935897434 0.4303611474358975 0.264625641025641 0.44069622756410254 0.2667746217948718 0.44731799038461534 0.26310330448717945 0.4545312083333333 0.2634813301282051 0.46094635897435904 0.2790872596153846 0.46074316025641027 0.3136344038461538 0.46531358333333334 0.37977483653846156 0.4691529134615385 0.3831907275641026 0.4779690641025641 0.38365275961538464 0.5038260641025641 0.3809895224358974 0.5030211923076923 0.36567761538461535 0.49441164423076917 0.34593833974358973 0.49985050320512825 0.33416833333333334 0.49352276602564105 0.3322293717948718 0.4928473044871795 0.32978296474358976 0.4886299487179487 0.3335802884615385 0.48925999358974354 0.3215582628205128 0.48250881410256413 0.3123640833333333 0.48093765705128205 0.26566890705128204 0.476716891025641 0.2541963301282051 0.483380657051282 0.24972354487179488 0.4825791891025641 0.24968154166666665 0.4792018942307692 0.2374495032051282 0.4676419070512821 0.22800330128205126 0.45979523397435895 0.22437739743589744 0.4563793461538461 0.22821672756410258 0.45329948076923077 0.22564430769230773 0.44591825320512823 0.22847215384615382 0.4347397019230769 0.22708264102564102 0.42663760256410255 0.21299564423076922 0.42222952884615383 0.2127646282051282 0.3928919262820513 0.21283444551282052 0.3838237564102564 0.21718122115384617 0.3704088108974359 0.2124598269230769 0.3637870480769231 0.21613114102564104 0.3444678012820513 0.2167260032051282 0.3159929711538461 0.20800067307692308 0.26845432051282053 0.2103312980769231 0.262718032051282 0.21244167948717946 0.2378725128205128 0.21113958012820516 0.23129275641025643 0.2140094294871795 0.22095767307692307 0.2118604487179487 0.1773843621794872 0.2152025576923077 0.16299993589743592 0.21364503205128207 0.15127533974358975 0.22267460576923076 0.15030585897435897 0.22583847756410258
5 1 0.3995067628205128 0.9670679423076922 0.3747275544871795 0.9645795320512821 0.37620448397435896 0.9254721891025641 0.3556705512820513 0.9235298173076922 0.346728391025641 0.8897807339743589 0.33129729166666666 0.8809645833333334 0.3308352564102564 0.5926108141025641 0.34304804487179485 0.5752759423076923 0.3517835961538462 0.5742224551282051 0.35655040384615383 0.5651122788461539 0.3616986474358974 0.5611889455128205 0.3598856923076923 0.5495483557692308 0.36731233333333335 0.5449529711538462 0.378322875 0.548582282051282 0.38574610576923074 0.5400635608974359 0.3949436923076923 0.5137445224358974 0.40642308653846154 0.5018485096153846 0.40338863141025644 0.4848496602564102 0.4057124391025641 0.443218717948718 0.41799670512820514 0.43950880769230766 0.4274463108974359 0.4336885128205128 0.4311596346153846 0.43761184935897435 0.4329725833333333 0.4441144198717949 0.46224547756410256 0.5367033076923077 0.45906116025641025 0.5558545416666666 0.4616721698717949 0.5954205128205128 0.4581200480769231 0.6057135897435898 0.4610704935897436 0.6428751570512821 0.45739236217948714 0.6585264903846154 0.46544564102564107 0.6605562788461539 0.48805476923076924 0.654910810897436 0.5191020160256411 0.656478560897436 0.5505272948717949 0.6476238141025641 0.5661366282051282 0.6226976987179487 0.5817073685897436 0.6165833814102565 0.5910309647435897 0.6208881538461538 0.6009006025641026 0.6498284262820513 0.6160796826923077 0.6492823846153846 0.6264987724358974 0.6244890961538462 0.6702049102564102 0.6276143717948718 0.6872457596153847 0.6450366570512821 0.6921771698717948 0.6657034134615385 0.6812052275641026 0.6938388108974359 0.6810724006410256 0.6974227147435897 0.6740271987179487 0.7644906282051281 0.6670943717948717 0.7791724839743589 0.6783115224358974 0.7919539743589744 0.6797850416666666 0.7971022179487179 0.6888952147435897 0.8221611602564102 0.7014598717948718 0.8376410737179487 0.697449125 0.8435419679487179 0.6768629647435898 0.835103846153846 0.6691877179487179 0.8050158525641026 0.6145686762820513 0.7959022724358974 0.604447016025641 0.8158243012820513 0.4696709198717949 0.8306558942307694 0.4575895 0.9122071089743589 0.4554340608974359 0.9126691442307692 0.446617907051282 0.9219893333333332 0.43746232371794874 0.9322824134615385 0.4404127692307692 0.9489418237179487 0.4292308108974359 0.9889732403846153 0.43213243589743594 0.9893512692307692 0.4249192211538461 1 0.41602216025641026 1 0.3995067628205128
4 0.7189738365384616 0.8455346025641026 0.8800689711538462 0.8539772435897436 0.8812030576923078 0.8323375961538461 0.8368327916666667 0.6668673173076923 0.772901483974359 0.5526104134615384 0.7657722756410257 0.5506294487179487 0.7409619455128205 0.517986076923077 0.7378820801282051 0.5154136602564103 0.7329472628205128 0.5175660480769231 0.7355230865384615 0.5297560833333333 0.7490674519230769 0.5473429743589744 0.751898701923077 0.5699941057692308 0.7610962916666667 0.5785128269230769 0.7683129166666667 0.5941607564102563 0.7689497788461538 0.6126785352564103 0.7726210961538461 0.6193002948717948 0.761701375 0.6436417756410256 0.7405271762820512 0.6489614391025641 0.7371112852564102 0.6528007692307692 0.7104528141025641 0.6554220064102564 0.6962852211538462 0.6803969423076923 0.6961626185897436 0.6980712467948718 0.7189738365384616 0.8455346025641026