12 0.6846887211538462 0.6153975961538461 0.6959636602564102 0.6374738750000001 0.7132452852564103 0.648517108974359 0.7260785544871795 0.6489652564102564 0.7619582371794872 0.6333539967948718 0.7655306762820513 0.6230390032051282 0.7682552051282051 0.5910118493589744 0.7607385769230769 0.5762943301282052 0.7284975384615385 0.556698125 0.6953602019230769 0.5627684615384616 0.684653076923077 0.5704251378205129 0.6775362147435897 0.5902530448717949 0.6846887211538462 0.6153975961538461
12 0.7620881282051283 0.3996688237179487 0.8311229711538461 0.40047346153846153 0.8665264967948718 0.3984975480769231 0.8715070288461538 0.3938531282051282 0.8661547435897435 0.3631500384615385 0.8552617467948718 0.3531329583333333 0.8268350384615385 0.33929135576923075 0.8059249551282052 0.3401672756410256 0.7699052275641025 0.3597889326923077 0.7676848653846153 0.37737865705128204 0.7601020320512821 0.38755360576923076 0.7620881282051283 0.3996688237179487
12 0.8608737467948717 0.42239187179487175 0.8658542756410256 0.4177474487179488 0.8678225544871794 0.4073764391025641 0.8646422467948717 0.4064623205128205 0.8596056955128205 0.4127109038461539 0.8259743846153845 0.40993035576923076 0.8153512884615385 0.41518079166666666 0.8097545544871795 0.4374709551282051 0.8233058750000001 0.4403533525641025 0.8477043653846155 0.4315686730769231 0.8608737467948717 0.42239187179487175
12 0.7843400993589744 0.4293559455128205 0.7977055416666666 0.41456458653846157 0.7922870512820512 0.40875396794871793 0.7762174583333333 0.4089958621794872 0.7696607756410256 0.41278218589743587 0.7739970961538462 0.4265855897435898 0.7843400993589744 0.4293559455128205
15 0.6770626121794872 0.5348255448717948 0.6752522019230769 0.5636723878205128 0.677462375 0.5693709711538462 0.6838790096153846 0.5695950448717948 0.6888875512820513 0.5641485448717949 0.7010867948717949 0.5597562115384616 0.7220809006410257 0.5564740512820513 0.7301016955128206 0.5567541442307692 0.7450331025641026 0.5661091923076923 0.7490995160256411 0.5646450801282051 0.7435791794871794 0.538754467948718 0.7279017115384615 0.5277672532051282 0.7048374743589744 0.5213404294871794 0.6861375673076923 0.5279149326923077 0.6770626121794872 0.5348255448717948
15 0.16291198397435896 0.24142231410256412 0.14913658974358976 0.24495655448717948 0.14294402884615384 0.23831584615384616 0.11888165064102563 0.23747556730769231 0.11561731410256411 0.2389676891025641 0.1080904967948718 0.24753848076923077 0.10709235576923078 0.2531250256410256 0.11173677564102565 0.2581055544871795 0.10916248076923078 0.2628340064102564 0.1105425641025641 0.2693066570512821 0.11513096794871795 0.2758913461538462 0.12063348717948717 0.2792957307692308 0.12622003205128207 0.280293875 0.15197059935897436 0.2787839294871795 0.15849926923076924 0.2757996891025641 0.16889829166666667 0.27696588461538457 0.1738228044871795 0.273925625 0.172918875 0.253817625 0.1691605641025641 0.2464588621794872 0.16291198397435896 0.24142231410256412
15 0.24159978205128205 0.24176098076923078 0.23125678205128208 0.2389906217948718 0.2187316121794872 0.22971960256410257 0.21071082051282053 0.22943950961538462 0.2058143173076923 0.2316776923076923 0.20332405128205128 0.23399990384615385 0.20238192307692307 0.23798228846153846 0.19668334294871795 0.24019246474358974 0.18802852564102565 0.2350718846153846 0.17682742307692306 0.2338776762820513 0.17588529807692307 0.2378600641025641 0.17812348076923076 0.2427565673076923 0.18199383012820514 0.24690700961538461 0.18752435897435896 0.2495093141025641 0.18483803205128205 0.25744608012820513 0.18261766666666665 0.2750358044871795 0.19708310576923077 0.274737891025641 0.20361177564102564 0.2717536474358974 0.2180211923076923 0.27305989423076926 0.23171256089743592 0.27193189423076924 0.239845391025641 0.26900366666666664 0.24316574358974358 0.2659073846153846 0.2430358878205128 0.24662947435897437 0.24159978205128205 0.24176098076923078
15 0.31677116666666666 0.2508104807692308 0.3133209551282051 0.23462884935897435 0.30813544871794873 0.23364470833333334 0.3023439294871795 0.2270180064102564 0.29271897435897437 0.22668189743589742 0.2846421634615385 0.22800596153846156 0.2786634871794872 0.23823692948717948 0.2737949935897436 0.23967303205128204 0.27262879487179487 0.2500720512820513 0.27412091666666666 0.25333639102564104 0.2723206923076923 0.2588949262820513 0.2730667564102564 0.26052709294871795 0.27206860897435897 0.266113641025641 0.2760790064102564 0.2662536858974359 0.2810595384615384 0.26160926282051283 0.28575997756410254 0.26498564102564104 0.29698908653846157 0.2653777692307692 0.31151054166666664 0.2634756955128205 0.3148308974358974 0.26037941666666664 0.3142809006410256 0.2531326923076923 0.3175732435897436 0.2508384903846154 0.31677116666666666 0.2508104807692308
15 0.33811920833333337 0.2603896025641026 0.3453939391025641 0.25903752884615383 0.3471101346153846 0.25588523076923075 0.3487423012820513 0.25513916666666664 0.34716615384615385 0.2542810705128205 0.34059165064102565 0.23558116025641027 0.3398175801282051 0.2347510737179487 0.3349770961538462 0.23538509615384617 0.3349210769230769 0.2369892564102564 0.33801735576923075 0.24030961217948715 0.33796133653846155 0.24191376923076924 0.33630116346153843 0.24346191025641026 0.33458496474358973 0.24661420833333336 0.3345009391025641 0.24902044551282052 0.33367084935897434 0.24979451923076923 0.33358682371794873 0.2522007532051282 0.33275673397435895 0.25297482692307693 0.33350279487179485 0.2546069935897436 0.3333907596153846 0.2578153076923077 0.33253266025641026 0.2593914583333334 0.33410880769230766 0.2602495576923077 0.33811920833333337 0.2603896025641026
15 0.38191783653846156 0.22497844230769232 0.37088478846153844 0.2189717596153846 0.36366607371794873 0.21871967628205127 0.3587415641025641 0.2217599358974359 0.3527908974358975 0.23118882692307693 0.3483603621794872 0.24307996794871797 0.3528927467948718 0.2512688173076923 0.35275269871794873 0.2552792147435897 0.3582832275641026 0.257881516025641 0.3638697724358974 0.25887966025641024 0.414624842948718 0.25422760576923076 0.41869125641025645 0.2527634967948718 0.4220956378205128 0.24726097756410256 0.42237573076923074 0.2392401858974359 0.4195875512820513 0.2270969551282051 0.41499915064102566 0.220512266025641 0.41104477243589743 0.21876806410256408 0.39657933653846156 0.21906597435897437 0.38191783653846156 0.22497844230769232
15 0.6522185320512821 0.487380641025641 0.6513324230769231 0.4897588685897436 0.6510803397435898 0.49697758012820514 0.6533185224358974 0.5018740865384616 0.6532344935897435 0.5042803237179487 0.6540085673076923 0.5051104134615384 0.6564148012820513 0.5051944391025641 0.6581029903846154 0.5028442211538461 0.6607893205128205 0.4949074551282051 0.6633356057692308 0.49098108653846156 0.658001141025641 0.4827642275641026 0.6571710512820512 0.48353829807692306 0.654764814102564 0.4834542692307692 0.6547368076923077 0.4842563525641026 0.6522185320512821 0.487380641025641
15 0.7435791794871794 0.538754467948718 0.7279017115384615 0.5277672532051282 0.7112260993589744 0.5223665833333333 0.7114781826923077 0.5151478685897436 0.7190890288461538 0.504170842948718 0.7218313749999999 0.49462991666666667 0.7121886025641025 0.47180757692307695 0.7075441826923077 0.46682704807692305 0.6932748108974359 0.4615104038461538 0.681159592948718 0.4634965032051282 0.6777552115384615 0.4689990224358975 0.6757029038461538 0.48177627243589743 0.6780429358974359 0.506752766025641 0.676064467948718 0.5404120897435898 0.6783026506410257 0.5453085929487179 0.6756163205128205 0.553245358974359 0.6758862243589743 0.5685128749999999 0.6838790096153846 0.5695950448717948 0.6945861346153845 0.561938375 0.7220809006410257 0.5564740512820513 0.7292996185897436 0.5567261346153847 0.7426828814102564 0.5644210064102564 0.7474953557692308 0.564589060897436 0.7492955801282052 0.5590305256410256 0.7435791794871794 0.538754467948718
10 0.32607271474358973 0.42138347115384617 0.34150828846153847 0.41630108974358976 0.34596683333333333 0.4036078685897436 0.34392471474358977 0.39309681089743587 0.3400543653846154 0.38894636858974363 0.3314275576923077 0.38302371153846154 0.3234347724358974 0.3819415384615385 0.31289570512820514 0.38478573717948716 0.30788716666666666 0.3902322371794872 0.3072709615384615 0.40787798076923076 0.3149276378205128 0.4185851025641026 0.32607271474358973 0.42138347115384617
10 0.7558803044871795 0.30147903846153845 0.7446511955128206 0.30108691025641027 0.7356042467948718 0.3071954423076923 0.7342699935897437 0.32240693910256407 0.736536185897436 0.3265013653846154 0.7500875032051282 0.32938375961538463 0.7607666185897436 0.3225291634615384 0.762100875 0.30731766666666666 0.7558803044871795 0.30147903846153845
10 0.6884216153846153 0.30153250000000004 0.6771644935897435 0.30194245192307695 0.6705237852564102 0.3081350096153846 0.6693855961538462 0.3177319519230769 0.676324217948718 0.32600483012820514 0.6875813365384615 0.32559487820512817 0.6950521346153846 0.3186282467948718 0.695444266025641 0.3073991378205128 0.6884216153846153 0.30153250000000004
10 0.48064487499999997 0.3183685 0.4794786762820513 0.32876752243589746 0.48948556730769227 0.34116283012820514 0.4934679551282052 0.3421049551282051 0.4977304326923077 0.3350262884615384 0.49654641666666666 0.3229390801282051 0.48949575641025644 0.3178745224358974 0.48064487499999997 0.3183685
11 0.8490105769230769 0.670122342948718 0.8674023814102565 0.6723707115384615 0.9055762660256411 0.6600518012820513 0.9129630352564103 0.6554914070512821 0.9247803397435899 0.6390398717948718 0.9008783846153846 0.587612576923077 0.8891272884615384 0.5791716474358974 0.8667250833333333 0.5767832307692308 0.8456749551282052 0.5816695448717949 0.8203343397435897 0.5944366057692309 0.8118654006410256 0.6069897852564102 0.8138234935897436 0.6199070833333333 0.8490105769230769 0.670122342948718
3 0.7305396891025641 0.31424609935897435 0.7543601762820513 0.299016782051282 0.7586914166666667 0.19798279487179488 0.7538611185897436 0.17532850961538463 0.7233821057692308 0.17426416025641026 0.7216098878205128 0.17902061858974358 0.7190814294871795 0.20543321794871794 0.7250091602564103 0.3116437980769231 0.7305396891025641 0.31424609935897435
2 0.010600910256410257 0.486657407051282 0.012429141025641025 0.48029679166666667 0.002236371794871795 0.4502277307692307 0.0014342916666666666 0.45019972115384616 0.00000582051282051282 0.4911057628205128 0.0024120608974358975 0.49118979166666665 0.010600910256410257 0.486657407051282
2 0.14557433974358974 0.23198324038461537 0.14239403205128204 0.23106912179487177 0.1422819967948718 0.2342774391025641 0.12300408333333333 0.23440729807692307 0.11398514423076922 0.2397137532051282 0.10299793269230768 0.2553912147435897 0.10532013782051283 0.2578814807692308 0.10125372435897437 0.2593455961538461 0.10764234935897435 0.2603717467948718 0.11186663461538461 0.277383467948718 0.11421685256410256 0.27907165705128206 0.1060280032051282 0.2836040384615385 0.09402482371794872 0.2823818205128205 0.08697416346153847 0.27731726282051283 0.0838778846153846 0.27399690705128205 0.0825538173076923 0.26592009615384615 0.08438205128205128 0.25955948076923074 0.0626240608974359 0.23872324038461537 0.05864167307692308 0.23778111538461538 0.058557647435897434 0.24018735256410254 0.05142295833333334 0.23752903205128206 0.044894288461538465 0.24051327564102565 0.03452327564102564 0.2385449935897436 0.03040084294871795 0.24161326602564104 0.037563535256410256 0.2434695096153846 0.033413096153846154 0.24733985897435895 0.035707294871794866 0.2506322051282051 0.03003672435897436 0.2520402980769231 0.028954548076923076 0.26003308333333336 0.02319994871794872 0.26384741346153845 0.02643627564102564 0.26315737179487175 0.026324240384615383 0.2663656891025641 0.03036264423076923 0.26570365705128207 0.03586516346153846 0.26910803846153847 0.03022259935897436 0.2697140512820513 0.02933649358974359 0.27209228205128205 0.03226471794871795 0.28022511217948715 0.031238564102564103 0.28661373397435896 0.019841397435897436 0.2910340833333333 0.019757371794871796 0.29344032051282054 0.024373778846153844 0.2992229326923077 0.03239457371794872 0.29950302564102566 0.03499687820512821 0.2939724967948718 0.03978134294871795 0.29494263141025645 0.046338022435897436 0.29115630769230766 0.051812532051282056 0.2953627692307692 0.0485201891025641 0.29765697115384615 0.0605513782051282 0.29807710897435896 0.059945362179487184 0.2924345448717949 0.06389665064102565 0.29221401923076923 0.06329372756410256 0.2885361858974359 0.08110752564102565 0.2843399134615385 0.08835425 0.2837899166666667 0.09299866987179488 0.2887704455128205 0.10196158974358974 0.28506815064102564 0.11797516666666667 0.2864304166666667 0.11620295192307693 0.291186875 0.1073520705128205 0.29168084935897437 0.105635875 0.29483314743589745 0.10964626923076924 0.29497319551282053 0.10629790705128205 0.2988715576923077 0.10156946153846154 0.29629726282051283 0.09827711217948717 0.2985914647435898 0.09675698397435897 0.29612920833333334 0.0992192403846154 0.2946090737179487 0.09534888782051282 0.2904586346153846 0.09366070512820512 0.29280885256410255 0.09761508012820513 0.2945530576923077 0.09269056730769232 0.2975933173076923 0.08713203205128205 0.29579309615384614 0.08345128846153847 0.298532625 0.0892861858974359 0.3030958365384615 0.0836436217948718 0.30370185256410254 0.08599384294871795 0.3053900384615385 0.08430565705128205 0.30774025641025643 0.08198344551282052 0.30524999038461537 0.07316057371794872 0.304941891025641 0.0706703076923077 0.3072641025641026 0.06591384935897436 0.3054918878205128 0.06906614743589744 0.3072080833333333 0.06574579487179487 0.31030436217948715 0.07675083012820513 0.3171131282051282 0.07772096474358973 0.31232866025641026 0.08347556730769232 0.3085143269230769 0.08585379487179488 0.30940043589743593 0.0849396794871795 0.3125807435897436 0.08909012179487179 0.3087103910256411 0.09791299358974359 0.3090184935897436 0.09822109615384615 0.3001956217948718 0.11987723717948719 0.3009518685897436 0.12991214102564103 0.31254509935897434 0.1347526217948718 0.3119110769230769 0.1283920096153846 0.31008284294871796 0.13337254166666668 0.3054384262820513 0.13102232051282053 0.3037502371794872 0.13354059615384614 0.3006259487179487 0.13586280769230769 0.30311621474358974 0.13995723076923078 0.3008500224358974 0.14147736217948717 0.30331227884615386 0.13818501602564104 0.30560648076923075 0.1445176217948718 0.3082367916666667 0.14728798076923078 0.29789378846153847 0.157687 0.2990599871794872 0.1650177532051282 0.2961037532051282 0.17209642307692308 0.30036623076923075 0.17035221474358972 0.3043206121794872 0.17508066666666666 0.30689490384615387 0.17997716666666666 0.3046567211538462 0.1768528782051282 0.30213844551282054 0.17934314423076922 0.2998162371794872 0.17785102243589743 0.29655190064102566 0.18587181410256412 0.2968319935897436 0.18575977884615386 0.3000403108974359 0.19311853846153845 0.29628199679487177 0.20412357692307692 0.3030907596153846 0.2099061858974359 0.2984743493589744 0.20921614423076923 0.2952380224358974 0.21319853205128206 0.29618014743589743 0.2238216282051282 0.29092971153846153 0.22536976602564102 0.292589891025641 0.22290750961538464 0.29411002243589746 0.22691790705128206 0.2942500673076923 0.23153432051282052 0.3000326794871795 0.24716595512820513 0.28933574358974357 0.2534425416666667 0.2935702115384616 0.24608378525641028 0.29732852564102563 0.25487864743589744 0.2984387083333333 0.2542166153846154 0.2944003012820513 0.25980315705128204 0.2953984455128205 0.26552975 0.2923861923076923 0.26621979487179487 0.29562251923076927 0.2694281121794872 0.2957345576923077 0.2735785512820513 0.29186420512820516 0.2720864326923077 0.2885998685897436 0.27933315384615387 0.288049875 0.2791931057692308 0.2920602692307692 0.2888180608974359 0.2923963814102564 0.2929965128205128 0.28772394871794876 0.3018193846153846 0.2880320512820513 0.30677190705128204 0.28418971153846156 0.31144433653846154 0.28836816346153843 0.30975615064102563 0.2907183814102564 0.314568625 0.2908864358974359 0.3204072564102564 0.28466586858974363 0.3251357051282051 0.28724016346153847 0.3269639358974359 0.28087954807692306 0.3317484038461539 0.2818496794871795 0.3447217179487179 0.2782874294871795 0.3534605608974359 0.2810017692307692 0.356146891025641 0.2730650032051282 0.3617334358974359 0.27406315064102565 0.37390467628205126 0.27047289102564104 0.3995151955128205 0.2729733461538461 0.4052697948717949 0.269159016025641 0.40842209615384617 0.27087520833333334 0.42626390384615387 0.26587685576923076 0.4366349166666667 0.2678451346153846 0.4431915961538462 0.2640588108974359 0.45041031089743594 0.26431089423076926 0.4570968493589743 0.2798024871794872 0.45749661217948717 0.31434791346153845 0.46322065064102563 0.38039850961538463 0.4671190064102564 0.38374687179487177 0.4759418782051282 0.38405497435897434 0.5017484647435898 0.380940875 0.5006764807692308 0.3656453461538462 0.49172375 0.34605933653846155 0.4969563653846154 0.33419619871794876 0.49059575000000005 0.332367967948718 0.48987769551282045 0.32993372115384617 0.48572725320512816 0.3338040705128205 0.48614739423076925 0.32177288141025645 0.47923677884615384 0.3126979262820513 0.4768509198717949 0.266037282051282 0.4724305705128205 0.2546401153846154 0.47901525961538466 0.2500517115384615 0.4782131826923077 0.25002370192307694 0.4746229262820513 0.23785246794871795 0.4628998365384615 0.22860945512820513 0.45499108012820516 0.22512104487179485 0.45164271794871796 0.22901940705128204 0.4485184262820513 0.2265011314102564 0.4411876762820513 0.2294573653846154 0.4299865769230769 0.22826315705128203 0.42163985897435896 0.21431970512820514 0.41722842307692304 0.21416565705128207 0.38789650961538463 0.21474747435897434 0.37890558333333335 0.21925185256410254 0.36541027884615385 0.21476529807692307 0.3588535993589744 0.2185516217948718 0.3395476762820513 0.2194835576923077 0.31092490705128206 0.2112565128205128 0.2634341698717949 0.21441644551282052 0.25773558653846157 0.21662661858974358 0.23287112820512823 0.2157583333333333 0.22634245833333333 0.2187425737179487 0.2159714455128205 0.21677429487179486 0.17246309615384617 0.22087635256410257 0.1580536794871795 0.219570108974359 0.14648845833333335 0.2288029294871795 0.14557433974358974 0.23198324038461537
5 1 0.3921234455128205 0.9648104999999999 0.3665951730769231 0.9623482435897436 0.36811530769230766 0.9228884903846154 0.34826701923076925 0.9207903557692307 0.3393601185897436 0.8867771025641026 0.32452037499999997 0.8779542307692307 0.32421227243589745 0.5898575192307692 0.34145566666666666 0.5726777435897435 0.3504924230769231 0.5717076089743589 0.35527689102564103 0.5626886698717949 0.36058334615384613 0.5587342916666667 0.35883913782051285 0.5472250897435897 0.36646780448717947 0.542822564102564 0.3775568685897436 0.5465808782051281 0.3849156282051282 0.5382239743589744 0.39426048717948714 0.5121092884615385 0.40619746153846154 0.5001621282051282 0.40337108653846154 0.4832064230769231 0.40599120833333335 0.44179621153846155 0.4190001666666666 0.43825178525641023 0.4285130801282051 0.4324971826923077 0.43232741346153847 0.4364515608974359 0.43407161538461536 0.4434640224358974 0.46322656730769235 0.535983233974359 0.4584268333333333 0.5551771217948718 0.46070321153846155 0.5946750737179487 0.45646110897435893 0.6050180769230769 0.45923146794871794 0.6421097884615384 0.45490533653846155 0.6578992916666666 0.4626842371794872 0.6603233525641026 0.4852544935897436 0.6552205929487179 0.5163955416666667 0.6573365512820513 0.5477886698717949 0.6487555737179488 0.5635501666666667 0.624105 0.5795535544871795 0.6181543365384615 0.5889824423076923 0.622630701923077 0.5987754455128205 0.6518314775641025 0.6134471378205129 0.6514673589743589 0.6238741698717949 0.6274406185897435 0.6680063525641026 0.6308628237179488 0.6849900641025641 0.6483685224358974 0.6896166634615385 0.6688406442307693 0.6782857051282051 0.6969694391025641 0.6776618685897435 0.7004298365384616 0.6705551923076923 0.7673665416666667 0.6624529262820513 0.7822419294871795 0.6734121346153846 0.7950471891025641 0.674662358974359 0.8003536442307693 0.6836812948717949 0.8256280512820513 0.6958067019230769 0.8410356121794873 0.6915264038461538 0.8465763301282052 0.6708403942307692 0.8380055416666666 0.6633135801282051 0.8069688974358974 0.6092279679487179 0.7976800576923078 0.5992669038461538 0.8152468846153846 0.4641636474358975 0.8298653685897437 0.451825217948718 0.9113665448717949 0.44824684294871797 0.9116746442307693 0.43942396794871796 0.9208336282051283 0.4301071185897436 0.9311766314102564 0.43287747756410255 0.9476383557692307 0.4214064743589744 0.9877143141025642 0.42360901282051283 0.9879663974358974 0.41639029807692307 0.9995596282051281 0.40635539743589744 1 0.4065951474358974 1 0.3921234455128205
4 0.7249708974358975 0.8416603557692307 0.8861888397435899 0.8472902115384616 0.8869450865384616 0.8256340705128205 0.8396937243589744 0.6609633621794873 0.7737780961538462 0.5478396121794872 0.7666154038461539 0.5459833717948718 0.7412391474358975 0.5137779743589744 0.7381148557692307 0.5112596987179487 0.7332183525641026 0.5134978814102564 0.7360065320512821 0.5256411057692307 0.749855766025641 0.5429889391025642 0.7530819038461539 0.5655872051282052 0.7624267628205128 0.573944108974359 0.7699153814102564 0.5894637083333334 0.7708753269230769 0.6079675512820513 0.7746616506410257 0.6145242307692308 0.7641684102564102 0.6390525801282051 0.7430902756410257 0.6447409743589744 0.7397419134615385 0.6486393365384615 0.7131332499999999 0.6517254262820513 0.699403685897436 0.6769438173076923 0.6995895608974358 0.6946175705128206 0.7249708974358975 0.8416603557692307