11 1 0.34373229807692307 0.9998730929487178 0.34372786538461536 0.9808622756410256 0.34386705128205125 0.9574339198717948 0.3478672596153846 0.9399180320512821 0.366528967948718 0.9356275448717949 0.37440971474358975 0.9267104551282052 0.39979616025641024 0.9272324423076922 0.40784496153846156 0.9551931826923076 0.4120336025641026 0.9808877275641026 0.4121278205128205 1 0.41708084294871794 1 0.34373229807692307
11 1 0.4253428974358974 0.9853360865384616 0.422722907051282 0.9523948141025641 0.42317868589743585 0.9388995096153846 0.4186921346153846 0.9372953557692307 0.41863611538461537 0.9323988493589743 0.42087429807692306 0.9330048621794871 0.4265168621794872 0.954594798076923 0.4521655769230769 0.975336826923077 0.4561021378205128 1 0.4569633942307692 1 0.4253428974358974
3 0.24454558974358975 0.4619015833333333 0.23677687820512822 0.4544027756410256 0.23307458653846155 0.445439858974359 0.2326646314102564 0.4341827371794872 0.2296243717948718 0.4292582243589743 0.23219866346153845 0.4245297788461539 0.2303806217948718 0.4076020865384615 0.21688531730769228 0.40311552884615387 0.21943160256410257 0.3991891634615385 0.22916859294871797 0.39631695512820514 0.22787253525641027 0.3874380641025641 0.23116487820512818 0.38514386538461537 0.2212140032051282 0.3711443942307692 0.2092031923076923 0.3241476378205128 0.20929740705128205 0.29845308974358975 0.20614510897435898 0.29673689423076927 0.20454095192307692 0.29668087820512823 0.17151565064102564 0.2995428942307692 0.1618066730769231 0.30161302243589744 0.15843029807692308 0.30631346153846156 0.1750116955128205 0.3374086762820513 0.1887387019230769 0.38125313782051284 0.18843060256410257 0.39007600961538463 0.19199284935897437 0.4030493237179487 0.19907151923076924 0.40731180448717946 0.2042837564102564 0.44202528846153843 0.21384250000000002 0.4672538653846154 0.2129283846153846 0.4704341730769231 0.22169524038461538 0.47234643589743586 0.24282939102564102 0.46505388141025644 0.24454558974358975 0.4619015833333333
0 0.9217451891025641 0.4959896602564102 0.9439895256410256 0.4799022435897436 0.9432714743589744 0.4774679967948718 0.9384589967948719 0.47729994230769235 0.9327884230769231 0.47870803525641026 0.8817990897435897 0.5130650320512821 0.8761285160256411 0.514473125 0.8719500641025641 0.5191455544871795 0.8490156891025641 0.5319966474358975 0.8407148012820513 0.5397373461538462 0.8342141410256411 0.5419195128205129 0.7766681282051282 0.5800628301282051 0.7559999423076923 0.5970083461538461 0.6903210961538461 0.6380798878205128 0.41376412179487176 0.8307927756410256 0.4386285801282051 0.8316610641025641 0.735079673076923 0.6211725737179488 0.9217451891025641 0.4959896602564102
0 0.5031335897435897 0.7552139999999999 0.5846401346153847 0.6978309647435897 0.615847391025641 0.6780412564102564 0.6231501314102564 0.6758870993589744 0.626274423076923 0.678405375 0.6096726506410257 0.6938867756410256 0.41379213141025645 0.8299906987179486 0.4394306602564102 0.8316890737179486 0.4452692884615384 0.8254685032051282 0.5538606538461538 0.7513640256410257 0.6346491474358975 0.6915467435897436 0.6436120641025641 0.687844451923077 0.7745317916666666 0.5952463173076923 0.8130978076923078 0.5716982916666666 0.8510297980769231 0.5433097852564103 0.8978406762820512 0.513625217948718 0.9456777083333333 0.4775520256410256 0.940119173076923 0.4757518012820513 0.9304101955128206 0.4778219294871795 0.9297201538461539 0.47458560256410254 0.9249076762820513 0.47441754807692305 0.9208972820512821 0.4742775 0.9128764871794871 0.47399741025641023 0.9046876378205128 0.4785297916666667 0.8437932628205129 0.5205714711538462 0.8233491506410255 0.5311003493589743 0.7731899038461538 0.5646832788461539 0.7527457916666667 0.575212157051282 0.7452749967948719 0.5821787884615385 0.6353035480769231 0.649810608974359 0.3688476826923077 0.8292242596153846 0.39451421794871794 0.8301205544871795 0.42915386538461536 0.8040262467948718 0.4611631955128205 0.7842645448717949 0.4818313814102564 0.767319032051282 0.5031335897435897 0.7552139999999999
11 0.8821148589743589 0.29705361217948717 0.8758382692307694 0.2928191442307692 0.8702237147435897 0.29262307692307693 0.86112075 0.3003357692307692 0.8616707467948718 0.3075824903846154 0.8687494134615386 0.31184497435897435 0.8776283044871794 0.31054891346153846 0.8834949423076923 0.303526266025641 0.8821148589743589 0.29705361217948717
3 0.6951361634615385 0.3162220128205128 0.700340766025641 0.30516095833333334 0.7058560288461538 0.2162141794871795 0.7003254999999999 0.213611875 0.6720286506410257 0.2190481858974359 0.6775184294871794 0.3148037275641026 0.6951361634615385 0.3162220128205128
10 0.9664350352564103 0.32007457692307695 0.9568941089743591 0.31733222756410256 0.9552899519230769 0.31727620833333336 0.9398823878205129 0.3215565064102564 0.9417004326923077 0.3384841987179487 0.9585160897435898 0.33987447435897433 0.9666769294871795 0.33614416987179485 0.9695033076923076 0.32419700641025645 0.9664350352564103 0.32007457692307695
11 0.8001067051282051 0.29981122435897434 0.7997425865384615 0.3102382596153846 0.8052170929487179 0.31444472115384614 0.8042469583333334 0.31922918589743593 0.8145619519230769 0.3228016217948718 0.8199804423076923 0.32861224358974356 0.8232447788461539 0.32712012179487177 0.8225547371794871 0.32388379487179486 0.8140399647435898 0.3147528237179487 0.8198785961538462 0.30853225 0.8208487275641025 0.3037477852564103 0.813910108974359 0.29547491025641026 0.8074934711538462 0.29525083653846157 0.8001067051282051 0.29981122435897434
11 0.7618487916666666 0.3145363782051282 0.7668013141025641 0.3106940384615384 0.7646751666666667 0.30258921794871796 0.7591726474358974 0.29918483653846156 0.7519539358974359 0.29893275320512824 0.7478315 0.30200102564102566 0.7451731794871795 0.3091357083333333 0.7450611442307693 0.3123440288461538 0.7505916698717948 0.3149463301282051 0.7618487916666666 0.3145363782051282
10 0.8132837179487179 0.33640896153846156 0.8125936762820513 0.3331726346153846 0.819262391025641 0.3261779967948718 0.8066531955128204 0.31931321153846154 0.8042469583333334 0.31922918589743593 0.7977462948717948 0.32141134935897436 0.7934838173076922 0.3284900192307692 0.8012245192307692 0.33679090384615384 0.8083872115384616 0.33864714423076925 0.8132837179487179 0.33640896153846156
10 0.09453658653846155 0.5666820192307692 0.08703778205128206 0.5744507275641025 0.08670167307692307 0.5840756826923077 0.09490833974358974 0.6020295256410256 0.11562235576923076 0.6067681666666667 0.13111394871794874 0.6000816250000001 0.13944284294871795 0.5915388461538462 0.14052501282051283 0.5835460608974359 0.13547064423076924 0.5673084102564102 0.12446560576923077 0.5604996474358974 0.11938603846153846 0.5603222628205129 0.10679185256410256 0.5606855224358974 0.09453658653846155 0.5666820192307692
10 0.3099903782051282 0.5139765224358974 0.31460679166666666 0.5197591346153846 0.3201653269230769 0.5215593589743589 0.33878120512820514 0.5173910929487179 0.3447038621794872 0.5087642884615384 0.3450679807692308 0.4983372564102564 0.3413936987179487 0.48857225961538464 0.33036065064102565 0.4825655737179487 0.3263502532051282 0.4824255288461538 0.31417901923076924 0.4860157852564102 0.30651215705128204 0.49859697115384616 0.3099903782051282 0.5139765224358974
11 0.046281971153846156 0.5457235544871795 0.06452354166666667 0.5752706282051282 0.06919597435897436 0.5794490801282052 0.0732063685897436 0.579589125 0.08391349358974359 0.5719324551282051 0.08782204166666666 0.5519925064102564 0.08323363782051282 0.5454078173076923 0.07220059294871795 0.5394011346153845 0.06819019551282052 0.5392610865384615 0.055328916666666665 0.5396150224358974 0.046366 0.5433173141025641 0.046281971153846156 0.5457235544871795
11 0.15101825 0.5590177115384615 0.16279735897435899 0.5666565673076923 0.17164824038461537 0.5661625865384615 0.1863097403846154 0.5602501185897436 0.19223239743589746 0.5516233108974359 0.18964028525641025 0.5338655288461539 0.18341971153846154 0.5280269006410256 0.1715285705128205 0.5235963653846154 0.16591401282051282 0.5234002980769231 0.1537147692307692 0.5277926378205128 0.14524583012820513 0.5403458173076923 0.15101825 0.5590177115384615
11 0.43162889743589744 0.4571918717948718 0.44108579487179483 0.46234045833333337 0.45239893269230774 0.4603263525641026 0.45735145192307697 0.45648400641025644 0.45876973717948716 0.43886627243589743 0.44862279807692307 0.43048135897435896 0.44340928205128205 0.430299298076923 0.4381957660256411 0.4301172403846154 0.42995089743589743 0.436253782051282 0.42720855128205126 0.44579470833333334 0.43162889743589744 0.4571918717948718
2 1 0.3399086153846154 0.9907393108974358 0.3369844455128205 0.987643028846154 0.3336640929487179 0.9902733397435898 0.3273314871794872 0.9660429070512822 0.33130368589743586 0.955139717948718 0.3445749102564103 0.9392661858974358 0.3392022532051282 0.9357039391025642 0.3262289358974359 0.8834007275641026 0.3292208141025641 0.8754639615384614 0.32653448397435897 0.8516994935897435 0.3401596442307692 0.8471951217948719 0.3311687147435898 0.7902474903846154 0.3291800608974359 0.7473833525641026 0.3148342916666667 0.5792446121794872 0.32341779487179484 0.5488216153846154 0.32074928205128206 0.5245911826923076 0.32472148397435896 0.5163183076923077 0.33166010256410255 0.46628128525641027 0.33874640384615384 0.4582604935897436 0.3384663108974359 0.44642536858974363 0.33243161858974357 0.4236590448717949 0.340470233974359 0.42266090384615385 0.3460567756410256 0.41034961858974356 0.3536574326923077 0.3877233461538462 0.35768565064102564 0.37383591346153844 0.36442820833333334 0.3670831666666667 0.37382908653846153 0.355686 0.3782494326923077 0.35557396153846155 0.38145775000000004 0.37437571794871793 0.3949632403846154 0.3902466955128205 0.46939875 0.39333278525641024 0.4960074134615384 0.3811411762820513 0.5461742916666666 0.38450735897435895 0.5647621602564102 0.38763164743589745 0.5672804358974359 0.43678256089743595 0.5625723621794873 0.44464548717948715 0.5443766217948718 0.4423334647435897 0.518598044871795 0.4299025128205128 0.4836324807692308 0.42358009294871796 0.45771385897435896 0.42402824038461534 0.44488058974358974 0.4161576826923077 0.4173017916666667 0.4253166666666667 0.4079849391025641 1 0.4834566666666667 1 0.3399086153846154
10 0.9274947147435898 0.37733793910256413 0.9201461410256411 0.3578079455128205 0.9036946057692308 0.34599064102564103 0.8595802403846153 0.3444501346153846 0.8335775929487179 0.3531787884615385 0.812853391025641 0.37172846153846156 0.8100830320512821 0.3820714647435898 0.8088328044871795 0.39487672435897436 0.817403592948718 0.40240354166666664 0.9215618685897436 0.4092530576923077 0.9274947147435898 0.37733793910256413
10 0.6489312980769231 0.3515491442307693 0.6363679326923077 0.3663685096153846 0.6342315961538462 0.3815519967948718 0.6386239358974358 0.39375124679487183 0.6372896794871795 0.4089627435897436 0.6425961314102564 0.41798167948717946 0.6793517371794872 0.42328050320512817 0.6923810705128205 0.41811409294871793 0.7162193782051282 0.4253710032051282 0.6954035096153846 0.400552375 0.699087983974359 0.3870290673076923 0.7101312211538462 0.3697474391025641 0.7099173333333333 0.35287576282051286 0.6909475224358974 0.34418275 0.6684052756410257 0.3458047275641026 0.6489312980769231 0.3515491442307693
10 0.7797542532051283 0.35370841025641026 0.7432227243589744 0.34199295192307694 0.7208841730769231 0.3837749166666667 0.7197459807692308 0.39337186217948716 0.7308350448717948 0.3977743846153846 0.7861505096153846 0.40050909935897433 0.7927351987179487 0.39592070192307693 0.7944895961538462 0.3686780128205128 0.7797542532051283 0.35370841025641026
10 0.8801974871794872 0.4439461634615384 0.9081684134615384 0.42484649358974363 0.908336467948718 0.42003402243589744 0.8996536442307692 0.4157155224358974 0.8131131057692308 0.4102842852564103 0.8098487724358975 0.41177641025641026 0.8104547852564102 0.4174189743589744 0.8195195512820513 0.43379667307692305 0.8361391442307692 0.4408015 0.8801974871794872 0.4439461634615384
10 0.7401417083333334 0.43022167628205127 0.7505687403846154 0.4305857980769231 0.755773342948718 0.41952474038461535 0.7497208301282051 0.4088736378205128 0.7201839423076923 0.40382689743589745 0.7223380993589743 0.41112964102564103 0.7401417083333334 0.43022167628205127
5 1 0.22110178846153844 0.9699922083333333 0.2182105032051282 0.9690500833333332 0.2221928878205128 0.9525883589743589 0.23366389423076925 0.9474117596153846 0.2439228685897436 0.9461513461538462 0.2800164391025641 0.9334199262820513 0.29964828525641024 0.9309194711538461 0.3252588044871795 0.9347338044871796 0.33101340384615385 0.9418964967948719 0.3328696442307692 0.9430907083333333 0.32166854487179486 0.9520816378205128 0.31716416987179485 0.9678151185897437 0.32654722756410254 0.9721234294871794 0.34115271153846155 1 0.34008915064102563 1 0.22110178846153844
15 1 0.42501777243589745 0.9924707692307692 0.42538122756410257 0.966198217948718 0.4188423685897436 0.9629058749999999 0.42113656730769233 0.9549130897435898 0.42005439743589745 0.9523948141025641 0.42317868589743585 0.9421358365384614 0.41800209294871793 0.9373233621794872 0.4178340352564102 0.9315687628205128 0.4216483685897436 0.9322588044871796 0.42488469230769227 0.9514425 0.45044938461538464 0.9641357243589743 0.4549079262820513 1 0.4577239262820513 1 0.42501777243589745
15 1 0.34292923717948715 0.9993661185897437 0.34290710256410256 0.9703792243589743 0.34510708653846156 0.9566038333333333 0.34864133012820514 0.9364576314102564 0.3736356442307692 0.9267104551282052 0.39979616025641024 0.9264863814102565 0.40621279807692307 0.9351692083333333 0.4105312948717949 0.9768773333333334 0.41198777243589746 1 0.4171646314102564 1 0.34292923717948715
12 0.7655969166666667 0.3451834487179487 0.7575761217948719 0.34490335576923076 0.753677766025641 0.34155499358974356 0.74330675 0.33958671474358976 0.7321794871794872 0.3592745769230769 0.7258748910256411 0.3558421858974359 0.721780467948718 0.3581083782051282 0.7305193141025641 0.36082271794871795 0.7174237724358975 0.39088159615384616 0.7133013397435898 0.39394986538461535 0.7132173108974359 0.3963561025641026 0.7164816474358974 0.3948639807692308 0.719521907051282 0.3997884935897436 0.7153994743589743 0.402856766025641 0.7090108493589744 0.4018306121794872 0.7121631506410256 0.4035468076923077 0.7113050512820512 0.40512295833333334 0.6984997916666666 0.40387273076923075 0.6972317403846154 0.3941917596153846 0.699087983974359 0.3870290673076923 0.7040405064102564 0.38318672115384617 0.702520375 0.38072446474358973 0.7073328525641026 0.38089252243589744 0.7066148012820513 0.3784582724358974 0.7115393108974359 0.37541801282051285 0.712901576923077 0.3594044358974359 0.7202603365384616 0.3556461217948718 0.7145897628205129 0.35705421794871794 0.6925236698717949 0.34504084935897433 0.6837007980769231 0.3447327467948718 0.6811825224358974 0.34785703525641026 0.6748499166666667 0.3452267243589744 0.6546578878205128 0.348536891025641 0.6414885064102565 0.3577136955128205 0.643008641025641 0.36017595192307694 0.6371700096153846 0.3663965192307692 0.6336255833333333 0.3759094326923077 0.6346695544871794 0.39200703846153845 0.6441824711538461 0.3955514679487179 0.636655657051282 0.4041222564102564 0.636515608974359 0.4081326538461539 0.6417940544871795 0.4179536698717949 0.6473245801282052 0.42055597115384613 0.6809558942307692 0.42333651923076926 0.6882306282051283 0.4219844423076923 0.696447483974359 0.4166499807692308 0.7034421249999999 0.42331869551282053 0.7224959647435898 0.4296054743589744 0.7234380897435897 0.4256230865384615 0.7117430096153846 0.415578 0.7103629230769231 0.409105342948718 0.7137112884615384 0.40520698397435895 0.736933391025641 0.43010964102564103 0.7521448878205128 0.43144389743589745 0.7612198429487179 0.42453328205128205 0.7590656923076923 0.4172305416666667 0.7535911826923077 0.4130240801282052 0.7546453429487179 0.4058333782051282 0.7657904262820513 0.4086317403846154 0.7669744455128206 0.4207189519230769 0.7717028942307692 0.42329324679487185 0.7798917435897436 0.4187608621794872 0.781888032051282 0.4075877692307692 0.7958314807692307 0.3992410544871795 0.8046543557692307 0.399549157051282 0.8156033717948719 0.4079620801282052 0.8074985512820513 0.41008822115384613 0.8081045641025641 0.41573078525641033 0.8233058750000001 0.4403533525641025 0.8881902724358974 0.4450283365384615 0.8907925769230769 0.43949781089743584 0.9013876602564103 0.435049451923077 0.9113767339743589 0.42495853205128203 0.9148931506410256 0.41624769551282054 0.9093066057692308 0.4152495544871795 0.9142591250000001 0.4114072147435897 0.9239681057692308 0.40933708653846157 0.9270185576923077 0.39097328846153845 0.9268606891025641 0.37249745512820515 0.9209482211538462 0.35783595512820515 0.9060728333333333 0.3468767467948718 0.8933516025641026 0.343220282051282 0.8909453621794873 0.3431362564102564 0.8579760865384615 0.3443941153846154 0.8344636987179487 0.3508005608974359 0.8104751602564102 0.3708423525641026 0.8076767916666666 0.3819874358974359 0.8091969262820512 0.38444969230769227 0.8034143141025641 0.3890661057692308 0.8065386025641025 0.3915843814102564 0.8016140897435898 0.39462464102564104 0.795281483974359 0.39199433012820517 0.7960657435897436 0.36953610897435896 0.7876069903846155 0.35880097435897434 0.7813864198717949 0.35296234935897436 0.7702413397435898 0.3501639807692308 0.7655969166666667 0.3451834487179487