8 0.16627737820512822 0.5344809711538462 0.16151397756410257 0.5486973846153845 0.1597464358974359 0.567089157051282 0.1673864967948718 0.5899923044871794 0.1995780576923077 0.6198078301282052 0.2195307596153846 0.622460842948718 0.2762635897435897 0.6133790416666667 0.30709059615384615 0.5772221442307692 0.3127360641025641 0.5461748974358974 0.301890125 0.5231037371794872 0.28277748717948714 0.5044213557692308 0.2688970993589743 0.4932462083333334 0.24742547115384617 0.48890625 0.2191640641025641 0.49144347756410256 0.20258865384615385 0.5010225032051282 0.16627737820512822 0.5344809711538462
8 0.7628263461538461 0.3921521442307692 0.7849700288461539 0.38366860897435895 0.7972826698717949 0.3634184743589744 0.8077789455128205 0.3318217788461539 0.7760914262820513 0.2923886314102564 0.7560547179487179 0.2913385512820513 0.7170381955128204 0.2997414903846154 0.7067065224358975 0.3128624134615385 0.6954087756410257 0.34441710576923074 0.6962136506410257 0.3597290128205128 0.7194630512820513 0.39148691025641025 0.7628263461538461 0.3921521442307692
8 0.009729916666666668 0.3012491762820513 0.004311506410256411 0.40463858974358974 0.02493966666666667 0.40973801282051286 0.08327202884615384 0.3854703141025641 0.08849746153846154 0.36243775 0.07554114102564102 0.3336303012820513 0.062038782051282056 0.3152419423076923 0.036262375 0.30103234294871795 0.01702713782051282 0.30002426602564103 0.009729916666666668 0.3012491762820513
16 0.16518188461538463 0.5400492467948718 0.16058990705128204 0.5663296923076923 0.16599358012820511 0.5859009583333333 0.1958647403846154 0.6139875352564103 0.22066825 0.6160910993589744 0.27972148076923076 0.6087382467948718 0.30633113461538464 0.5763786762820513 0.3112205416666667 0.5597578557692308 0.31197659615384615 0.5453314262820513 0.30256558653846155 0.5255501442307692 0.27197696474358973 0.495818625 0.25459667948717946 0.4900857467948718 0.21422924358974357 0.4935958653846154 0.17728450641025642 0.5238064583333334 0.16518188461538463 0.5400492467948718
16 0.694481298076923 0.3467795096153846 0.6962136506410257 0.3597290128205128 0.7186615801282051 0.39144490705128204 0.7281531923076923 0.39435334615384615 0.7580175352564102 0.391900125 0.7824816185897436 0.38514553525641027 0.7965232019230769 0.3625750064102564 0.8070194775641025 0.3309783076923077 0.7806482147435897 0.2974494615384615 0.7681187467948718 0.2911671314102564 0.7186831378205129 0.2990240288461538 0.7067065224358975 0.3128624134615385 0.6993287019230768 0.33096016025641023 0.694481298076923 0.3467795096153846
16 0.8056288621794871 0.5261971474358974 0.7956786217948718 0.5473747532051282 0.7944151185897436 0.5561489006410257 0.8010016955128205 0.583818858974359 0.8314223044871795 0.61675625 0.8446692371794873 0.6246835192307693 0.8941082564102564 0.6320965256410256 0.9078592275641025 0.6304061762820512 0.9531126634615384 0.5950053333333333 0.9561857147435898 0.5670379487179488 0.9533964615384616 0.5435853525641026 0.9336923717948719 0.520853625 0.9004473237179488 0.4958049070512821 0.8661101955128205 0.4915943653846154 0.8408866506410256 0.49750548397435895 0.8056288621794871 0.5261971474358974
16 0.5461858012820512 0.23211961217948718 0.5595133333333333 0.22317404487179487 0.5687006955128205 0.1858830608974359 0.5631290128205128 0.16951766987179487 0.49728260256410256 0.1684778141025641 0.4924351955128205 0.18429716666666665 0.49298805448717953 0.2044178814102564 0.515646 0.2321264294871795 0.5299044166666667 0.23608835897435895 0.5461858012820512 0.23211961217948718
16 0.4409584711538462 0.3077755128205128 0.46027771474358975 0.30718065384615384 0.47862407692307696 0.2944797628205128 0.4913601538461539 0.2814848493589744 0.49810451923076926 0.26013922435897435 0.4977650865384615 0.2512810705128205 0.49042245192307693 0.23803754807692307 0.4638411730769231 0.20851604487179487 0.4412320448717949 0.2105458269230769 0.4108250705128205 0.23868804166666666 0.4061456762820513 0.25130151923076927 0.40690854807692306 0.26741489423076925 0.4409584711538462 0.3077755128205128
16 0.03862477884615385 0.3019598237179487 0.019431541666666666 0.30015027564102564 0.009729916666666668 0.3012491762820513 0.004269503205128205 0.4054400576923077 0.022493259615384613 0.41041347115384613 0.06176179807692307 0.3972017275641026 0.08078361538461538 0.3869472435897436 0.08702394230769231 0.37521924358974357 0.08769599358974359 0.3623957467948718 0.07549913782051283 0.3344317692307692 0.061996778846153844 0.31604341025641025 0.03862477884615385 0.3019598237179487
8 0.4108250705128205 0.23868804166666666 0.4061036730769231 0.2521029871794872 0.4047561634615385 0.26248007371794874 0.4083854743589744 0.26990330128205126 0.4401570032051282 0.30773350961538465 0.462724125 0.3065051923076923 0.47778060256410254 0.29523922756410254 0.4930890993589743 0.2791644487179487 0.49810451923076926 0.26013922435897435 0.4978070897435897 0.25047960256410257 0.48594966666666667 0.23137377884615384 0.47008490384615387 0.2120579423076923 0.46223823397435904 0.20843203846153843 0.4436784551282051 0.20987036858974362 0.43536975 0.21506061538461538 0.4108250705128205 0.23868804166666666
8 0.5307058846153847 0.23613036217948719 0.5485902051282051 0.2322456217948718 0.5595133333333333 0.22317404487179487 0.5686166891025641 0.1874859967948718 0.5683192596153847 0.17782637499999998 0.5631290128205128 0.16951766987179487 0.4956796634615384 0.1683938076923077 0.49277803846153845 0.20842522115384612 0.5109631987179487 0.2294700032051282 0.5226491955128205 0.23651179807692307 0.5307058846153847 0.23613036217948719
17 0.6897417532051282 0.467885233974359 0.7061979711538461 0.49125041666666663 0.7247611602564102 0.5050819871794872 0.7645405512820513 0.5127924230769231 0.7758871185897436 0.5109760641025641 0.7975233557692308 0.4968402467948718 0.8138433365384615 0.4768001314102564 0.8177984487179487 0.4320019102564102 0.8045061057692308 0.40960620833333333 0.7858589102564103 0.39737757371794874 0.7549796730769232 0.3885262371794872 0.7157917307692307 0.38486514423076923 0.6931928301282051 0.43270463461538466 0.6897417532051282 0.467885233974359
17 1 0.41381348397435896 0.978844766025641 0.41070621474358976 0.9512168141025642 0.4164913205128205 0.9355268814102564 0.4245094134615384 0.9089172275641025 0.456868983974359 0.9110764294871796 0.492343608974359 0.9253382564102564 0.5115754391025641 0.959552782051282 0.5334602852564102 0.9981072692307692 0.5338735032051282 1 0.49775805448717947 1 0.41381348397435896
17 0.5847686570512821 0.1706517564102564 0.5729600576923077 0.18128426602564102 0.5657922532051283 0.19537467307692308 0.5606508269230769 0.2168043012820513 0.5684168974358974 0.23730304487179488 0.5836902083333333 0.25256953846153846 0.5971471570512821 0.25648946474358975 0.6222866987179487 0.25218128525641026 0.6368777307692307 0.23446156730769233 0.6442555512820513 0.2163638205128205 0.6388938814102564 0.19599108653846153 0.6272464807692308 0.17287792307692307 0.5847686570512821 0.1706517564102564
17 0.7173038461538461 0.35601228525641027 0.6979425961538462 0.3574086153846154 0.6984500448717949 0.3630608974358975 0.7088305384615384 0.3796783076923077 0.7263788333333334 0.3822053141025641 0.7350655673076922 0.3698018525641026 0.7300013301282051 0.35908874038461536 0.7173038461538461 0.35601228525641027
13 0.7499801891025641 0.6679412532051282 0.7566893653846154 0.6779369006410256 0.9372116089743591 0.7910710544871795 0.9638734871794872 0.8037197179487179 0.983784185897436 0.8071742019230769 0.9911767467948718 0.6661157756410256 0.9670589134615384 0.7122683205128205 0.9619560801282051 0.7176265801282051 0.9563878044871794 0.7165310897435898 0.9495526185897436 0.7089398493589744 0.9455452756410256 0.7087298333333333 0.9183339487179487 0.6912303525641026 0.8994347371794873 0.6838105320512821 0.492199108974359 0.44949576602564106 0.49080618910256407 0.4454044198717949 0.4950235448717949 0.4416070897435897 0.5057786602564103 0.4357413878205128 0.7136154903846154 0.273041016025641 0.713951516025641 0.26662927243589746 0.7040784711538461 0.255664141025641 0.6954303301282051 0.251996233974359 0.6925184775641026 0.2462179423076923 0.682519423076923 0.23765721794871794 0.6817179519230769 0.23761521474358974 0.6602077275641026 0.24934662179487177 0.6575933044871795 0.2532279551282051 0.5942875352564102 0.29571941025641024 0.4515660192307692 0.39673508974358973 0.436383532051282 0.41040546474358974 0.4294257467948718 0.4204885256410256 0.4274027756410257 0.42841920192307686 0.4283790737179487 0.4557951378205128 0.43331730128205126 0.46891265064102566 0.44314834615384613 0.4806792467948718 0.45555180769230763 0.489365983974359 0.7061900480769231 0.6447508974358974 0.7348783012820512 0.6647387884615384 0.7499801891025641 0.6679412532051282