11 0.12460581089743589 0.5187064935897435 0.2489936955128205 0.5121876025641026 0.24511512179487177 0.438180016025641 0.12072723717948719 0.44469890705128207 0.12460581089743589 0.5187064935897435
10 0 0.38047983333333335 0.04550915064102564 0.37809480128205125 0.043351025641025644 0.3369153621794872 0 0.33918729166666667 0 0.38047983333333335
10 0.40497033974358976 0.3804690961538461 0.5005534519230769 0.3754597980769231 0.498726733974359 0.3406039455128205 0.4031436217948718 0.3456132435897436 0.40497033974358976 0.3804690961538461
8 0.39339552564102565 0.3835751217948718 0.40022553525641025 0.3636478205128205 0.39098883333333334 0.35294160256410256 0.38007147435897437 0.3611245064102564 0.37357197756410254 0.3754891634615385 0.3769783557692308 0.3848976185897436 0.3713744423076923 0.39276589423076924 0.377152733974359 0.39567774358974356 0.5170955224358974 0.3868102532051282 0.5282006121794871 0.3834515801282051 0.5325176057692307 0.3791209967948718 0.5287130993589744 0.3735556602564103 0.5252211025641026 0.3555821634615385 0.5219155 0.3520070865384615 0.5118417692307693 0.3525028814102564 0.5072853333333333 0.35804589743589743 0.5126591634615385 0.36862103525641027 0.5143849166666666 0.37900803525641025 0.39339552564102565 0.3835751217948718
11 0.7033455641025641 0.5030108525641026 0.8637754807692308 0.4946030769230769 0.8596801698717949 0.4164599134615385 0.6992502564102564 0.4248676891025641 0.7033455641025641 0.5030108525641026
11 0.8116474647435897 0.3626078141025641 0.8413017948717948 0.36105369871794873 0.8399728141025642 0.3356952371794872 0.810318483974359 0.33724935576923076 0.8116474647435897 0.3626078141025641
11 0.8356963557692307 0.35760638461538463 0.8564864487179487 0.3565168205128205 0.8553015384615384 0.33390740064102564 0.8345114487179487 0.33499696153846154 0.8356963557692307 0.35760638461538463
11 0.9154731891025641 0.3480328333333333 0.9317750544871795 0.3471784871794872 0.9304935384615385 0.3227256891025641 0.9141916730769231 0.32358003525641027 0.9154731891025641 0.3480328333333333
10 0.813488766025641 0.3368622019230769 0.8417164775641026 0.33538284935897433 0.8411532147435897 0.32463516025641026 0.8129255032051282 0.32611450961538463 0.813488766025641 0.3368622019230769
10 0.8476265865384616 0.34303346153846154 0.8668057211538461 0.34202832692307694 0.8659412948717948 0.3255341057692308 0.8467621602564103 0.32653924038461535 0.8476265865384616 0.34303346153846154
10 0.8813665673076924 0.35043107371794874 0.9134172852564103 0.3487513685897436 0.9119921153846153 0.32155754807692305 0.8799414006410257 0.3232372564102564 0.8813665673076924 0.35043107371794874
3 0.7879610737179487 0.20927697756410255 0.7841081121794872 0.2737724711538462 0.7793799006410256 0.29089732692307696 0.7772207019230769 0.3263719519230769 0.7790722467948717 0.34636665705128206 0.7824041282051282 0.34860304807692305 0.8016393717948718 0.34759497115384613 0.8134933814102564 0.3437590512820513 0.8137908141025642 0.33409942628205125 0.8181375865384616 0.3250312564102564 0.8178889775641026 0.3049525448717949 0.8230860384615385 0.26610403525641024 0.8216965256410257 0.25492548397435894 0.8246083782051281 0.24914719551282052 0.8279084807692308 0.20477241346153846 0.789438 0.20678856730769232 0.7879610737179487 0.20927697756410255
11 0.9338140448717949 0.35418812499999996 0.9608555865384616 0.3527709391025641 0.9596038942307692 0.32888717948717944 0.9325623493589743 0.3303043685897436 0.9338140448717949 0.35418812499999996
11 0.9919972532051283 0.3342055544871795 0.976096125 0.33503889743589743 0.9775695961538461 0.36315440705128205 0.9934707243589744 0.3623210641025641 0.9919972532051283 0.3342055544871795
10 1 0.4869070192307692 0.9990905416666667 0.46955351602564105 0.9309817628205129 0.4731229455128205 0.9341483814102565 0.5335456442307692 1 0.5300945032051282 1 0.4869070192307692
10 0.9414313301282052 0.3265565737179487 0.9728008012820513 0.3249125705128205 0.971458798076923 0.29930565705128204 0.9400893301282051 0.30094966025641023 0.9414313301282052 0.3265565737179487
10 0.9632974423076924 0.3558897916666667 0.9759365993589743 0.35522740064102565 0.9746067788461539 0.32985291346153844 0.9619676217948717 0.33051530128205125 0.9632974423076924 0.3558897916666667
10 0.01590496153846154 0.8165010064102564 0.05183478525641026 0.8146180032051282 0.046954439102564104 0.7214953974358974 0.01102461217948718 0.7233784006410257 0.01590496153846154 0.8165010064102564
3 0.0681955576923077 0.1888391314102564 0.021752397435897436 0.19207678205128206 0.06558224358974359 0.36899808333333334 0.07426897756410257 0.38140154487179484 0.08498208653846154 0.38646578205128207 0.10354186858974358 0.38790411217948717 0.1156093044871795 0.3728056314102564 0.0681955576923077 0.1888391314102564
5 0.2894904423076923 0.531659858974359 0.31457775641025637 0.5809762724358974 0.3275238493589744 0.5979785288461539 0.3374774967948718 0.6038862403846154 0.513523548076923 0.5126857564102564 0.5938906185897436 0.4666830737179487 0.6792379230769231 0.40836434615384615 0.681054282051282 0.397017782051282 0.6676427435897436 0.3864692756410256 0.6387932916666667 0.3727114903846154 0.581343 0.365274625 0.43740791346153846 0.4097867467948718 0.36897885897435895 0.4535564423076923 0.3257347564102564 0.4871658846153846 0.2894904423076923 0.531659858974359
4 0.5477630384615385 0.5679518814102564 0.5448091794871796 0.5729287051282052 0.5412922467948719 0.6438359487179487 0.549678141025641 0.6811689326923077 0.5637617307692308 0.7045409294871795 0.739430858974359 0.7901675160256411 0.7631354775641025 0.7977655769230769 0.7807257756410256 0.7960400384615385 0.8162174391025641 0.721849733974359 0.819045282051282 0.7144685064102564 0.815377375 0.7058203685897436 0.7562923653846154 0.6518563365384615 0.6889792499999999 0.6095749006410256 0.5685172051282051 0.5652568621794872 0.5603765128205128 0.5632724871794872 0.5477630384615385 0.5679518814102564
4 0.4766775576923077 0.6070387756410256 0.47238641666666664 0.5558288108974359 0.4478383301282051 0.5474712852564102 0.44146858653846155 0.5486087788461539 0.34996496474358973 0.5968024391025641 0.3438052371794872 0.6019472756410256 0.3505530096153846 0.6080229967948717 0.43604787820512825 0.6445295512820512 0.44237561538461545 0.6425905897435897 0.4766775576923077 0.6070387756410256
4 0.4935503974358974 0.6069581794871795 0.48882559294871797 0.6088131346153847 0.4877686955128205 0.6193162307692308 0.4910097564102564 0.6504894871794872 0.5231490897435898 0.6656821987179488 0.5319232371794872 0.6644186955128205 0.5357659743589743 0.6457329038461539 0.5328189358974359 0.6201699230769231 0.4935503974358974 0.6069581794871795
4 0.5048617756410256 0.577433266025641 0.5002595737179487 0.5969625288461539 0.503759467948718 0.6024047948717949 0.5176784519230769 0.6073010192307692 0.5304633493589744 0.5905576025641026 0.5292872628205129 0.5681164871794872 0.5210625608974359 0.5645291762820513 0.5048617756410256 0.577433266025641
4 0.4727928173076923 0.6249230993589744 0.46570561538461536 0.6277055352564103 0.449714842948718 0.6446169647435898 0.442921657051282 0.6530096794871795 0.44709701282051284 0.6560055352564103 0.4734194583333334 0.6522150256410256 0.4779342435897436 0.6463527275641026 0.478781125 0.6318422916666666 0.4727928173076923 0.6249230993589744
0 0.49358558333333336 0.6382994519230769 0.4944710576923077 0.6398603814102564 0.49847840064102567 0.6396503653846154 0.49932187179487175 0.6404098333333333 0.498562407051282 0.6412533044871795 0.49219266346153845 0.6423907980769231 0.4914751987179487 0.6440357371794873 0.4916432115384616 0.6472416121794872 0.4924866858974359 0.6480010769230768 0.49181122435897434 0.650447483974359 0.4957765641025641 0.649436 0.5007953878205128 0.6531913237179487 0.5031997948717949 0.6530653141025642 0.5039172596153846 0.6514203749999999 0.500627375 0.6499854487179487 0.5013868429487179 0.6491419775641025 0.504592717948718 0.6489739647435897 0.5071231314102564 0.6512523621794872 0.5064056666666666 0.6528973012820513 0.5074591570512821 0.657664108974359 0.5099895705128206 0.6599425032051283 0.5139969134615385 0.6597324871794872 0.5164853237179486 0.6612094134615385 0.5196911955128205 0.6610414006410256 0.5213781410256411 0.6625603333333334 0.5223896250000001 0.6665256698717948 0.524836032051282 0.6672011314102564 0.5241605705128205 0.6696475352564103 0.5256795032051281 0.6679605961538462 0.5272824423076923 0.6678765865384616 0.5327247083333333 0.6643766923076923 0.5309957596153847 0.6620562948717948 0.5324306858974358 0.6587664134615385 0.5323046762820512 0.6563620096153846 0.531461201923077 0.6556025448717948 0.5317166314102564 0.6451414519230769 0.5276252820512821 0.6437485320512821 0.5299456794871795 0.6420195865384616 0.5297776666666666 0.6388137147435897 0.5312545961538461 0.6363253012820512 0.5304111217948718 0.6355658333333333 0.5302431089743589 0.6323599615384615 0.5293996378205128 0.6316004967948718 0.5237893621794871 0.6318945192307692 0.522945891025641 0.6311350544871795 0.5221444198717949 0.6311770576923077 0.5206254903846155 0.632864 0.5222704294871795 0.6335814647435897 0.523155907051282 0.6351423942307692 0.5184311025641026 0.6369973525641026 0.5136222916666667 0.6372493717948717 0.5127788205128204 0.6364899038461538 0.5103744134615384 0.6366159134615385 0.5096149519230769 0.6374593878205128 0.5064090769230769 0.6376274006410256 0.5055656025641025 0.6368679326923077 0.504806141025641 0.637711407051282 0.49598998717948717 0.6381734423076924 0.49514651923076924 0.6374139743589744 0.49358558333333336 0.6382994519230769
0 1 0.6167090512820513 0.9307218461538462 0.6218194647435897 0.7703021698717948 0.6278156955128206 0.7191762115384616 0.6337097724358974 0.7118369871794872 0.6316833942307692 0.702303375 0.6337903717948717 0.6997729583333333 0.6315119743589743 0.6469600544871795 0.6358871217948718 0.6432887403846154 0.6425088846153846 0.6469566474358974 0.6511570224358975 0.6457737435897436 0.6592557115384615 0.6361981250000001 0.6605612179487179 0.631938766025641 0.6559624262820513 0.603467342948718 0.6494178525641026 0.5995020032051281 0.6504293365384616 0.588746891025641 0.6445636314102564 0.5791292692307692 0.6450676698717949 0.5722974935897436 0.6373890128205129 0.5641567980769231 0.6354046378205128 0.551375310897436 0.636878157051282 0.5505318365384615 0.6361186923076924 0.5462270673076923 0.6459883301282051 0.5481206185897436 0.6667845064102564 0.5514525 0.6690208974358974 0.5553758333333334 0.6672079455128205 0.5811488333333333 0.6682682467948718 0.6386445352564102 0.6612366794871795 0.6508765737179487 0.6646139711538461 0.6718407628205129 0.6659262948717949 0.7311074166666667 0.662016592948718 0.7462093012820513 0.6588141282051282 0.7567964038461538 0.6614739583333333 1 0.6448292211538461 1 0.6167090512820513
0 0.5029863717948718 0.6643278717948718 0.5028183589743589 0.661122 0.4916398044871795 0.6625115128205128 0.489910858974359 0.6601911121794871 0.4851440544871795 0.6612446025641026 0.4817701666666667 0.6582067403846154 0.4737134807692308 0.6578253044871795 0.46616424038461535 0.6517915865384615 0.47725878525641025 0.6487991346153846 0.4746023621794872 0.6441163333333333 0.46093540064102567 0.6440289198717949 0.4569280544871795 0.6442389358974359 0.44520005448717953 0.6504792628205128 0.4509363429487179 0.6525896474358974 0.4438491346153846 0.6553720801282051 0.4358344519230769 0.6557921121794872 0.4333040384615384 0.6535137147435898 0.44119271153846157 0.6506892788461538 0.43790283012820513 0.6492543557692309 0.4385362884615384 0.6460064775641026 0.4160951762820513 0.6471825673076923 0.2681595608974359 0.6613649038461539 0.008693836538461537 0.6789812724358973 0.01049997435897436 0.7134444102564103 0.24744057692307692 0.6954011923076923 0.38086575641025644 0.6803719807692308 0.418534766025641 0.6783978301282051 0.4295873108974359 0.6746039102564102 0.4793623525641026 0.6736026506410256 0.5128980128205128 0.6694341121794871 0.510283592948718 0.6655527820512821 0.5029863717948718 0.6643278717948718
3 0.8029296955128205 0.3456250641025641 0.8091314262820513 0.3412816987179487 0.8401287467948717 0.18133428205128205 0.7944870576923078 0.18452992948717947 0.777412125 0.33410366666666663 0.7788856442307692 0.34688515705128203 0.8029296955128205 0.3456250641025641