10 0.6015938685897435 0.5243444903846154 0.601467858974359 0.5267488974358974 0.5967850608974359 0.5240924711538462 0.5926937115384615 0.525485391025641 0.5966170480769231 0.5272983461538462 0.5937926121794872 0.5351870192307693 0.6016244134615385 0.533990125 0.6009638205128205 0.536366516025641 0.6071655544871795 0.5407098814102564 0.6062380737179487 0.543072282051282 0.5997843269230769 0.5435377275641026 0.6037916698717949 0.5437477435897435 0.6027801826923077 0.5477130801282052 0.6080124326923078 0.5552203205128204 0.6085198782051282 0.5608726025641025 0.612485217948718 0.5618840833333334 0.6159011057692307 0.5580447532051281 0.6165765641025641 0.5604911634615385 0.6229883141025641 0.5608271891025641 0.6283045705128205 0.5667314871794872 0.6295714807692308 0.5732272403846154 0.640540016025641 0.5786240961538461 0.6496115961538462 0.5895472243589744 0.6607901506410256 0.590936733974359 0.6673279070512821 0.5888683557692307 0.6688048301282051 0.591356766025641 0.6799413814102564 0.59354775 0.6909065128205127 0.5836747019230769 0.6907350929487179 0.5716106730769231 0.6981583205128206 0.567981358974359 0.6983263333333333 0.5647754871794871 0.7076045192307692 0.5564213685897436 0.7216915160256411 0.5483192724358974 0.7330380833333334 0.5465029102564102 0.7326146442307693 0.5392476955128205 0.7360725352564103 0.5346068974358974 0.7403704903846154 0.5139367307692309 0.7366151698717949 0.508917907051282 0.7354322628205129 0.500819217948718 0.7389707564102564 0.4793055801282051 0.7372384006410256 0.4663560801282051 0.744322201923077 0.4538686121794872 0.7446582275641026 0.4474568653846154 0.7342777339743589 0.4308394551282051 0.7319539230769231 0.41384060576923076 0.724653298076923 0.39979561217948717 0.7228369358974359 0.3884490448717949 0.6996647275641026 0.32454841346153845 0.6819030064102564 0.31075884615384614 0.670892467948718 0.3061634583333333 0.6716553397435897 0.32227683333333335 0.667479983974359 0.32527268910256407 0.627914016025641 0.32882481410256414 0.6249181570512821 0.3246494615384615 0.624704733974359 0.31338690064102565 0.6215828653846154 0.31161594871794873 0.6084653525641026 0.3165541762820513 0.5942523461538461 0.3270606794871795 0.5906264391025642 0.3349073525641026 0.5899123878205128 0.3485323141025641 0.5921487788461538 0.3518641955128205 0.585908451923077 0.36359219871794873 0.5786248621794872 0.42589671153846154 0.579765766025641 0.4347968685897436 0.573525439102564 0.4465248717948718 0.5732314166666667 0.45213515064102566 0.5806160544871795 0.4645772083333334 0.5825164198717949 0.4743208365384615 0.5794399647435897 0.4870183205128205 0.5825618301282051 0.4887892724358974 0.5829852692307692 0.49604448717948724 0.5780084487179488 0.4989983429487179 0.5757720576923077 0.4956664583333333 0.569234298076923 0.4977348397435898 0.5806262788461538 0.5103869102564103 0.5856871057692308 0.5058301185897436 0.5945906730769231 0.5199591185897436 0.6088910929487179 0.5231195801282051 0.6015938685897435 0.5243444903846154
14 0.38602504807692306 0.8192451314102563 0.3699956826923077 0.8184050673076922 0.3698696730769231 0.8208094743589743 0.38476154487179487 0.8280192788461539 0.9810539807692308 0.8592696410256411 0.9938229455128206 0.6156232724358974 0.9641232051282052 0.5996007211538461 0.9420987179487179 0.5751400448717948 0.9311721826923076 0.5689417243589744 0.8921874391025642 0.5307334903846154 0.8856042724358975 0.5183334326923077 0.8877078397435898 0.4935299198717949 0.8793537243589744 0.48425173076923084 0.6857344134615385 0.46767521794871797 0.6810516121794872 0.46501879166666665 0.6353259134615384 0.46342608333333335 0.6239373461538461 0.46604391025641023 0.6309825480769231 0.4696278141025641 0.6280321025641025 0.47992089102564106 0.6094723205128205 0.48135922115384616 0.5993540705128205 0.5057427051282051 0.5915948141025641 0.515783766025641 0.5849344583333334 0.5355264519230769 0.5643131121794871 0.5609668301282051 0.5580307820512821 0.5734963012820513 0.5428482980769231 0.587166673076923 0.5172955416666667 0.6300293397435898 0.4810716762820512 0.6771547756410257 0.47470874999999996 0.7065570833333333 0.4484419391025641 0.7630447115384615 0.44401797435897433 0.7861192788461538 0.4244955256410256 0.8212612852564103 0.3984251025641026 0.8126619647435898 0.38602504807692306 0.8192451314102563
17 0.3955779166666667 0.5296210416666666 0.39262747115384616 0.5399141217948717 0.39372636538461536 0.54961575 0.40014152243589746 0.5652216762820513 0.4109840512820513 0.5730229326923076 0.43603958653846153 0.5703176923076924 0.45333245512820514 0.5623836057692307 0.46113371153846155 0.5515410801282051 0.4631146794871795 0.5444118685897436 0.46285924999999994 0.5339507788461538 0.452562766025641 0.5157304294871795 0.44020130769230764 0.5062422275641025 0.42577487820512816 0.5054861698717948 0.4061196057692308 0.5124927788461539 0.3955779166666667 0.5296210416666666
17 0.8419378365384614 0.2934284903846154 0.8177677788461539 0.29457279807692305 0.8169243044871795 0.295332266025641 0.8154927916666667 0.30731228525641024 0.8176871794871795 0.3114456346153846 0.8208510512820513 0.3124151185897436 0.8246903782051282 0.3158310064102564 0.8295445993589744 0.3305514583333333 0.834311407051282 0.3316049455128205 0.8408071570512821 0.33033803525641026 0.8424941025641025 0.3288191057692308 0.8435055865384615 0.32485376602564103 0.8492418749999999 0.3227433846153846 0.852909782051282 0.3140952467948718 0.8496164967948718 0.3002602692307692 0.8450597051282052 0.29519943910256413 0.8419378365384614 0.2934284903846154
17 0.8865578205128205 0.25477977243589744 0.8850808942307692 0.252291358974359 0.8796386282051282 0.24879146474358974 0.8708224743589744 0.24832942948717948 0.8634832532051282 0.2503558076923077 0.8617963076923078 0.2518747403846154 0.8590558782051283 0.2581604743589744 0.8564834615384616 0.26124033974358973 0.8563574519230769 0.2636447435897436 0.8555139775641026 0.26440420833333333 0.858383826923077 0.27098396794871793 0.8582578173076922 0.2733883717948718 0.8620971474358975 0.2768042596153846 0.8661044871794872 0.27701427564102565 0.866863955128205 0.27785775 0.8773250448717949 0.2776023205128205 0.8830613333333333 0.2754919423076923 0.88563375 0.2724120737179487 0.8884581891025641 0.26452340384615386 0.8877407275641025 0.2628784615384615 0.8879507435897437 0.2588711217948718 0.8865578205128205 0.25477977243589744
17 0.7911410865384615 0.25058286217948716 0.7897061634615385 0.24729298397435898 0.7851073685897436 0.2430336217948718 0.7827449647435898 0.24210614743589745 0.774730282051282 0.2416861153846154 0.7738868108974359 0.24244558012820513 0.771482407051282 0.24231957051282052 0.7689939935897436 0.24379649358974356 0.7638911634615385 0.2491547532051282 0.7637651538461538 0.25155916025641023 0.7620362083333334 0.2538795576923077 0.7617421858974359 0.2594898365384615 0.7639365737179487 0.2636231891025641 0.7677759038461539 0.26703907692307693 0.7701383044871795 0.2679665544871795 0.7781529871794871 0.26838658653846154 0.7789964583333333 0.2676271217948718 0.7814008653846154 0.2677531314102564 0.785534217948718 0.2655587435897436 0.7889501057692307 0.2617194134615385 0.7900035929487179 0.25695260897435895 0.7908470641025641 0.256193141025641 0.7911410865384615 0.25058286217948716
17 0.5806977564102563 0.26366408333333335 0.5793048397435897 0.2595727371794872 0.5761829679487179 0.25780178846153845 0.5682102916666667 0.25658028846153846 0.5673668173076923 0.2573397532051282 0.5625160064102565 0.25788920192307696 0.5607870608974359 0.26020959935897436 0.5558102371794872 0.26316345192307694 0.5556842275641026 0.265567858974359 0.5548407564102564 0.26632732371794876 0.554546733974359 0.27193760256410254 0.5558976538461539 0.2768304198717949 0.5588935096153846 0.2810057724358974 0.562015375 0.28277672115384617 0.5700300608974359 0.2831967532051282 0.5708735288461538 0.2824372884615385 0.5757243429487179 0.2818878397435897 0.5782127564102564 0.28041091346153846 0.5790982307692308 0.27884997756410257 0.5792662435897435 0.27564410576923076 0.5801097147435897 0.27488464102564103 0.5806977564102563 0.26366408333333335
17 0.7214973493589744 0.24532565064102563 0.7207378814102564 0.24448217948717949 0.7209058942307692 0.24127630448717946 0.7201884326923077 0.23963136538461535 0.7155896378205129 0.23537200320512822 0.7132272371794871 0.23444452564102564 0.7035676153846153 0.23474195512820514 0.699434266025641 0.23693634615384612 0.6959763685897437 0.24157714423076923 0.695850358974359 0.24398154807692307 0.6950068910256411 0.2447410128205128 0.6947128685897436 0.2503512916666667 0.6961477916666667 0.25364116987179486 0.6999871217948718 0.2570570608974359 0.7023495224358974 0.25798453846153846 0.7095627403846154 0.2583625673076923 0.7104062115384615 0.25760309935897435 0.7136120833333334 0.25777111217948717 0.7160584903846153 0.25709565705128207 0.7193483717948718 0.25566073397435896 0.720233842948718 0.2540997980769231 0.7211613237179487 0.25173739743589746 0.7214973493589744 0.24532565064102563
17 0.5590830769230769 0.18537902564102565 0.5561712243589744 0.17960073397435897 0.5546102916666666 0.1787152564102564 0.5522058878205128 0.1785892467948718 0.5514464198717949 0.17774577564102564 0.5450346762820513 0.17740975 0.5441912051282051 0.17816921474358974 0.5409853333333333 0.17800120192307692 0.5376534455128205 0.18023759615384616 0.5349550224358974 0.18572186538461538 0.5347870096153846 0.18892773717948716 0.5339435352564103 0.18968720512820514 0.5347030032051282 0.19053067628205128 0.5345769935897436 0.19293508012820512 0.5352944551282051 0.19458001923076923 0.5421296378205128 0.20217126282051281 0.5452515096153846 0.20394221474358973 0.5468964455128205 0.20322475 0.5533081923076923 0.20356077564102565 0.5549531346153846 0.20284331410256412 0.5560066185897435 0.1980765064102564 0.5577355673076924 0.19575610576923078 0.5589990705128205 0.18698195833333334 0.5590830769230769 0.18537902564102565
17 0.6646839198717949 0.2712802916666667 0.659073641025641 0.27098626923076924 0.658230169871795 0.27174573397435897 0.6533793557692308 0.2722951826923077 0.6516924134615385 0.2738141121794872 0.650806939102564 0.2753750480769231 0.6505129166666667 0.28098532692307693 0.6581495705128205 0.28861857051282047 0.6603019583333333 0.293553391025641 0.6606833942307693 0.30161007692307695 0.6663776794871795 0.30030116346153846 0.6697095608974359 0.29806476923076924 0.6722819775641026 0.29498490705128205 0.6750644134615384 0.28789770192307695 0.6753164326923077 0.28308889102564105 0.6739235096153846 0.2789975448717949 0.6701261858974359 0.2747801858974359 0.6701681891025641 0.2739787179487179 0.6646839198717949 0.2712802916666667
17 0.6625247179487179 0.23580566987179488 0.6579679262820513 0.23074483974358975 0.6556055256410256 0.2298173621794872 0.6483923076923076 0.22943933333333333 0.6443009615384615 0.23083225320512818 0.6409270769230769 0.23387011217948717 0.6400416025641026 0.23543104807692308 0.6398735897435898 0.23863691987179486 0.6390301153846154 0.2393963846153846 0.6397475801282051 0.24104132692307692 0.6395375641025641 0.24504866666666666 0.6425334230769231 0.24922402243589745 0.6448958237179487 0.2501515 0.6537119743589743 0.2506135352564103 0.6545554455128205 0.24985407051282052 0.6569598525641026 0.24998008012820513 0.6618946730769231 0.24782769551282052 0.6636236153846153 0.24550729487179487 0.6639176378205128 0.23989701602564104 0.6632421794871795 0.237450608974359 0.6625247179487179 0.23580566987179488
17 0.5564788782051282 0.2350700576923077 0.5534410192307693 0.23169617307692306 0.5478307403846154 0.23140215064102562 0.5471132788461538 0.22975721153846157 0.5463118076923077 0.2297152083333333 0.5438654038461538 0.2303906666666667 0.5429799262820513 0.23195159935897436 0.5364421730769231 0.2340199775641026 0.5355987019230769 0.2347794455128205 0.5354726923076922 0.23718384935897438 0.536232157051282 0.23802732371794874 0.5359801378205129 0.2428361314102564 0.5383005352564103 0.24456507692307694 0.5381325224358974 0.2477709519230769 0.5388919871794872 0.2486144198717949 0.5420138525641025 0.2503853717948718 0.5524329423076924 0.25093141346153847 0.5541198846153846 0.24941248076923075 0.5542878974358975 0.24620660897435898 0.5569023173076924 0.24232527884615385 0.5571963397435897 0.236715 0.5564788782051282 0.2350700576923077
16 0.5370268076923077 0.20752952243589745 0.5356372948717948 0.21870807692307692 0.539266608974359 0.22613130448717947 0.5571929326923077 0.22144509615384614 0.5583724294871795 0.21427388782051282 0.5547851217948718 0.2060491858974359 0.5452515096153846 0.20394221474358973 0.5370268076923077 0.20752952243589745
16 0.6598399230769231 0.3023695416666667 0.6604279679487179 0.2911489871794872 0.6513563878205129 0.2802258621794872 0.6393343621794871 0.2795958141025641 0.6309836538461538 0.28558752884615385 0.6287086666666667 0.2983270128205128 0.6344903653846153 0.3106850673076923 0.6497182628205128 0.31148312499999997 0.6563400288461538 0.3078118076923077 0.6598399230769231 0.3023695416666667
16 0.8815208461538463 0.366225875 0.8890280833333333 0.360993625 0.8953944198717949 0.34686121794871794 0.8906242051282052 0.3305378269230769 0.8837050128205127 0.32454951923076925 0.8612218942307692 0.3241749006410256 0.8493292884615385 0.3364103493589744 0.8484472211538462 0.3532411826923077 0.855873858974359 0.3648817724358974 0.8622016025641025 0.366820733974359 0.8815208461538463 0.366225875
16 0.814565314102564 0.3096746891025641 0.7935171185897436 0.31258994551282054 0.786685342948718 0.32026860256410256 0.7851278173076923 0.33465302884615383 0.7941153878205128 0.3471790961538462 0.8157550352564102 0.3483131826923077 0.8267621666666667 0.3376386666666667 0.8276862371794872 0.320006358974359 0.814565314102564 0.3096746891025641
16 0.5904164230769231 0.3389146923076923 0.5819397051282051 0.3473108141025641 0.5799167403846154 0.3552414871794872 0.5851489903846154 0.3627487275641026 0.5921907820512821 0.35106272756410256 0.5904164230769231 0.3389146923076923
16 0.7013641955128205 0.5681493717948718 0.6965553878205127 0.5678973525641026 0.6924640352564102 0.5692902756410256 0.6922960224358975 0.5724961474358974 0.6977802916666667 0.575194576923077 0.7013641955128205 0.5681493717948718
16 0.6250612051282051 0.3985945608974359 0.6335833365384616 0.40466687500000004 0.6520591121794872 0.40483148076923076 0.6701114455128205 0.3977408653846154 0.6736533429487179 0.3914971314102564 0.6859693942307692 0.3865169006410256 0.676509560897436 0.33699728525641026 0.668113439102564 0.3285205673076923 0.6522520897435898 0.3244746314102564 0.6360127051282052 0.32764191025641026 0.6251735833333333 0.3351105480769231 0.6213478878205129 0.39277426602564103 0.6250612051282051 0.3985945608974359
16 0.5524749455128205 0.25012994551282053 0.5347166346153847 0.25161028205128205 0.5172977564102563 0.2619487724358974 0.5166257051282052 0.2747722628205128 0.526708766025641 0.2817300512820513 0.5536612596153846 0.27349853525641027 0.559985592948718 0.26016759615384616 0.5579172115384615 0.2536298397435897 0.5524749455128205 0.25012994551282053
18 0.6289005384615385 0.40201045192307694 0.6351442692307692 0.40555234935897433 0.6593563333333333 0.4036065705128205 0.6852099262820512 0.3856734294871795 0.676341548076923 0.340203157051282 0.6673119711538461 0.3284785641025641 0.6506071474358974 0.3251920897435897 0.6359707019230769 0.3284433782051282 0.6251315801282051 0.33591201923076924 0.6260518878205128 0.3643563076923077 0.621389891025641 0.39197280128205125 0.6289005384615385 0.40201045192307694
22 0.5645231282051282 0.5569594871794872 0.5869154198717949 0.5283972403846153 0.5899918782051282 0.5156997596153846 0.5755234455128205 0.5157451698717949 0.5578525448717949 0.5308924711538462 0.5558329871794871 0.5540930480769231 0.5645231282051282 0.5569594871794872
22 0.4069210737179487 0.5125347820512821 0.3992038205128205 0.521774375 0.39359694871794876 0.5367502532051283 0.3922914455128205 0.5463258685897436 0.4009009871794872 0.5660651474358974 0.4077781794871795 0.5728549198717949 0.42220460897435896 0.5736109775641025 0.42448300320512816 0.5761413942307693 0.4342266314102564 0.5742410256410256 0.45244697756410257 0.5639445384615385 0.4575078076923077 0.55938775 0.4630726762820513 0.5452133397435898 0.46290125320512826 0.5331493076923076 0.45408169551282046 0.5174173750000001 0.43783890384615387 0.5053147499999999 0.423328467948718 0.5061616314102564 0.4069210737179487 0.5125347820512821
18 0.6711184166666667 0.5625459102564102 0.6672790865384616 0.5591300224358974 0.6351783493589743 0.5582513621794872 0.6363612532051283 0.5663500512820513 0.6472457852564103 0.5733498429487179 0.6532375032051282 0.5817005512820512 0.6644580576923077 0.5822885961538461 0.6711218237179487 0.5778158108974359 0.6711184166666667 0.5625459102564102
18 0.69841375 0.5784424519230769 0.7032611538461538 0.5626230993589744 0.6916625705128205 0.5692482724358974 0.6905670801282051 0.5748165480769231 0.69841375 0.5784424519230769
7 1 0.19241310897435898 0.8332238397435898 0.1836727403846154 0.8213868653846154 0.2561863269230769 0.7957081025641026 0.3014533942307692 0.7944445993589744 0.31022754166666666 0.8008983493589743 0.3097621025641026 0.8216911121794873 0.29638575 0.8419798397435897 0.2926270192307692 0.8534353782051282 0.21205675 0.8608972019230768 0.1923560673076923 0.9380481762820514 0.19238102884615385 0.9588443525641026 0.19427457692307692 0.9626836794871795 0.19769047115384614 0.9717098461538461 0.19414516025641027 1 0.19562778525641025 1 0.19241310897435898
8 0.5570249198717949 0.22465097115384616 0.5597233493589744 0.2191667051282051 0.5585824455128205 0.21026654166666667 0.5629224038461539 0.18879491346153845 0.5575187339743589 0.16922364743589743 0.5302688141025641 0.16779553846153844 0.5291733205128205 0.1733638141025641 0.5339083493589744 0.22102847435897433 0.5320988044871795 0.24022171153846153 0.5339571666666667 0.2507668076923077 0.5400748942307693 0.25671311217948717 0.5433261762820513 0.2713495576923077 0.5480089775641026 0.2740059807692308 0.5520583205128206 0.27341452884615386 0.5577071955128206 0.2576371826923077 0.5555548108974359 0.2527023653846154 0.5575357756410256 0.24557315384615386 0.5570249198717949 0.22465097115384616
11 0.2917207564102564 0.3184386987179487 0.32133649038461537 0.3360641826923077 0.32192794230769234 0.34011353205128203 0.2081262564102564 0.3646888846153846 0.1951767532051282 0.366421233974359 0.1692709326923077 0.33934614102564103 0.15678346474358973 0.332262342948718 0.11388561217948719 0.338050858974359 0.11527853205128204 0.34214220512820515 0.14273847115384614 0.33956297435897437 0.17864334935897436 0.37519879166666664 0.19458871153846152 0.37764179166666667 0.33914021474358974 0.34905228525641024 0.3530591987179487 0.3441560608974359 0.3548721506410257 0.34023272435897434 0.35060938141025644 0.3295616185897436 0.3177037692307692 0.3133710512820513 0.31803979487179485 0.30695930769230767 0.3279094358974359 0.30265453205128207 0.31993675641025643 0.30143303525641024 0.29703360576923077 0.30907309615384615 0.2917207564102564 0.3184386987179487
5 0.24610752243589742 0.8207527307692308 0.25433222435897435 0.8171654230769231 0.47010995512820514 0.7022977211538461 0.4741138878205128 0.6872378365384615 0.43543680128205126 0.7044989262820512 0.377443875 0.7376247788461539 0.3536552532051282 0.7468257756410257 0.2693012852564103 0.7922324903846154 0.23568502564102564 0.8049367884615385 0.23138366346153846 0.8103370512820514 0.21822414423076922 0.8160767467948719 0.21485025961538462 0.8191146057692308 0.24610752243589742 0.8207527307692308
5 0.4760494423076923 0.6656401955128205 0.48148829807692306 0.6538701891025641 0.4726301442307692 0.6542096217948719 0.3866312403846154 0.7003337980769231 0.38346736858974356 0.6993643173076922 0.1672241955128205 0.807778266025641 0.15313719871794873 0.8158803621794872 0.18920327243589743 0.8177705064102564 0.3157342211538462 0.7496604391025641 0.32020359935897436 0.7410543012820513 0.33146616025641024 0.7408408782051282 0.34721739423076925 0.7239856346153847 0.3604836217948718 0.723877217948718 0.36727339743589743 0.7170000256410256 0.3810243685897436 0.7153096762820512 0.3886576153846154 0.7076730192307692 0.39430989423076923 0.7071655737179487 0.3954053878205128 0.7015973012820513 0.41818252564102565 0.6963616442307693 0.4760494423076923 0.6656401955128205
5 1 0.41359581410256413 0.998797467948718 0.4133592307692307 0.8639998141025641 0.48585807692307686 0.8596984519230768 0.4912583397435898 0.8774147596153846 0.49057947435897437 0.8881278717948717 0.48551523717948714 1 0.4268759583333333 1 0.41359581410256413
24 0.5368099743589744 0.1809970608974359 0.533691516025641 0.19449601282051282 0.536477358974359 0.20267870833333332 0.5541096634615384 0.20360277884615385 0.560265983974359 0.19347771474358974 0.557732157051282 0.18048620833333334 0.5442752115384615 0.17656627884615383 0.5368099743589744 0.1809970608974359
24 0.5536090320512821 0.22849030128205128 0.5367781955128205 0.22760823397435898 0.5349652435897436 0.2315315673076923 0.533617733974359 0.24190865384615384 0.5364035769230769 0.25009134935897437 0.5459371923076923 0.2521983269230769 0.554963358974359 0.24865301602564102 0.5580398141025641 0.23595553525641025 0.5536090320512821 0.22849030128205128
20 0.5424827051282052 0.2721090256410256 0.5536192564102564 0.2743000032051282 0.5587186794871795 0.253671842948718 0.5533604198717949 0.24856900961538464 0.5379225064102564 0.25177829487179487 0.5360675512820513 0.25650309615384614 0.5424827051282052 0.2721090256410256
20 0.5369428012820513 0.20913245833333333 0.5354692820512821 0.2219139487179487 0.5390985961538461 0.2293371794871795 0.5542844903846154 0.23093670833333332 0.5589218814102563 0.21912470192307693 0.5571475224358975 0.20697666346153845 0.5444500384615385 0.20390021153846155 0.5369428012820513 0.20913245833333333
5 1 0.3970878717948718 0.7917450641025641 0.49975209935897436 0.7899741153846154 0.502873967948718 0.7930539807692307 0.5054463814102564 0.8076064166666667 0.5037980352564103 0.8251093044871795 0.49185660897435896 0.8529892724358975 0.48126269230769236 0.9972785352564103 0.41167228846153847 1 0.41005703846153846 1 0.3970878717948718
9 0.5514930288461538 0.5755646826923076 0.5843430032051282 0.531477108974359 0.587755483974359 0.5123678782051282 0.5848016314102564 0.5073910544871795 0.571008657051282 0.5098828717948718 0.5679287916666667 0.5073104551282052 0.5689402756410257 0.5033451185897436 0.5656924006410257 0.5039785705128205 0.5637114358974359 0.511107782051282 0.5575517051282051 0.5059629455128205 0.5277713717948718 0.506813233974359 0.5152839006410256 0.4997294358974359 0.5031358685897436 0.5015037916666666 0.49685353846153846 0.5140332628205128 0.499597375 0.5230174294871796 0.4871553205128205 0.5304020641025641 0.48441489102564106 0.5366878012820513 0.46100770192307694 0.553945483974359 0.454935391025641 0.5624676121794872 0.4424933333333333 0.5698522500000001 0.4386120032051282 0.567237826923077 0.433341157051282 0.5758019615384615 0.4278148846153846 0.573905 0.4082856217948718 0.5785072019230769 0.410101983974359 0.5898537692307693 0.4224634391025641 0.5993419743589744 0.43456947435897436 0.5983690833333334 0.4503048173076923 0.6048194262820513 0.4594149903846154 0.5996711826923077 0.4754023557692308 0.6013127115384616 0.4800011506410256 0.6055720737179487 0.49278263782051285 0.607045592948718 0.5123119006410257 0.602443391025641 0.5202845801282051 0.603664891025641 0.5263988974358974 0.5943412948717949 0.5352570512820513 0.5940018621794872 0.5364785512820512 0.5860291794871795 0.5514930288461538 0.5755646826923076
9 0.8652871762820513 0.5839732403846154 0.8733438621794872 0.5835918044871795 0.870516016025641 0.5762105737179487 0.8609403974358975 0.5749050705128206 0.8476514615384616 0.5677792692307693 0.838033842948718 0.5672752307692307 0.8334350480769231 0.5630158685897436 0.7963960865384616 0.5490196955128205 0.7907018012820513 0.550328608974359 0.7876639423076923 0.5469547211538462 0.7764853878205128 0.5455652115384615 0.7722260256410256 0.5501640064102564 0.7594865416666666 0.547889016025641 0.7332935128205128 0.5569640032051283 0.7411401794871795 0.5605899102564103 0.7407621506410257 0.567803125 0.7446854903846154 0.5696160769230769 0.7428759455128205 0.5888093141025641 0.7467152724358974 0.5922252019230769 0.7493716987179487 0.5875424006410257 0.7533370352564103 0.5885538878205129 0.7586566987179487 0.6097280865384616 0.8044664038461539 0.6097178621794872 0.8134505673076924 0.6069740256410256 0.8185533974358974 0.601615766025641 0.8451278653846154 0.6005974647435897 0.8541120288461539 0.5978536282051282 0.8652871762820513 0.5839732403846154
9 0.6932620961538462 0.5540623782051282 0.6907316826923077 0.5563407692307692 0.691536560897436 0.5716526762820513 0.7014516121794871 0.5818163365384615 0.7047448974358974 0.5956513141025641 0.718583282051282 0.6076279294871795 0.7451157467948718 0.6074110961538461 0.7317007980769231 0.6026897019230769 0.7322014294871795 0.5778021794871795 0.7273892115384616 0.5622802596153846 0.7292861698717948 0.5567539871794872 0.7173481506410256 0.5545210032051282 0.7049901025641025 0.5603027051282051 0.6965519775641026 0.5526274519230769 0.6932620961538462 0.5540623782051282
17 0.558696016025641 0.5301330064102564 0.557477923076923 0.5533755865384615 0.5653665993589743 0.5562000256410257 0.5842169935897435 0.5338815096153846 0.5900338814102565 0.5148982916666667 0.587755483974359 0.5123678782051282 0.5763249134615385 0.5157871730769231 0.558696016025641 0.5301330064102564