11 0.0482265608974359 0.32906829807692306 0.013856996794871793 0.32846837500000003 0.013257060897435897 0.36283874358974355 0.044502701923076926 0.3633841378205128 0.04768116666666666 0.3603139391025641 0.0482265608974359 0.32906829807692306
11 0.6494761314102564 0.6208563910256409 0.6504578365384616 0.5646145576923077 0.5879673557692308 0.5635237820512821 0.5869856506410256 0.6197656153846154 0.6494761314102564 0.6208563910256409
11 0.31858819871794875 0.4181759326923077 0.31913359294871796 0.38693029166666665 0.28476322435897433 0.38633035576923075 0.2842178301282051 0.41757599679487184 0.31858819871794875 0.4181759326923077
11 0.42196958653846156 0.40435288141025644 0.3907247467948718 0.4038075 0.39023389423076926 0.43192841666666665 0.4183548141025641 0.4324192692307693 0.42153327564102566 0.42934907371794867 0.42196958653846156 0.40435288141025644
10 0.9204754326923077 0.49431630769230767 0.8579849519230769 0.49322553205128206 0.8568396346153845 0.5588407403846153 0.9162061955128206 0.5598769871794872 0.919384657051282 0.5568067884615384 0.9204754326923077 0.49431630769230767
11 0.5133060032051282 0.5434681089743589 0.5145058621794871 0.4747281794871795 0.46763820512820514 0.4739100993589743 0.46643834294871794 0.5426500288461538 0.5133060032051282 0.5434681089743589
10 0.7828872916666666 0.49816605128205127 0.7835417564102564 0.4606717628205128 0.7397988205128205 0.45990822756410255 0.7391443557692308 0.497402516025641 0.7828872916666666 0.49816605128205127
10 0.9378755192307693 0.7509094615384615 0.939293532051282 0.6696714358974359 0.8580555064102564 0.6682534198717949 0.8566374935897435 0.7494914487179487 0.9378755192307693 0.7509094615384615
10 0.8564033237179487 0.5838369326923077 0.8564578653846154 0.5807122051282051 0.8596371217948717 0.5776428269230769 0.860400669871795 0.5338990897435897 0.8135330096153846 0.5330810096153846 0.8126603878205128 0.5830733974358975 0.8564033237179487 0.5838369326923077
11 0.8214723557692307 0.4363300352564103 0.8219632083333333 0.40820911858974357 0.7907183685897435 0.4076637403846154 0.790227516025641 0.43578465384615384 0.8214723557692307 0.4363300352564103
10 0.462822766025641 0.5707164070512821 0.46380447115384615 0.5144745737179487 0.40756263782051283 0.5134928685897436 0.4065809326923077 0.569734701923077 0.462822766025641 0.5707164070512821
11 0.6923312371794872 0.49345971474358974 0.6485875 0.4926961634615385 0.647823951923077 0.5364399006410256 0.6884429615384615 0.5371489102564103 0.6916222307692308 0.5340787243589744 0.6923312371794872 0.49345971474358974
10 0.7026862980769231 0.4373822948717949 0.655818641025641 0.4365642179487179 0.6551096474358974 0.4771824262820513 0.6957278557692308 0.4778914198717949 0.702086375 0.47175185576923073 0.7026862980769231 0.4373822948717949
10 0.9956276217948717 0.4862518685897436 0.9961184743589744 0.45813094871794874 0.9711222820512821 0.457694641025641 0.9706314294871794 0.4858155576923077 0.9956276217948717 0.4862518685897436
10 0.645408233974359 0.4957663461538462 0.6458990865384615 0.46764542948717946 0.5990314262820513 0.46682735256410257 0.5984315032051283 0.5011969134615385 0.6296771442307693 0.5017423076923077 0.632855592948718 0.49867291666666663 0.6359803205128205 0.4987274583333334 0.6391595865384615 0.49565727564102563 0.645408233974359 0.4957663461538462
11 0.8199998108974359 0.5206919839743589 0.8202725096153847 0.5050691634615385 0.8234517628205128 0.5019997852564102 0.8237790032051282 0.4832522403846154 0.7956580833333333 0.48276138782051287 0.7950036185897437 0.5202556762820513 0.8199998108974359 0.5206919839743589
10 0.7614800608974359 0.5572741602564103 0.7654922884615385 0.5573441923076923 0.7734187019230769 0.5631013846153846 0.790228048076923 0.565802858974359 0.8032072532051282 0.5580025096153846 0.8091045096153846 0.5420516378205128 0.8092445769230769 0.5340271762820513 0.8014302179487179 0.5218504198717948 0.7774828974358975 0.5142082019230769 0.7637152532051282 0.5211921025641025 0.7579160448717949 0.5315258557692308 0.7559749935897435 0.5507565416666667 0.7614800608974359 0.5572741602564103
10 0.7423212243589743 0.41325814743589745 0.7424332788461538 0.4068385801282051 0.7353373269230769 0.3994905032051282 0.7249055288461539 0.39930841666666667 0.7159945833333333 0.4039690192307693 0.7118562916666666 0.41112099679487185 0.7116882115384615 0.4207503493589744 0.7196006153846154 0.427309983974359 0.734847092948718 0.4275761121794872 0.7431096666666667 0.41407459935897434 0.7452648814102564 0.42856064743589745 0.7499815096153847 0.4342618076923077 0.7659744038461539 0.4377517275641026 0.7732524423076923 0.4346680032051283 0.7781791730769231 0.4283324775641026 0.7776288493589744 0.4138744423076923 0.7673091057692307 0.40727278846153847 0.7560608557692308 0.4078791378205128 0.7447005512820513 0.4149050576923077 0.7423212243589743 0.41325814743589745
10 0.6704792724358974 0.3903314967948718 0.6682820352564103 0.3782527884615385 0.663537391025641 0.37415651602564104 0.653922048076923 0.37318599038461536 0.6482488974358974 0.37629772435897435 0.6433221666666668 0.3826332564102564 0.6447309647435897 0.3938955128205128 0.652657375 0.39965270192307695 0.6622867307692308 0.3998207820512821 0.6704792724358974 0.3903314967948718
10 0.4855484583333333 0.3622201121794872 0.4861548076923077 0.3734683621794872 0.4940532083333333 0.38083044551282047 0.5069343653846153 0.3786472147435897 0.5135500256410257 0.3675250256410256 0.5041307756410257 0.35532025641025644 0.4961203237179488 0.3543777403846154 0.4855484583333333 0.3622201121794872
10 0.6292002948717949 0.363924875 0.6171636057692308 0.36371477243589745 0.6122929038461538 0.366840516025641 0.6104779070512821 0.3788491923076923 0.6143780865384615 0.38533879487179484 0.6279916538461539 0.38718180128205126 0.6345092692307692 0.381676733974359 0.6347193685897435 0.36964004487179486 0.6292002948717949 0.363924875
10 0.9821206314102563 0.5169774775641026 0.9833753525641026 0.5370666410256411 0.9889644615384616 0.5387695833333334 0.990513326923077 0.5420073782051282 0.9985237820512821 0.542949891025641 0.9990280256410257 0.5140618365384615 0.9902711538461539 0.509895532051282 0.9821206314102563 0.5169774775641026
10 0.44550613782051285 0.31095166987179484 0.4423523782051282 0.307685858974359 0.4310761153846154 0.3098971057692308 0.42858474038461536 0.3146697596153846 0.4300635673076923 0.3219197852564103 0.43882043910256413 0.32608609294871793 0.44366313141025643 0.32456524038461537 0.4469569551282051 0.31980659294871794 0.44550613782051285 0.31095166987179484
10 0.8556603814102565 0.5420615833333333 0.8483543301282052 0.5467501955128206 0.8460030160256411 0.5434983942307692 0.8517041794871795 0.538781766025641 0.8493248557692308 0.5371348525641025 0.8397375224358975 0.5345594326923077 0.8444121314102565 0.5426679358974359 0.8363876698717948 0.5425278653846154 0.8349228493589743 0.5344753942307693 0.8301081698717948 0.5343913525641025 0.8203947788461539 0.5390379487179487 0.8203527596153847 0.5414452884615384 0.8243509807692307 0.5423177660256411 0.8268563685897437 0.5367426634615384 0.8283632115384615 0.5423877980769232 0.8452005705128206 0.5434843846153846 0.8475378750000001 0.5475386378205128 0.8458629487179488 0.5515228525641026 0.8483403205128206 0.5475526442307692 0.8498751794871794 0.5515928878205129 0.8578996378205128 0.5517329551282051 0.8579556666666667 0.5485231698717948 0.853197016025641 0.5452293461538462 0.8556603814102565 0.5420615833333333
10 0.7624004455128206 0.4585592980769231 0.7527010576923077 0.46240344551282053 0.7444805032051283 0.47349762179487176 0.7418350544871795 0.48709718269230773 0.7473401217948717 0.49361479807692304 0.7506059326923077 0.49046104166666665 0.7537877019230769 0.4921219615384616 0.7517535737179487 0.4936918333333333 0.7561670256410257 0.49376887179487183 0.7571235448717949 0.48495597435897436 0.7691742403846153 0.48436362820512824 0.7827597980769231 0.4878115288461538 0.7868140448717948 0.4854742211538462 0.7870521602564102 0.471832641025641 0.7847428717948718 0.4661734967948718 0.7704249038461538 0.4586993653846154 0.7624004455128206 0.4585592980769231
0 0 0.5741926698717948 0.3957006987179487 0.49710919551282057 0.4618094166666667 0.48060393589743594 0.4754650032051282 0.48003960576923077 0.4917100192307692 0.46908549679487177 0.49179406089743594 0.46427082051282054 0.4853885 0.4633563205128205 0.48217871474358975 0.46330029166666664 0.46203352243589746 0.46776480128205133 0.44680105769230766 0.4666962275641025 0.4419163461538462 0.4706244166666667 0.3283512628205128 0.49272284294871793 0 0.5502199711538461 0 0.5741926698717948
0 0.8339541442307692 0.4060280096153846 0.8372059487179487 0.4036766987179487 0.8364315128205129 0.40205779807692305 0.8244508493589743 0.39863791346153843 0.8188337275641026 0.3985398653846154 0.8035172211538462 0.4022859711538461 0.8018843173076923 0.40386284615384616 0.7914385128205128 0.4044832051282051 0.770490875 0.40893370512820515 0.7720537500000001 0.41136905769230775 0.7752495256410256 0.4122275288461539 0.7799801602564103 0.4171262467948718 0.783992391025641 0.41719628205128206 0.7912564262820513 0.41491500320512825 0.7978020544871794 0.40780504487179486 0.8034611955128205 0.4054957532051282 0.8154978846153846 0.40570585576923074 0.8226778782051282 0.4082392532051282 0.8339541442307692 0.4060280096153846
0 0.7463334583333333 0.4133281794871795 0.7430956602564103 0.4148770448717949 0.7414627532051282 0.4164539230769231 0.7406182884615384 0.4188472564102564 0.7389853814102564 0.42042413141025636 0.7356635448717949 0.42678767628205133 0.738873326923077 0.42684370192307686 0.7396897788461538 0.4260552596153846 0.7461373621794872 0.4245624230769231 0.746165375 0.42295753205128206 0.7469818269230769 0.42216909294871796 0.7470378557692308 0.4189593076923077 0.7495152275641025 0.41498909615384616 0.7495432403846154 0.41338420833333334 0.7463334583333333 0.4133281794871795
0 0.6744535384615384 0.4385622948717949 0.6800706602564103 0.438660342948718 0.7260061794871795 0.428224483974359 0.7100693141025641 0.4215247820512821 0.7052546378205128 0.4214407403846154 0.6295725929487179 0.4345681346153846 0.6101878301282051 0.4414539871794872 0.5900986666666667 0.4427087083333333 0.5650827724358974 0.45029896153846155 0.5626054006410256 0.45426916987179483 0.5649427051282051 0.45832341987179487 0.5745300352564102 0.4608988397435898 0.5850738878205127 0.45466135897435894 0.6035441506410256 0.45418106730769237 0.6374009583333333 0.4459424455128205 0.64153925 0.43879046474358974 0.6488453012820512 0.43410185256410255 0.6657106762820513 0.43359354487179486 0.6744535384615384 0.4385622948717949
10 0.6664991153846154 0.43441 0.6504361891025641 0.4349323108974359 0.6398643237179487 0.4427746826923077 0.6395281602564102 0.4620333878205128 0.6610681442307692 0.4696335801282051 0.6620526762820513 0.4592157916666667 0.6742854583333333 0.4481916506410256 0.6736230801282052 0.44015318269230774 0.6664991153846154 0.43441
2 0.6440464583333334 0.2951526378205128 0.6455953205128205 0.2983904326923077 0.6397120705128205 0.31353885897435896 0.6378130384615385 0.3303622115384615 0.6212458685897436 0.3597725801282051 0.6301007884615384 0.35832175961538465 0.6382793205128205 0.34963492307692307 0.6438544230769231 0.3521403076923077 0.6421654903846155 0.356926967948718 0.645445310897436 0.35297076602564104 0.6470081794871795 0.3554061185897436 0.6575059519230769 0.30582254807692305 0.6495655320512821 0.3008678044871795 0.6480726923076923 0.29442022115384614 0.6440464583333334 0.2951526378205128
2 0.7551522371794872 0.3219753974358974 0.7615718044871794 0.3220874519230769 0.7640071570512821 0.3205245801282051 0.7624442884615384 0.3180892275641026 0.7672869743589744 0.316568375 0.7720736378205129 0.31825731089743586 0.7775506923076924 0.3263798173076923 0.7856591923076923 0.3217052083333333 0.7880385192307693 0.3233521217948718 0.7864056121794872 0.324929 0.7951904967948717 0.32749041025641024 0.7927411410256411 0.32985573076923075 0.803989391025641 0.32924937820512823 0.8095364807692308 0.33335965384615385 0.8295696153846154 0.3353147179487179 0.8312445384615385 0.33133049679487175 0.8400854519230768 0.3306821282051282 0.8464209807692308 0.335608858974359 0.8632443333333333 0.33750789102564105 0.8671445096153846 0.3439974935897436 0.8784627916666667 0.33937891025641026 0.8824189935897436 0.34265872756410254 0.8976794775641025 0.3421224134615385 0.9033806378205128 0.3374057820512821 0.9057459583333333 0.339855141025641 0.9048594679487179 0.3446558108974359 0.9127998878205128 0.34961055128205126 0.920063923076923 0.3473292756410256 0.9202039903846153 0.3393048173076923 0.927454016025641 0.337825983974359 0.939350641025641 0.3460605448717949 0.9368452564102565 0.3516356474358974 0.9440532596153847 0.35256415384615386 0.9447856762820512 0.35659038782051283 0.9480374807692308 0.35423908012820515 0.9504027980769231 0.35668843589743593 0.9688590544871795 0.35701059294871795 0.9687189871794871 0.36503505128205127 0.9334054775641025 0.45672805769230773 0.934109875 0.4623591858974359 0.9452180608974359 0.46977729487179487 0.9669401282051282 0.46694569230769234 0.9719929198717949 0.45338815384615383 0.9719468365384615 0.4100420608974359 0.9929464423076922 0.35662834935897436 0.9890602692307692 0.34933630448717945 0.9835131826923077 0.34522602243589745 0.9754887211538462 0.34508595512820517 0.9715605320512821 0.34020125 0.9747843237179487 0.33945482692307694 0.9756988237179487 0.33304926602564106 0.9813859775641026 0.3291350865384615 0.9735436057692308 0.3185632211538461 0.9640263076923077 0.3119755705128205 0.8767557916666666 0.29921459294871794 0.8640006987179487 0.2941758076923077 0.8561163044871796 0.28601127884615385 0.7999871057692308 0.28262346794871795 0.7936375737179487 0.2784991858974359 0.7655659711538462 0.2772065064102564 0.7584420032051282 0.27146332371794873 0.7527968653846154 0.2729701666666667 0.7446323397435898 0.28085455769230766 0.7382547916666667 0.27833516666666663 0.7309907564102565 0.2806164455128205 0.7278650128205129 0.27574574038461536 0.7230643461538462 0.27485925641025644 0.7182356634615384 0.2755776602564103 0.7165327211538461 0.2811667692307692 0.7109856346153846 0.2770564935897436 0.7053264935897436 0.2793657820512821 0.7037636217948718 0.27693043269230766 0.6916989166666666 0.27832522115384617 0.6869262628205128 0.27583384615384615 0.6620504358974358 0.2753996346153846 0.6572077467948718 0.276920483974359 0.6514085384615385 0.28725423717948717 0.6465938621794872 0.28717019551282047 0.6457213814102564 0.29116841666666665 0.6529714102564103 0.2896895897435897 0.6569416185897436 0.29216695833333334 0.6568270192307691 0.29873242628205127 0.6616722564102564 0.29706567628205127 0.6687962243589743 0.302808858974359 0.6769327339743589 0.296529358974359 0.6855635448717948 0.30791767628205124 0.6896037916666666 0.3063828173076923 0.7055546634615385 0.3122800737179487 0.7112278141025641 0.30916833653846154 0.719956669871795 0.31493953205128206 0.7376104807692307 0.3152476826923077 0.7408762916666667 0.3120939262820513 0.7505336602564103 0.3106571121794872 0.7551522371794872 0.3219753974358974
5 0.5581885064102564 0.3329858141025641 0.5612862403846154 0.339461407051282 0.5595552852564103 0.34665540705128206 0.5524173108974358 0.34171467307692305 0.5435343782051282 0.3447703814102564 0.5353698525641025 0.35265477243589743 0.5322301025641025 0.34858651602564106 0.5381273589743589 0.33263564423076925 0.5350996634615385 0.32214782051282054 0.5319319006410256 0.31968445512820515 0.514096 0.32980810256410253 0.5145202628205129 0.3514881506410257 0.5206316826923076 0.3692540192307692 0.5168056025641026 0.4045056121794872 0.5134417435897436 0.41327649038461534 0.5139080288461538 0.43254920192307694 0.5089813012820513 0.43888472756410263 0.5009848525641026 0.4371397724358974 0.49605812179487185 0.4434752980769231 0.4982833717948718 0.4539491153846154 0.49483547435897435 0.46753467307692315 0.5092935096153847 0.46698434615384615 0.5238355833333334 0.4616193461538462 0.5572721858974359 0.47745410256410253 0.5653106538461539 0.4767917243589744 0.5539042692307692 0.44047155448717945 0.5560134006410257 0.41161150961538456 0.5601797083333333 0.40285463782051284 0.578057625 0.39032365384615386 0.5840809455128205 0.36715076602564106 0.5692966923076923 0.34040391987179486 0.560623858974359 0.3314229391025641 0.5581885064102564 0.3329858141025641
3 0.44738304166666665 0.20342391025641027 0.44956626923076926 0.21630506730769233 0.44160596153846154 0.3044620705128205 0.45022276602564104 0.31665283333333333 0.4550374423076923 0.31673687500000003 0.46159707692307694 0.30882447115384615 0.4609346987179487 0.30078600320512816 0.46505898076923075 0.2944364679487179 0.4702658461538462 0.27205202243589743 0.46903913461538466 0.25035796794871795 0.4793968397435897 0.20879885576923074 0.4778479743589744 0.2055610576923077 0.45787086538461536 0.20039621474358973 0.45064885256410253 0.20027015384615385 0.44738304166666665 0.20342391025641027
6 0.2640973173076923 0.3109959326923077 0.2592406217948718 0.3133192275641026 0.2575516891025641 0.318105891025641 0.28062652564102564 0.32974633012820515 0.2805564935897436 0.3337585608974359 0.2050845544871795 0.3348492628205128 0.18907765384615383 0.33216179166666665 0.15098044551282053 0.30741608653846153 0.14203879166666666 0.30726000961538463 0.14046460897435897 0.3120486762820513 0.13756836538461537 0.30718198076923076 0.13405904807692307 0.3111341762820513 0.1330971346153846 0.3071039326923077 0.12862671153846156 0.30702590064102564 0.1308352564102564 0.31188059615384617 0.12415548076923077 0.3069478557692308 0.12123391987179488 0.31010762179487183 0.11968505448717949 0.30686982371794874 0.11884058974358973 0.30926315705128204 0.12202235897435898 0.3109240737179487 0.1428439326923077 0.3136955865384615 0.17219827243589744 0.3334725416666666 0.19133091666666666 0.3410307179487179 0.21776961217948718 0.34390027564102565 0.29001776602564106 0.3435559935897436 0.3060806891025641 0.3430336826923077 0.3157800769230769 0.33918953205128205 0.3150616730769231 0.3343608525641026 0.3095425993589744 0.3286456826923077 0.2808786474358974 0.3153023044871795 0.2793437916666667 0.3112620608974359 0.2640973173076923 0.3109959326923077
11 0.6920933461538461 0.43967289102564105 0.6896439871794872 0.44203820833333335 0.6975423878205128 0.44940029166666673 0.6998096570512821 0.45746677243589745 0.7046103269230769 0.45835325641025637 0.7021469615384616 0.46152101923076927 0.7067375288461538 0.47444419871794874 0.706019125 0.4696155128205128 0.7108197916666666 0.47050200000000003 0.7140715993589744 0.46815068910256413 0.7157745352564102 0.4625615801282051 0.7133952115384615 0.46091466987179486 0.7166890352564103 0.4561560192307692 0.7072977980769232 0.4423463557692308 0.6920933461538461 0.43967289102564105
11 0.6457435128205129 0.38187282692307695 0.6457014935897436 0.38428016666666664 0.6490233301282051 0.377916625 0.6530215512820513 0.3787891057692308 0.6546964775641025 0.37480488782051286 0.6445588205128205 0.35777143589743593 0.6324941185897436 0.35916622435897433 0.6307911794871794 0.3647553333333333 0.6347193685897435 0.36964004487179486 0.6369306121794872 0.3809163076923077 0.6457435128205129 0.38187282692307695
11 0.6753459102564102 0.3414523269230769 0.6673354583333333 0.3405098141025641 0.660001391025641 0.34680332051282053 0.6582844455128205 0.35319487499999996 0.6630010737179487 0.35889603525641023 0.673404858974359 0.360683016025641 0.679064 0.3583737275641026 0.6800205192307692 0.34956082692307694 0.6753459102564102 0.3414523269230769
11 0.617751891025641 0.33001204166666664 0.6089529967948718 0.3282530769230769 0.6016329358974358 0.3337441378205128 0.6007464487179488 0.3385448044871795 0.604646625 0.34503441025641024 0.6142619679487179 0.3460049358974359 0.6207235576923077 0.3437096506410256 0.6208776314102564 0.3348827467948718 0.617751891025641 0.33001204166666664
11 0.5706176762820513 0.3171489551282051 0.5626072243589744 0.3162064423076923 0.5585249615384615 0.32014863782051284 0.5575964519230769 0.32735664743589743 0.5607502083333333 0.33062245512820515 0.5663253108974359 0.33312784294871794 0.5751942403846153 0.3308745769230769 0.5761227435897436 0.3236665705128205 0.5706176762820513 0.3171489551282051
11 0.45985211858974356 0.31682091346153846 0.45893761538461536 0.32322647756410255 0.4628377948717949 0.3297160769230769 0.4740860448717949 0.32910972756410256 0.4758169967948718 0.32191572435897436 0.47353571794871796 0.3146516923076923 0.4631179294871795 0.31366715705128206 0.45985211858974356 0.31682091346153846
11 0.5185707403846154 0.3098189487179487 0.5176282275641026 0.31782940064102566 0.520781983974359 0.32109521474358976 0.5344935993589743 0.3173210961538461 0.5345916474358975 0.31170397435897435 0.5290585673076923 0.30679124999999996 0.522639 0.3066791955128205 0.5185707403846154 0.3098189487179487
11 0.2261629455128205 0.8296745192307693 0.22617695192307694 0.8288720737179488 0.16803171794871796 0.8278571442307692 0.16801770833333335 0.8286595897435897 0.2261629455128205 0.8296745192307693