7 0.40855699679487184 0.6579535961538462 0.42105415384615386 0.6680266923076923 0.43947396794871796 0.6694729871794872 0.44937901282051285 0.6617883044871794 0.4574558237179487 0.6604642371794872 0.46086020512820514 0.654961717948718 0.4706252019230769 0.6512874326923077 0.6856537788461539 0.49577574038461536 0.6892822339743591 0.48385658653846153 0.6721228333333333 0.44631672756410257 0.6906368621794872 0.42206847115384616 0.688650766025641 0.4099532532051282 0.6771797596153847 0.39349152884615385 0.5806068750000001 0.30740421474358975 0.5741062147435897 0.3095863814102564 0.5680995288461538 0.32061942628205126 0.5616446987179488 0.3444857403846154 0.4797205705128205 0.34483711538461537 0.46129312179487175 0.29761628525641026 0.4519762692307692 0.2884573044871795 0.3288456282051282 0.34197761858974357 0.3164783301282051 0.3511824326923077 0.3096135480769231 0.3637916282051282 0.3100515064102564 0.3742466698717949 0.3145278717948718 0.38403967628205127 0.28802105769230774 0.40720575961538463 0.28567083974358976 0.4055175737179487 0.2718674326923077 0.40985389423076923 0.2602181858974359 0.4214929519230769 0.2538295608974359 0.4204668012820513 0.24807495833333335 0.42428113141025636 0.24914694551282052 0.43957665705128207 0.2595917916666667 0.46242700961538463 0.2742991282051282 0.47819868910256413 0.3500077596153846 0.5868460737179487 0.40855699679487184 0.6579535961538462
17 0.3693900769230769 0.5377333589743589 0.3738206121794872 0.5258422147435897 0.3693442467948718 0.5160492083333333 0.35742509615384616 0.51242075 0.35501885576923076 0.5123367243589744 0.3425675288461538 0.5239477756410257 0.34062725961538465 0.5335167083333333 0.349944108974359 0.5426756923076923 0.3619753012820513 0.5430958301282052 0.3693900769230769 0.5377333589743589
21 0.3600095737179487 0.4844039935897436 0.3558871442307692 0.4874722660256411 0.3497964294871795 0.5009115480769231 0.35750912179487176 0.5100145128205128 0.3631236794871795 0.5102105769230769 0.3757150512820513 0.49458913141025646 0.3656241314102564 0.48460005769230774 0.3600095737179487 0.4844039935897436
16 0.3600095737179487 0.4844039935897436 0.35076656410256407 0.49612708012820517 0.35051448076923075 0.5033457948717949 0.3583112019230769 0.5100425224358974 0.36644403205128206 0.5071142980769231 0.3757150512820513 0.49458913141025646 0.3656241314102564 0.48460005769230774 0.3600095737179487 0.4844039935897436
21 0.3558209358974359 0.512364733974359 0.3488823173076923 0.5040918557692308 0.34567399679487176 0.5039798205128205 0.31878524038461536 0.5150867083333334 0.32171346474358975 0.5232195352564103 0.33338053525641026 0.5340667051282052 0.3374749615384615 0.5318005128205129 0.3409633685897436 0.5238917564102564 0.3558209358974359 0.512364733974359
21 0.3662199583333333 0.5135309326923078 0.35576491666666665 0.5139688942307692 0.343369608974359 0.523975782051282 0.34225942948717947 0.5327706506410257 0.35555866346153847 0.5428717564102564 0.367701891025641 0.5400835801282051 0.3745666730769231 0.5274743814102565 0.37172247756410254 0.5169353173076923 0.3662199583333333 0.5135309326923078
17 0.8232982083333332 0.6475418974358974 0.8150813493589744 0.652876358974359 0.811592939102564 0.6607851153846154 0.8102866955128205 0.6751945352564103 0.8117508076923077 0.6792609519230769 0.8178873493589744 0.6875058173076923 0.8280342884615385 0.6958907307692308 0.834394907051282 0.6977189647435897 0.8520406506410256 0.6983351666666666 0.8585693205128205 0.695350923076923 0.8644359583333334 0.6883282724358974 0.8674023814102565 0.6723707115384615 0.8667963685897436 0.6667281474358975 0.8606878365384615 0.657681201923077 0.8473605897435897 0.6483821730769231 0.8378196634615386 0.6456398237179487 0.8232982083333332 0.6475418974358974
17 0.8237743653846155 0.633906548076923 0.8141774230769231 0.632768358974359 0.802808266025641 0.6363866282051281 0.797827733974359 0.6410310480769231 0.7951974230769231 0.6473636538461539 0.7941992788461538 0.6529501987179487 0.7946932564102565 0.6618010833333334 0.800773782051282 0.6716501057692308 0.8046441314102564 0.6758005480769231 0.8094005897435897 0.6775727628205128 0.8102306762820513 0.6767986955128205 0.8095406346153846 0.6735623685897435 0.8107908621794871 0.6607571089743589 0.815109358974359 0.652074282051282 0.8208919679487179 0.6474578685897436 0.8369895737179487 0.6464138974358975 0.8394518301282051 0.644893766025641 0.8332872820512821 0.6374509775641025 0.8237743653846155 0.633906548076923
17 0.8764595160256411 0.6429738717948718 0.8661165128205127 0.6402035128205128 0.8548874006410256 0.6398113846153846 0.8483587307692309 0.6427956282051281 0.8450383782051282 0.645891907051282 0.8575915512820512 0.6543608493589743 0.8660783173076922 0.6642939038461538 0.8675144198717948 0.6691623974358974 0.8652380416666667 0.688356282051282 0.8691924166666667 0.6901004871794871 0.878043298076923 0.6896065064102564 0.8821097147435898 0.6881423974358974 0.8887224134615384 0.6827519166666667 0.8921548044871795 0.6764473205128205 0.8934330384615384 0.6628399807692308 0.8897027371794871 0.6546791410256411 0.8827641121794871 0.6464062628205128 0.8764595160256411 0.6429738717948718
21 0.8458684647435897 0.6451178397435898 0.8410559871794872 0.6449497820512821 0.8324851987179488 0.6374229711538462 0.8213681250000001 0.6338225192307692 0.8117431762820513 0.6334864102564103 0.802808266025641 0.6363866282051281 0.796083532051282 0.6449854262820514 0.7946932564102565 0.6618010833333334 0.800773782051282 0.6716501057692308 0.8280342884615385 0.6958907307692308 0.8528427275641025 0.6983631762820512 0.8652100320512821 0.689158358974359 0.8772412211538461 0.6895785 0.8829398012820513 0.6873683269230769 0.8912686987179487 0.6788255448717948 0.8931529455128205 0.6708607724358975 0.8919689294871795 0.658773564102564 0.8819620352564101 0.6463782532051282 0.8732792083333334 0.6420597564102564 0.8540853237179488 0.639783375 0.8458684647435897 0.6451178397435898
21 0.824046826923077 0.5801112147435897 0.8229926602564103 0.5873019230769231 0.8275250448717949 0.5954907692307692 0.8433705673076923 0.6016655096153846 0.9082269551282051 0.6071425737179487 0.9153336314102564 0.6106029743589744 0.9234944711538461 0.6068726730769232 0.9253507147435898 0.5997099743589743 0.9255187692307693 0.5948974967948718 0.9161458974358974 0.5873426762820513 0.8931376826923076 0.5793116923076923 0.8802483974358974 0.5804677051282051 0.8691593333333333 0.5760651762820513 0.8315456314102564 0.5723425064102564 0.824046826923077 0.5801112147435897
16 0.8570721217948718 0.5772491987179488 0.8506274775641026 0.5778272019230769 0.8382321698717948 0.5878340961538461 0.837952076923077 0.595854891025641 0.843398576923077 0.6008634294871795 0.8641966185897436 0.6031958301282051 0.8666868846153847 0.6008736185897435 0.8681611858974358 0.5816517243589744 0.8570721217948718 0.5772491987179488
16 0.8249049230769231 0.5785350673076923 0.8245127916666667 0.5897641794871795 0.8283551346153846 0.5947166987179487 0.8362918974358974 0.5974030288461538 0.8398923461538461 0.5862859551282051 0.8514855769230769 0.5762510544871795 0.8323477083333333 0.5723705128205128 0.8249049230769231 0.5785350673076923
16 0.8715655673076922 0.5761492051282051 0.8563260608974358 0.5756170288461538 0.8554399551282051 0.5779952596153846 0.8665290192307692 0.5823977852564103 0.877040076923077 0.5803556666666666 0.8715655673076922 0.5761492051282051
16 0.8962899807692307 0.5810278878205128 0.8842868012820514 0.5798056698717949 0.868021141025641 0.5856621217948719 0.8682070192307692 0.603335875 0.891355282051282 0.6073564583333333 0.8946196153846154 0.6058643397435898 0.8958418333333333 0.5938611570512821 0.9025665673076924 0.585262358974359 0.8962899807692307 0.5810278878205128
16 0.9184681089743589 0.5898329423076922 0.9065769679487179 0.5854024038461538 0.898416125 0.5891327115384615 0.8958978525641026 0.592257 0.8953936858974358 0.6066944262820513 0.9137294743589743 0.6105469551282051 0.9226643814102564 0.6076467403846154 0.9238585897435897 0.596445641025641 0.9184681089743589 0.5898329423076922
13 0.7775262243589743 0.5784866794871795 0.8041807179487179 0.5970847403846153 0.827906983974359 0.607549967948718 0.9724951506410258 0.6294633044871795 0.9822041282051283 0.6273931762820513 0.9800779807692308 0.6192883557692307 0.9286430576923076 0.5974157724358974 0.9254067307692307 0.5981058141025641 0.9200340705128206 0.6139793461538462 0.9136174358974358 0.6137552724358974 0.8258368589743589 0.5978409903846154 0.7849129935897435 0.5739262884615385 0.7632848621794872 0.5723679583333333 0.7775262243589743 0.5784866794871795
5 0.7789622948717949 0.8363182628205129 0.8348557628205129 0.8454976217948718 0.9872508333333334 0.850819375 0.987614951923077 0.8403923429487179 0.9788480993589743 0.8384800833333335 0.8309675897435898 0.8188609487179487 0.5834713814102565 0.7772928365384616 0.5714682019230769 0.7760706185897436 0.5672617403846153 0.7815451282051282 0.5660115128205129 0.7943503878205128 0.569825842948718 0.8001049871794872 0.7789622948717949 0.8363182628205129
5 0 0.7076459262820513 0.05624555769230769 0.7203349487179488 0.29030248076923076 0.7558123493589743 0.30244570833333334 0.7530241698717949 0.3061581891025641 0.7386987788461539 0.3047220897435897 0.7338302852564103 0.2959832435897436 0.7311159455128204 0.15855777564102563 0.7110588525641025 0.04043823076923077 0.6900698205128205 0.029153102564102563 0.6912818493589743 0.024918631410256412 0.6975584391025641 0.015899695512820514 0.7028648942307693 0.008708990384615384 0.7018107275641026 0 0.705791592948718 0 0.7076459262820513
5 0.3613896282051282 0.743839733974359 0.35985930769230773 0.7646657852564103 0.3741566891025641 0.7691803493589744 0.4141486185897436 0.7737891282051282 0.4180571666666667 0.7538491826923076 0.4157909743589744 0.7497547564102565 0.3710705961538462 0.7425716826923077 0.3613896282051282 0.743839733974359
5 0.5140444134615384 0.7877173141025641 0.5148006634615384 0.7660611698717948 0.47248652243589745 0.758962125 0.46767404807692303 0.7587940705128206 0.46515577243589745 0.761918358974359 0.468196032051282 0.766842875 0.4639615641025641 0.7731194615384614 0.4636534615384615 0.7819423333333333 0.5091759198717949 0.7891534134615384 0.5140444134615384 0.7877173141025641