11 0.8230518173076923 0.4750874391025641 0.8225064230769231 0.4438417980769231 0.7818874102564103 0.44455080769230765 0.7824328044871794 0.4757964487179487 0.8230518173076923 0.4750874391025641
10 0.99281275 0.5315080961538461 0.9915583621794872 0.4596442435897436 0.9321918044871794 0.4606804903846154 0.9334461923076923 0.5325443461538462 0.99281275 0.5315080961538461
11 0.6294407980769231 0.484717483974359 0.6282954967948718 0.41910308333333335 0.5408088205128205 0.4206301666666667 0.541954125 0.4862445705128205 0.6294407980769231 0.484717483974359
11 0.7902253525641025 0.38502142628205127 0.7897890416666667 0.36002523076923076 0.7679167692307692 0.36040701282051285 0.7683530801282051 0.38540320512820514 0.7902253525641025 0.38502142628205127
14 0.6328374166666667 0.5002857788461539 0.6310376346153846 0.397176282051282 0.3779517884615385 0.4015939134615385 0.3797515737179487 0.504703407051282 0.6328374166666667 0.5002857788461539
11 0.8803844262820513 0.5365962147435897 0.8796754198717949 0.49597720512820515 0.8359316826923077 0.49674075320512817 0.8366406891025642 0.5373597660256411 0.8803844262820513 0.5365962147435897
10 0.5389930256410256 0.4956732852564103 0.5374113974358975 0.40506188782051283 0.45929809935897437 0.40642535897435894 0.46087972756410256 0.4970367596153846 0.5389930256410256 0.4956732852564103
11 0.7623771314102564 0.4011350961538462 0.7436295865384616 0.40146233653846153 0.7442295096153846 0.43583190064102567 0.7598523301282051 0.4355592051282052 0.7629225096153847 0.43237993589743584 0.7623771314102564 0.4011350961538462
12 0.5184515897435897 0.4994103621794872 0.5334879615384615 0.48710754487179486 0.5318130352564102 0.4831233269230769 0.522944108974359 0.4808700641025641 0.4747413237179487 0.4785006858974359 0.4765423108974359 0.48970691666666666 0.4733745480769231 0.49217028205128205 0.47987815384615384 0.49687290384615385 0.49436420192307695 0.4990281217948718 0.5184515897435897 0.4994103621794872
12 0.4834141538461539 0.4695197051282051 0.5356571858974359 0.4734239423076923 0.5396273942307692 0.4709465705128205 0.544105907051282 0.45160382692307693 0.5439518333333334 0.4427769198717949 0.5364776987179487 0.4284589551282051 0.5243149487179487 0.4214470416666667 0.5106173397435898 0.41847537179487176 0.48897931410256407 0.4204584487179487 0.4754777980769231 0.4287210224358975 0.46289078205128203 0.443389157051282 0.46405740384615385 0.4642387467948718 0.4834141538461539 0.4695197051282051
10 0.9147154615384616 0.3547189551282051 0.9152063141025641 0.382839875 0.9433264262820512 0.3823490352564103 0.9463966121794871 0.379169766025641 0.9463420833333334 0.3760458461538461 0.9494122628205128 0.37286657692307695 0.9490850224358974 0.3541190320512821 0.9147154615384616 0.3547189551282051
12 0.41506617948717955 0.4626858173076923 0.4488109294871795 0.464504875 0.45503440384615385 0.453158576923077 0.45317739102564103 0.43874256089743585 0.448208641025641 0.4299996955128205 0.4376087596153846 0.42055242948717947 0.4101995384615385 0.41380664743589746 0.40546890064102564 0.4187053653846154 0.3924716314102564 0.45585599679487177 0.3909647884615385 0.4615011314102564 0.3950330416666667 0.4646408814102564 0.41506617948717955 0.4626858173076923
12 0.4033236314102564 0.47974728525641025 0.4171473012820513 0.48994096794871794 0.42517176282051283 0.48980090064102566 0.42749505769230767 0.48494420512820513 0.44112263141025637 0.4839036442307692 0.444248375 0.47903294230769233 0.44178501282051286 0.47586517948717943 0.4289178621794872 0.4744843942307692 0.4249756666666667 0.47856665705128204 0.4137414230769231 0.4787627532051282 0.4032255833333333 0.4741301634615384 0.4008322532051282 0.47497463141025636 0.4033236314102564 0.47974728525641025
12 0.3716821314102564 0.4144789711538462 0.35319785897435896 0.413196233974359 0.33802141987179485 0.4174745929487179 0.3221685929487179 0.42898897115384615 0.3206897628205128 0.4362389967948718 0.32340525000000003 0.4538507916666667 0.32592464102564106 0.46022833974358973 0.3324142435897436 0.4641285128205128 0.32844403205128203 0.46660588461538466 0.32773963461538463 0.47223701282051284 0.33351083012820515 0.48096587179487177 0.35686580448717947 0.4853743525641026 0.3696909326923077 0.4843478012820513 0.37764535897435897 0.48019550000000005 0.37333898717948716 0.46341416987179485 0.38719473397435894 0.4294593173076923 0.38625221794871795 0.4214488621794871 0.3716821314102564 0.4144789711538462