21 0.05417851282051282 0.650786983974359 0.1400883782051282 0.6522865448717949 0.14100414102564102 0.5998226282051282 0.05509427564102564 0.5983230641025641 0.05417851282051282 0.650786983974359
21 0.3787953237179487 0.5449755384615385 0.3724457884615385 0.5408512532051282 0.3636188846153846 0.5406971794871794 0.34423411858974357 0.5475830320512821 0.3387570641025641 0.5394605256410256 0.33081664423076923 0.5345057820512821 0.3180335384615385 0.531071891025641 0.3140213076923077 0.5310018557692308 0.30273103525641026 0.5340155448717949 0.29776228846153846 0.5427584102564103 0.29842466666666667 0.5507968782051282 0.30702746153846155 0.5637900897435898 0.31655876602564104 0.5695752916666666 0.3358454839743589 0.5683065608974359 0.340324 0.5876493044871796 0.3473779326923077 0.5974047147435898 0.3618079551282051 0.5984592852564103 0.37958782692307697 0.5915454198717949 0.3838661826923077 0.5763689807692308 0.3840622756410257 0.5651347371794871 0.3826955 0.551465141025641 0.3787953237179487 0.5449755384615385
21 0.523811923076923 0.5153991923076924 0.526853625 0.5250845737179487 0.535554467948718 0.5324606602564103 0.5403551346153846 0.5333471474358975 0.5524618621794871 0.5295450192307692 0.558275076923077 0.5184088205128204 0.5544729487179487 0.5063020993589743 0.543364766025641 0.4988839903846154 0.5425763269230769 0.4980675384615385 0.5272598205128205 0.5018136378205128 0.5262612756410256 0.513033875 0.523811923076923 0.5153991923076924
16 0.4433817884615384 0.5230640769230769 0.44633678846153846 0.5156434102564103 0.4461447147435897 0.5138171474358975 0.44727097756410256 0.5102690480769231 0.44220054487179483 0.500328923076923 0.439004766025641 0.4994704519230769 0.43499253846153846 0.4994004166666666 0.4277565160256411 0.5000768012820513 0.42118287499999996 0.508791657051282 0.4210568141025641 0.5160136666666667 0.4297436506410256 0.5241922019230769 0.4433817884615384 0.5230640769230769
21 0.10717843269230769 0.5635124711538462 0.11116265384615384 0.5651873974358974 0.1256206858974359 0.5646370737179487 0.13051940384615385 0.5599064358974359 0.13068748397435898 0.5502770865384615 0.12277507692307693 0.543717451923077 0.11715795512820514 0.5436194038461538 0.10830303846153846 0.5450702211538462 0.10341832692307691 0.5489984102564103 0.10327825961538462 0.5570228717948718 0.10717843269230769 0.5635124711538462
16 0.3944920576923077 0.5203661217948718 0.4009816570512821 0.5164659455128204 0.4004033205128205 0.5036128044871795 0.3932653461538461 0.49867206730769237 0.3884506730769231 0.4985880256410256 0.38198908012820515 0.5008833108974359 0.37707636217948715 0.5064163910256411 0.37848515705128205 0.5176786474358974 0.38645358974358973 0.5210285 0.3944920576923077 0.5203661217948718
21 0.2656945032051282 0.5413959743589744 0.27219811217948714 0.5366933525641026 0.27235218589743593 0.5278664487179487 0.26764956410256413 0.5213628397435898 0.26283488782051284 0.521278798076923 0.2555988685897436 0.5219551826923077 0.24988369871794872 0.5274742596153846 0.24889916346153845 0.5378920512820512 0.2536578141025641 0.541185875 0.2656945032051282 0.5413959743589744
21 0.1618147980769231 0.5604526987179488 0.16157668269230768 0.574094282051282 0.1566079326923077 0.5828371474358974 0.159663641025641 0.5917200833333334 0.17156026282051284 0.599954641025641 0.1819920608974359 0.6001367275641025 0.19411279166666667 0.595532157051282 0.20001004807692307 0.5795812820512821 0.19302615064102563 0.5658136378205127 0.19391263461538463 0.5610129679487179 0.20275354807692308 0.5603645993589743 0.20663971794871797 0.5676566474358974 0.20338791025641026 0.5700079583333333 0.21697346794871797 0.5734558557692307 0.218382266025641 0.5847181153846154 0.22547821794871795 0.5920661858974359 0.22844988782051281 0.6057637948717949 0.24029048397435895 0.617208141025641 0.2490473557692308 0.6213744487179488 0.25946514743589744 0.6223589807692308 0.2772450192307692 0.6154451121794872 0.2838186602564103 0.6067302628205129 0.28390270192307693 0.6019155865384616 0.2817754967948718 0.5858246474358975 0.277100891025641 0.5777161474358974 0.26752756410256406 0.574338282051282 0.26359937499999997 0.5694535705128205 0.256405375 0.5677226185897436 0.25006984615384614 0.5627958910256411 0.24598758653846153 0.5667380833333333 0.2467340032051282 0.569961875 0.2364002532051282 0.5641626666666667 0.23551376602564103 0.5689633365384615 0.22650477243589742 0.5792410608974359 0.22094367948717947 0.5759332307692308 0.22180215064102562 0.5727374487179487 0.21787396153846153 0.5678527403846153 0.22037934615384616 0.562277641025641 0.23006472435897435 0.5592359391025641 0.23099323076923078 0.5520279294871795 0.24149506410256408 0.5481977884615384 0.24563335256410257 0.5410458076923077 0.24575941346153846 0.5338237948717949 0.237833 0.5280666057692307 0.23382077243589747 0.5279965705128205 0.22576829807692306 0.5294613942307692 0.2192646891025641 0.534164016025641 0.21753373717948718 0.541358016025641 0.22144791987179488 0.5470451698717949 0.21897054807692307 0.5510153814102564 0.2125930032051282 0.5484959903846154 0.2111561891025641 0.538838625 0.20482066346153846 0.5339118942307692 0.19523333012820512 0.5313364775641026 0.18388703205128204 0.5375599487179488 0.18702678205128206 0.5416282083333334 0.18608426923076923 0.5496386602564102 0.16754397435897436 0.5541311794871795 0.1618147980769231 0.5604526987179488
17 0.13211434935897434 0.6064903237179488 0.11941528205128205 0.5982417564102565 0.10011455769230769 0.6003129326923078 0.08571255128205128 0.5976534743589743 0.07456234615384616 0.592642701923077 0.06985972435897435 0.5861390961538461 0.06344015705128205 0.5860270416666667 0.05782303525641026 0.5859289935897436 0.054599243589743586 0.5866754102564103 0.05292431730769231 0.5906596314102565 0.05195379166666666 0.6002749743589744 0.05658638141025641 0.6107908141025641 0.050745150641025645 0.6235319006410257 0.05460330448717949 0.6324288429487179 0.06248769871794872 0.6405933653846153 0.072019 0.6463785705128205 0.09210816666666667 0.6451238493589744 0.10085103205128206 0.6500925993589743 0.1104803814102564 0.6502606794871795 0.12990716666666666 0.6409674871794871 0.1399006923076923 0.6202719743589744 0.13211434935897434 0.6064903237179488
17 0.23514958974358974 0.5898269294871795 0.23479942307692306 0.6098880833333333 0.23791115705128205 0.6155612307692307 0.25304557692307694 0.6222469262820512 0.273190766025641 0.6177824166666667 0.28300220833333334 0.6075186987179487 0.27945219871794874 0.5809679487179488 0.2609959423076923 0.5806457948717948 0.26013747115384617 0.5838415705128205 0.2505781506410257 0.5796612628205128 0.24977570512820513 0.5796472564102564 0.24720028525641027 0.5892345865384616 0.23514958974358974 0.5898269294871795
17 0.22892611858974357 0.5784806314102564 0.2289681378205128 0.5760732980769231 0.23630220512820513 0.5697797884615385 0.2532095961538462 0.5668641442307693 0.25409608333333333 0.5620634743589743 0.2469581121794872 0.5571227403846154 0.23333053525641026 0.5560821794871794 0.23259812500000002 0.5520559423076923 0.21989905448717947 0.543807375 0.2200671346153846 0.5341780224358974 0.2192646891025641 0.534164016025641 0.21749171794871794 0.5437653525641025 0.20866481089743588 0.5436112788461538 0.19972585256410258 0.5498767756410257 0.19478511538461538 0.5570147467948718 0.19168738461538462 0.5505391538461538 0.18604225 0.5520459967948718 0.19396866346153846 0.5578031858974359 0.1954334871794872 0.5658556602564102 0.201741 0.5723872820512821 0.2153265576923077 0.5758351826923077 0.21994513461538462 0.5871534647435898 0.2319678205128205 0.5881660128205128 0.23371277884615382 0.5801695673076923 0.22892611858974357 0.5784806314102564
17 0.08473796153846154 0.5615153910256411 0.08791973397435897 0.5631763108974359 0.09678866025641025 0.5609230448717949 0.10170137820512822 0.5553899647435897 0.10798088141025641 0.5635264807692308 0.11050027243589743 0.5571489326923077 0.10902144230769231 0.5498989038461538 0.09481552884615385 0.5360051987179487 0.09321063782051282 0.5359771858974359 0.0835112532051282 0.5398213365384615 0.08242867307692309 0.5558562467948718 0.08473796153846154 0.5615153910256411
17 0.3022988685897436 0.5596940961538461 0.306297092948718 0.5605665801282051 0.30657722756410255 0.5445176570512821 0.3131088493589744 0.5382101442307692 0.32362468910256414 0.5335775544871796 0.31724714102564106 0.5310581634615384 0.3164587019230769 0.5302417115384616 0.30598488461538464 0.5324669615384615 0.2986648237179487 0.5379580224358974 0.29768028846153843 0.5483758108974359 0.3022988685897436 0.5596940961538461
17 0.02043023076923077 0.5668144198717949 0.024316397435897436 0.5741064679487179 0.025244903846153847 0.5668984615384616 0.022077141025641026 0.5644350961538461 0.024596532051282052 0.5580575448717949 0.018317032051282052 0.5499210352564103 0.017528596153846155 0.5491045801282051 0.007843214743589745 0.5521462820512821 0.006084249999999999 0.5609451762820513 0.010012439102564103 0.5658298846153846 0.02043023076923077 0.5668144198717949
17 0.20086445833333333 0.5306320769230769 0.19131914743589745 0.5256493205128205 0.18891181089743592 0.5256073012820512 0.18083132371794872 0.528677016025641 0.17833994230769232 0.533449673076923 0.17903033974358976 0.5398832467948718 0.19106702564102565 0.5400933493589744 0.1936004262820513 0.5329133557692308 0.20086445833333333 0.5306320769230769
17 0.03936677564102564 0.5856068397435897 0.03679135897435897 0.595194173076923 0.04145195833333334 0.6041051185897436 0.04789954166666666 0.6026122788461539 0.04552021794871795 0.6009653685897436 0.047983583333333336 0.5977976025641026 0.04337900641025641 0.5856768717948718 0.03936677564102564 0.5856068397435897
17 0.26649695192307693 0.5414099807692307 0.2721841057692308 0.5374958012820513 0.27238020192307694 0.5262615576923076 0.26686112500000003 0.5205463878205128 0.2612440032051282 0.5204483397435897 0.2523750737179487 0.5227016057692307 0.24908125 0.52746025 0.24891316987179488 0.5370896057692308 0.2536438076923077 0.5419883205128205 0.26649695192307693 0.5414099807692307
21 0.06651725641025641 0.5564576506410257 0.06704212820512821 0.5636145801282051 0.07184279807692308 0.5645010673076923 0.07113840064102564 0.5588699358974359 0.06651725641025641 0.5564576506410257
16 0.37716852243589744 0.5931085737179487 0.37961788141025643 0.5907432532051282 0.3838962371794872 0.5755668108974359 0.3825994967948718 0.5578849871794872 0.3802481858974359 0.5546331826923078 0.38110665705128205 0.5514374070512821 0.378783358974359 0.5465807115384615 0.3732362692307692 0.5424704358974359 0.35556845192307696 0.5429647307692308 0.34747395833333333 0.5468368942307692 0.3441521217948718 0.5532004358974358 0.3387450993589744 0.5410656987179487 0.3347889006410257 0.5377858782051282 0.3276089038461538 0.535252483974359 0.3219917820512821 0.5351544358974359 0.31229239743589743 0.5389985833333334 0.30821013141025644 0.5429407788461539 0.3057327628205128 0.5469109903846153 0.30550865705128205 0.559750125 0.3157863782051282 0.5687591153846154 0.32461328205128204 0.5689131923076923 0.331046858974359 0.5682228012820513 0.33349621474358976 0.5658574807692308 0.33508710256410257 0.5666879423076923 0.33824085897435896 0.5699537532051282 0.3411284871794872 0.5884660352564103 0.34899887179487177 0.5974330096153846 0.35861421794871795 0.5984035384615385 0.37716852243589744 0.5931085737179487
16 0.7049085288461538 0.48725531730769234 0.7402721794871795 0.4846618301282052 0.7483526666666667 0.4815921153846154 0.7485067403846154 0.47276521153846157 0.7398339102564103 0.4637842307692308 0.7181958814102564 0.4618011538461539 0.7149860961538461 0.4617451282051282 0.708538516025641 0.46323796794871797 0.700359983974359 0.47192480448717955 0.7002339230769231 0.4791468173076923 0.7049085288461538 0.48725531730769234
16 0.6718681762820513 0.49470550320512824 0.6791602243589744 0.4908193333333333 0.6793283044871795 0.48118998076923075 0.6706834871794872 0.470604108974359 0.6650663653846154 0.47050606410256407 0.6529596410256411 0.47430818910256406 0.6504822692307692 0.47827839743589745 0.6494837307692308 0.4894986346153847 0.6541863525641026 0.4960022467948718 0.6718681762820513 0.49470550320512824
16 0.5642843878205128 0.49603838141025636 0.5611726538461539 0.4903652307692308 0.544405326923077 0.4852564166666667 0.5419979903846154 0.4852143974358974 0.5363248397435897 0.4883261346153846 0.5202479070512821 0.4896508878205128 0.5177285128205128 0.4960284358974359 0.518418907051282 0.5024620128205128 0.5247404262820512 0.5081911891025641 0.5237839070512821 0.5170040865384615 0.5260651826923077 0.5242681185897435 0.5395666987179487 0.5325306923076923 0.550040516025641 0.5303054423076923 0.5566001506410256 0.5223930384615384 0.5560358205128205 0.508737451923077 0.5473629903846154 0.49975647115384614 0.560202125 0.4999805801282052 0.5642843878205128 0.49603838141025636