22 0.7519223461538461 0.7864174230769231 0.7552183974358975 0.7950344326923078 0.7649665769230769 0.806165733974359 0.7651905288461538 0.8091165224358975 0.7686576570512821 0.8128345608974359 0.7744679935897436 0.8149994423076924 0.7825873301282051 0.8165909615384616 0.8011163429487179 0.8103710801282051 0.8375709391025641 0.787119358974359 0.8434082371794872 0.7791482884615385 0.8479702499999999 0.7515128878205128 0.8533181698717949 0.729463875 0.8543249230769231 0.7193621346153847 0.8496737532051282 0.693366983974359 0.8493741121794872 0.683219625 0.8459982275641025 0.6768888012820512 0.8361816153846154 0.6677170897435898 0.8138785801282051 0.6509154198717949 0.8055466955128205 0.6460465128205127 0.7623755865384616 0.6275351217948718 0.7500332820512821 0.6251421378205128 0.7191049391025641 0.6306020288461539 0.712458923076923 0.6336399102564102 0.7088891506410256 0.6328612564102564 0.7050954294871795 0.6291318173076923 0.7053577435897436 0.6216200576923077 0.7030186762820513 0.6136904551282051 0.6999009615384616 0.609330625 0.6924462275641026 0.6074353205128206 0.6890931506410256 0.600451298076923 0.6854891634615384 0.600652439102564 0.67940925 0.5968431602564103 0.6760675833333334 0.5895325448717949 0.6709788685897435 0.5854308846153846 0.6551694391025641 0.5793198621794872 0.6515768557692307 0.579194407051282 0.6458878269230769 0.582919701923077 0.6446042435897436 0.5822208846153847 0.6431723942307693 0.5857678461538461 0.637133951923077 0.5901349326923077 0.6336170608974359 0.5972060448717948 0.6266216314102564 0.6008857147435898 0.6230518621794872 0.6001070641025641 0.6249658301282052 0.6014818878205128 0.6177951826923077 0.6195432916666667 0.6083881153846153 0.6267357115384615 0.6046431185897436 0.6403387916666667 0.5934361282051283 0.6428904038461538 0.591077358974359 0.6542529102564102 0.5883277147435897 0.6580808525641025 0.5777511121794872 0.6613084711538461 0.5766873333333333 0.6730432019230769 0.5704093846153846 0.6842688493589744 0.5700029551282052 0.6865436346153846 0.5781751666666667 0.6959849198717949 0.5882084743589743 0.6989512628205128 0.5938591410256411 0.705688516025641 0.601944266025641 0.7082598333333333 0.603273467948718 0.7076522564102564 0.6776227916666666 0.741640266025641 0.6843330897435898 0.746125548076923 0.6874622147435898 0.7501587788461539 0.6910433878205128 0.7506108333333333 0.7147098397435898 0.7658251346153846 0.7237291378205128 0.7697370544871794 0.7317002115384615 0.7755743557692307 0.7519223461538461 0.7864174230769231
22 0.5846304198717949 0.6141341987179487 0.5891157051282051 0.6074238974358974 0.5931603397435897 0.6039681794871795 0.5956746314102563 0.597516048076923 0.6016788557692307 0.5941287564102564 0.6110558557692308 0.5784333782051282 0.6163498589743589 0.5766562692307692 0.616498125 0.5724104903846153 0.6099775673076924 0.5718557916666667 0.5921929903846154 0.5754856955128205 0.5881753141025641 0.5688054647435897 0.5882779583333333 0.5658660801282052 0.5849819102564102 0.5572490673076923 0.5771362948717949 0.547819185897436 0.5592345608974358 0.5360761634615384 0.555968576923077 0.5359621121794872 0.5532116730769231 0.530633891025641 0.5389554006410257 0.5268660865384616 0.5249116730769231 0.5263756666666667 0.5104615096153846 0.5281600352564103 0.49818348397435896 0.533290217948718 0.4961098461538461 0.5364877692307692 0.4992161602564102 0.5411741987179487 0.47500122435897435 0.5697582852564103 0.47097939743589745 0.5725608076923077 0.4698969551282052 0.5754659807692308 0.47072018910256413 0.5987114839743589 0.4687336410256411 0.6087790096153847 0.4692043557692308 0.6140273910256411 0.48674527564102565 0.6267388044871794 0.4947961826923077 0.6302899166666667 0.5004240416666667 0.6376803685897436 0.5046013878205128 0.6397882243589743 0.5102976762820512 0.6452190865384616 0.5314311794871794 0.6580559583333333 0.5377578525641026 0.6641628333333334 0.5477113269230769 0.6694153621794872 0.5772244134615385 0.6295714102564103 0.5809580032051281 0.6162949294871795 0.5846304198717949 0.6141341987179487
18 0.4621944198717948 0.5993947500000001 0.4584463141025641 0.5943589134615385 0.46276052243589744 0.5925475865384615 0.4665241794871795 0.5877740673076923 0.4653204326923077 0.584789064102564 0.4674168846153846 0.5809383141025641 0.4656169647435897 0.5762975096153846 0.4664070192307692 0.5724011378205128 0.46881866346153844 0.5688883942307692 0.4734594711538462 0.5670884743589744 0.473865907051282 0.5648136923076923 0.4716595512820513 0.5624476666666667 0.4830459134615385 0.5360315673076923 0.48674114102564103 0.5332176378205128 0.48897030128205127 0.5349304679487179 0.48854106089743593 0.5378584455128205 0.48981323717948716 0.538883858974359 0.49126789743589744 0.5346837019230769 0.4969113076923077 0.5322648044871795 0.4990191634615385 0.5280874519230769 0.5053157724358974 0.5256913653846154 0.5051146314102564 0.5220873782051283 0.5071540576923077 0.5198696185897436 0.4931144743589744 0.5098964455128205 0.4860433653846154 0.5063795512820513 0.486100391025641 0.504746560897436 0.4822838557692308 0.5016703141025641 0.47162016346153846 0.49802796474358973 0.4702266762820513 0.491112375 0.4669720993589743 0.4906717243589743 0.46485283653846154 0.4951756698717949 0.4615526378205128 0.49604141666666673 0.46126025641025636 0.49505021474358973 0.4566536666666667 0.49587033974358974 0.4495255256410256 0.4939864391025641 0.44547363461538464 0.48828599679487183 0.4437307435897436 0.482012201923077 0.43991420833333333 0.47893595833333336 0.433439266025641 0.4770748653846154 0.4298052147435898 0.4687730448717949 0.42257443269230766 0.4698285256410256 0.4173944775641026 0.46833965384615384 0.4158299166666667 0.4663230352564102 0.3884184679487179 0.4647118173076923 0.3765012596153846 0.468873608974359 0.3707054358974359 0.4850210448717949 0.36672922756410253 0.4865171762820513 0.364959375 0.4903793269230769 0.36270740384615385 0.4893196987179487 0.3596653717948718 0.49215643910256407 0.35540403846153845 0.5018175256410257 0.35006441666666666 0.5049010256410257 0.34254850961538463 0.5141214679487179 0.34116227884615385 0.5163620384615384 0.34222916666666664 0.5232662211538461 0.35087624358974356 0.5284731314102563 0.36411436217948717 0.5426692756410256 0.40725851282051284 0.5713166185897436 0.4123016025641026 0.5767246698717948 0.42650085576923075 0.5821254679487179 0.4292349487179487 0.5881068814102565 0.43534907692307695 0.5909363685897436 0.44521130448717944 0.5988016858974359 0.45392681410256414 0.6020490064102564 0.456448358974359 0.6047530320512821 0.45808135256410254 0.6048100576923077 0.4621944198717948 0.5993947500000001
18 0.967815233974359 0.7936295705128205 0.9563728878205129 0.7935569903846154 0.9475505865384616 0.802731810897436 0.9418957660256411 0.8054773108974359 0.9354394903846154 0.8124457756410256 0.9279308365384616 0.8308223750000001 0.9271024134615384 0.8451812948717949 0.9296125576923077 0.8482119198717948 0.9877470544871795 0.8502420192307693 0.9900166602564102 0.7852489551282051 0.9752969294871795 0.7853889262820513 0.9747121602564102 0.7834065256410256 0.977587266025641 0.7759860064102564 0.9750771217948718 0.7729553814102564 0.9714503301282053 0.7738097179487179 0.9738806346153845 0.779126532051282 0.9738065 0.781249423076923 0.9697333525641025 0.7855216378205129 0.9718712756410256 0.7898472532051282 0.967815233974359 0.7936295705128205
16 0.4562472179487179 0.6011490448717949 0.46540337499999995 0.6011417884615385 0.46940239102564096 0.5989924615384615 0.4683209903846154 0.5737759647435897 0.4786777884615384 0.5581147948717948 0.4773713974358974 0.5580691762820512 0.47551445192307695 0.5550613621794872 0.47164089102564105 0.5536181089743589 0.4692904198717949 0.5460151057692308 0.4783024615384615 0.5407708717948718 0.48566595512820515 0.545278967948718 0.48958513782051283 0.5454158269230769 0.4958174647435898 0.5354965673076924 0.4995355032051282 0.5320294455128205 0.5091437115384615 0.5284410096153846 0.5115553557692307 0.524928266025641 0.5091820769230769 0.5179784583333333 0.4968097051282051 0.507082516025641 0.4881512211538461 0.5022022019230769 0.4704050096153847 0.4953695576923077 0.45112430448717955 0.49502325641025646 0.4469355512820513 0.493242 0.441960891025641 0.4858743557692308 0.419623641025641 0.4700524807692308 0.3863904487179487 0.46660297435897435 0.38074703525641024 0.469021875 0.3738044903846154 0.4805513141025641 0.36336059935897436 0.48934250961538456 0.35815368910256407 0.49798958653846154 0.34866678525641026 0.5074681955128205 0.34450809615384614 0.5141898974358974 0.342692625 0.5193584455128205 0.3465091602564102 0.5224346923076923 0.34802810256410255 0.5257577019230769 0.35822833653846153 0.533307826923077 0.3632714262820513 0.5387158782051282 0.3671221762820513 0.5408123301282052 0.3752415128205128 0.5424038493589743 0.38392280448717947 0.546630967948718 0.3851721762820513 0.5483095769230769 0.3843593076923077 0.552859141025641 0.44274678525641026 0.5944646634615385 0.44535957051282055 0.5945559038461539 0.4459557403846154 0.5962117083333334 0.4562472179487179 0.6011490448717949
16 0.2023071858974359 0.5504257019230769 0.1929001185897436 0.5576181217948718 0.18671341346153847 0.5662309839743589 0.18638266666666667 0.5757023365384615 0.19022926602564103 0.5872815416666667 0.19466478205128204 0.5913603942307692 0.20144351282051282 0.5938860865384615 0.21713163461538462 0.5941069294871796 0.22343964743589745 0.5913842435897436 0.23120232051282052 0.5844613974358974 0.23519408012820514 0.5731559134615385 0.23546780128205128 0.5653175544871795 0.23316295192307693 0.5564081602564103 0.22583367307692306 0.5509202692307692 0.2170725416666667 0.5489793397435897 0.2072631891025641 0.5489637884615385 0.2023071858974359 0.5504257019230769
16 0.8405819006410257 0.4948895576923077 0.8350826089743589 0.5025454391025641 0.8345621249999999 0.508086201923077 0.8385113685897435 0.5167260256410257 0.8423165 0.5201288717948718 0.851719419871795 0.522419205128205 0.858589391025641 0.5223321153846154 0.8652240032051282 0.5196208301282051 0.8700130769230768 0.5135751346153846 0.872189358974359 0.5074381987179487 0.8720338397435898 0.5025278173076924 0.8698845096153847 0.4985288012820513 0.8664287884615385 0.4944841666666666 0.8593804871794871 0.49031407692307694 0.8492445352564102 0.4902871153846154 0.8405819006410257 0.4948895576923077
16 0.821772951923077 0.4716699711538462 0.8226386987179487 0.4749701698717949 0.825464032051282 0.47833880128205125 0.831612375 0.48018848717948714 0.8394507371794873 0.48046220833333336 0.8447447371794872 0.47868509935897435 0.8481703910256411 0.4742267756410256 0.8482429711538462 0.4627844294871795 0.8431884743589743 0.45770297435897433 0.8373553237179487 0.45619128846153845 0.8298207532051282 0.4565821666666666 0.8254951378205129 0.4587200929487179 0.8227340865384616 0.46287462820512826 0.821772951923077 0.4716699711538462
16 0.709780842948718 0.4481393269230769 0.7162599326923077 0.4405176634615384 0.7160587884615385 0.4369136794871795 0.7091473493589744 0.42882440705128205 0.7039331794871795 0.4283153269230769 0.6996417820512821 0.4294734551282052 0.6941652948717949 0.4364761346153846 0.694005625 0.44104851282051283 0.6980461153846154 0.4470755448717949 0.7012664743589744 0.44849599358974357 0.709780842948718 0.4481393269230769
16 0.9998592307692308 0.5033946153846154 0.9943640865384616 0.5015677371794872 0.9926854743589744 0.5028171057692308 0.9881130993589744 0.5026574326923077 0.9870762788461539 0.5042562115384615 0.9856102115384615 0.5087829679487179 0.9874215384615385 0.5130971762820513 0.9915646698717949 0.5161848269230769 0.9993117884615385 0.5190713365384615 0.9998592307692308 0.5033946153846154
16 0.3642916666666667 0.47204420192307694 0.3707023237179487 0.4663821282051282 0.3769004358974359 0.4574426666666667 0.3766536730769231 0.455145076923077 0.37185734615384614 0.45203461538461537 0.36503299358974356 0.45081531089743593 0.3365961314102564 0.4504762692307692 0.3212076474358974 0.46040278205128204 0.3157425673076923 0.4670788653846154 0.3118534551282051 0.47544496474358977 0.31148434294871796 0.4953788685897436 0.31372076602564103 0.5062478525641025 0.3149473237179487 0.5085796602564102 0.3203626314102564 0.5126927243589743 0.3271983878205128 0.5135854294871794 0.33152400000000004 0.5114475096153845 0.3330584935897436 0.5049611602564102 0.336427125 0.5021358269230769 0.33821978846153844 0.49762047756410255 0.34125041346153845 0.49511033653846154 0.3465330096153846 0.49365982692307686 0.3516943012820513 0.486319141025641 0.35634651282051283 0.48419262179487177 0.3642916666666667 0.47204420192307694
16 0.9315161602564103 0.821791673076923 0.9273875416666667 0.8370163365384615 0.9266731730769231 0.8481092724358975 0.9877470544871795 0.8502420192307693 0.9901763333333334 0.7806765801282051 0.9783845801282052 0.7812457948717948 0.9756577435897436 0.7844205352564102 0.9690573461538461 0.7861520256410257 0.9683243108974359 0.7884154038461538 0.9640671282051283 0.788593733974359 0.9616098653846153 0.793412875 0.9540410801282052 0.7947835480769231 0.9489025993589744 0.8014710352564103 0.9428869679487178 0.8051849262820513 0.9354280865384615 0.812772375 0.9315161602564103 0.821791673076923
17 0.6575147051282051 0.7275312147435897 0.6609476153846153 0.7322290480769231 0.6805051506410257 0.7433759038461538 0.6859204615384615 0.7474889679487179 0.6874622147435898 0.7501587788461539 0.7028880192307693 0.7578913878205128 0.7127616570512821 0.7654301057692308 0.7211505673076923 0.7686660224358974 0.7274658365384615 0.7750994903846153 0.7368801602564102 0.7770632307692308 0.7425308301282052 0.783800483974359 0.7493209647435898 0.7859995833333333 0.7537336698717949 0.7907316282051282 0.7542386025641026 0.7950002179487179 0.7582334679487179 0.8023336474358975 0.7590649967948718 0.806613641025641 0.7682854358974359 0.8141295480769231 0.7822493301282051 0.8169061538461538 0.8014429423076923 0.810382483974359 0.8355429198717949 0.7890105192307691 0.8437576442307693 0.7785064967948718 0.854199467948718 0.7229547179487179 0.8502471121794872 0.6956759807692308 0.8497463301282051 0.6819246378205128 0.8463704455128206 0.6755938141025641 0.8145545897435897 0.650285032051282 0.7968882147435897 0.6411661987179488 0.7900866730769232 0.6392937019230769 0.7624098012820513 0.6265553269230769 0.7487611025641026 0.6241167243589744 0.7306271217948718 0.6283884198717948 0.7182163846153846 0.6279550288461538 0.7138337467948718 0.631725939102564 0.7099145673076923 0.6315890801282051 0.709364016025641 0.6286268846153846 0.7071576602564102 0.6262608589743589 0.7088704871794872 0.6240316987179487 0.7057299647435897 0.620325064102564 0.7031213237179487 0.6107510705128205 0.7012415705128205 0.6083964519230769 0.690141375 0.598525923076923 0.6798156858974359 0.5945683814102564 0.6773739743589743 0.5895781634615385 0.6713282788461539 0.584789092948718 0.6577822243589743 0.5794111025641026 0.6519604807692307 0.5775728205128206 0.6470044807692308 0.5790347371794872 0.6285013878205128 0.6032403365384615 0.6224743525641026 0.6072808237179488 0.6206132596153846 0.6137557628205128 0.6133783269230769 0.6242940032051282 0.6110351153846154 0.625847157051282 0.6036747243589744 0.6399779775641026 0.5934890064102564 0.6507401666666667 0.5892961025641026 0.6584416666666666 0.5814421891025641 0.6679772980769231 0.5787723782051282 0.6695190480769231 0.5755478685897436 0.6775813621794872 0.5710625833333334 0.6842916602564103 0.5712523237179488 0.6882222435897436 0.5781751666666667 0.6959849198717949 0.5888502660256411 0.6993006698717948 0.601932858974359 0.7085864326923077 0.6039836923076923 0.7060420737179487 0.6052828269230769 0.6969315384615385 0.6176023237179488 0.6999777179487179 0.6173628173076923 0.706836282051282 0.6296480961538462 0.7108622564102565 0.6317403974358974 0.7164942596153846 0.6401977403846154 0.7177705897435898 0.6440484871794872 0.7198670384615384 0.6457913846153845 0.7261408365384615 0.6575147051282051 0.7275312147435897
17 0.8290980737179487 0.5896445384615385 0.8277989358974358 0.598755076923077 0.8309239070512822 0.6122710673076923 0.8430153044871795 0.6218492115384615 0.8550424166666667 0.6239041891025641 0.8658429711538462 0.623627358974359 0.8705293974358974 0.6205210480769231 0.876670483974359 0.6132145769230769 0.8803014294871795 0.602877483974359 0.8803968173076923 0.590781939102564 0.8774045544871795 0.5828295288461539 0.8719892467948719 0.5787164647435897 0.8460096442307693 0.5735582788461538 0.8370318205128205 0.577822717948718 0.8290980737179487 0.5896445384615385
17 0.702913967948718 0.5698692564102564 0.6936893782051282 0.5718361025641026 0.6947334551282051 0.579393483974359 0.7166715288461538 0.6066463012820513 0.7211868782051283 0.6084389647435897 0.7304114679487179 0.6064721153846154 0.7381668814102564 0.5903931121794872 0.7383493621794872 0.5851675384615385 0.7376090737179487 0.5782747596153847 0.7330294423076923 0.5689589326923077 0.7295623141025641 0.5652408942307692 0.7186062371794872 0.560607342948718 0.7075018974358974 0.5602195737179487 0.7044940833333333 0.562076516025641 0.7050218205128205 0.5656919070512821 0.702913967948718 0.5698692564102564
17 0 0.6155578621794872 0.007465884615384616 0.6145799519230769 0.021331278846153847 0.6108131891025641 0.026234403846153845 0.6015015064102565 0.027814516025641025 0.593708766025641 0.026918705128205128 0.581905608974359 0.022654266025641027 0.5729277852564102 0.009480432692307693 0.5662548076923077 0.0009888782051282051 0.5659582756410256 0 0.566102625 0 0.6155578621794872
17 0.9022727019230768 0.4512643269230769 0.9037688333333335 0.45524053525641023 0.9079119647435897 0.45832818589743585 0.912450125 0.4594676506410256 0.9199732916666667 0.4594033653846154 0.9236229006410256 0.4578958333333333 0.928434782051282 0.45119693910256414 0.9279526602564102 0.4462751538461539 0.9254767371794872 0.44226473397435895 0.9184056217948717 0.4387478397435898 0.9092266538461539 0.4394082916666666 0.9048554198717949 0.442852608974359 0.902420967948718 0.44701854807692304 0.9022727019230768 0.4512643269230769
17 0.750886608974359 0.45088275641025644 0.7534237083333333 0.4437774294871795 0.753629 0.43789866346153844 0.7517834583333334 0.4345642467948718 0.7472681057692308 0.43277158653846154 0.7367941506410256 0.43305982051282055 0.7307443076923077 0.4377535032051282 0.7311009711538461 0.4462678717948718 0.7335312788461539 0.45158468269230767 0.7462343974358975 0.45300927564102567 0.750886608974359 0.45088275641025644
17 0.848148625 0.44675830128205124 0.855751625 0.4444078301282052 0.8578252628205129 0.4412102788461539 0.8574685993589742 0.43269591346153846 0.8517609070512819 0.4275916474358974 0.8409831634615385 0.42721527884615385 0.8365777147435898 0.43163939102564103 0.8352557660256411 0.4414031217948718 0.837439310897436 0.44442234294871796 0.8432496474358974 0.4465872243589744 0.848148625 0.44675830128205124
17 0.7812343333333334 0.4339577115384615 0.7936108525641026 0.43537089743589746 0.7965730480769231 0.43482034935897435 0.7989390705128205 0.43261399358974356 0.7995051762820513 0.4257668365384616 0.7960950769230769 0.42041580769230774 0.7928861185897436 0.4186687628205128 0.785723766025641 0.417764657051282 0.7803727371794872 0.42117475641025637 0.7789408878205129 0.4247217179487179 0.7790964134615385 0.4296320993589744 0.7812343333333334 0.4339577115384615
17 0.8472745833333334 0.4624236153846154 0.8495566217948718 0.4719862083333333 0.8535784455128206 0.46918367948717954 0.8551015352564102 0.4630239358974359 0.8521320833333333 0.4544183269230769 0.8438001987179488 0.4495494198717949 0.8335501955128205 0.4527884455128205 0.8318487724358974 0.4546910096153846 0.8327601410256411 0.45668481410256406 0.8405870929487179 0.45728513461538467 0.8472745833333334 0.4624236153846154
17 1 0.4508589455128205 0.9964584711538461 0.45095640705128204 0.9909591762820512 0.45861228525641023 0.9905641474358975 0.4605604679487179 0.9927248814102564 0.46423288461538464 1 0.45983064423076925 1 0.4508589455128205
17 0.5478025673076923 0.666802576923077 0.5486154326923077 0.6622530096153846 0.5510498878205128 0.6580870673076923 0.5511867500000001 0.6541678878205128 0.5588239647435898 0.650837625 0.562542 0.6473704967948718 0.5708707788461539 0.6336004935897436 0.5748926057692307 0.6307979679487179 0.5836278141025641 0.6147531794871794 0.5866356282051282 0.6128962371794872 0.5956404166666667 0.5984958429487179 0.6006876538461539 0.594421141025641 0.6107064487179488 0.5790751666666666 0.6137370737179487 0.5765650256410256 0.6138739326923077 0.5726458493589743 0.609650967948718 0.5718443846153846 0.5922157980769232 0.5748325 0.5888171057692307 0.5691548685897436 0.5846553108974358 0.5572376602564102 0.5778008974358974 0.5475153974358974 0.5716867692307692 0.5446859166666667 0.5698070128205128 0.5423312980769232 0.5600888974358974 0.5397029583333334 0.5483199551282052 0.5396189743589743 0.540876625 0.5373970673076923 0.5387615128205129 0.5324182596153846 0.5395857852564102 0.5275420929487179 0.5386402051282051 0.5265280801282051 0.5255648685897436 0.5263984775641025 0.5074879102564103 0.5290371826923076 0.5005495096153846 0.5310838653846154 0.4988366826923077 0.5333130288461538 0.49873403846153846 0.5362524134615385 0.5120675416666667 0.5383530128205128 0.5118238878205128 0.5546943301282051 0.5130846602564103 0.5560463429487179 0.5119109807692308 0.5615643012820514 0.5092981923076924 0.5614730608974359 0.5059637820512821 0.5633185993589743 0.4994204102564102 0.5634170961538462 0.4934006314102564 0.5766137403846154 0.4878142435897436 0.5773996506410257 0.47781515064102564 0.5734535128205128 0.4729275801282051 0.5729558365384616 0.47059577564102567 0.5741823942307692 0.46949052243589745 0.5777407628205129 0.4691970993589744 0.6048712307692308 0.4677424423076923 0.6090713878205128 0.4685397532051282 0.6143311794871794 0.47879701282051285 0.6202483108974359 0.4851350929487179 0.6260285865384615 0.4947733717948718 0.6309431121794872 0.49813785256410253 0.6376005320512821 0.5033064006410256 0.6394160064102564 0.5115584487179488 0.6465711025641026 0.5301475929487179 0.6573571442307692 0.5346743493589744 0.6588232083333333 0.5377692564102564 0.663836233974359 0.5458315705128205 0.6670607467948718 0.5478025673076923 0.666802576923077
18 0.37731827564102566 0.4548412884615385 0.3757537147435897 0.45282466987179487 0.36148603525641027 0.44938346474358976 0.3493676826923077 0.44994127243589743 0.34288133653846153 0.44840677564102566 0.3366189423076923 0.4498230705128205 0.3202392564102564 0.460041967948718 0.3108622532051282 0.4757373493589743 0.3105729807692308 0.4933850641025641 0.3079259807692308 0.4942736153846154 0.3102194230769231 0.503509608974359 0.31842585256410255 0.5119710993589743 0.3238867852564103 0.5147777724358975 0.3291009519230769 0.5152868525641026 0.3307567532051282 0.5146906794871795 0.3321771955128205 0.5114703173076923 0.3553210993589744 0.4854648012820512 0.35998471474358973 0.4830116858974359 0.36148499358974356 0.47750513461538463 0.3656664903846154 0.470130233974359 0.3743747435897436 0.4642213974358974 0.37731827564102566 0.4548412884615385
11 0.6106950576923077 0.4763978429487179 0.6065975448717948 0.47200380128205127 0.5774888237179487 0.46281238461538465 0.5587856282051282 0.455292326923077 0.558584483974359 0.45168833974358974 0.5599365 0.4504275673076923 0.5590479455128204 0.44778056730769233 0.5554667692307692 0.44732851282051284 0.5379403621794872 0.4529294134615384 0.5344918974358974 0.4580409326923077 0.5353918589743589 0.4603613397435897 0.5376438301282052 0.461420967948718 0.5696577211538462 0.47169482051282047 0.5809175865384615 0.47699297435897436 0.5791819487179487 0.4798753333333333 0.5335566826923077 0.4848219967948718 0.5289500897435898 0.4856421185897436 0.5265840673076924 0.4878484743589743 0.5375287371794872 0.49280862179487184 0.542742907051282 0.4933176987179487 0.5999017596153846 0.4858308333333333 0.6074819487179487 0.48413355769230765 0.6108505801282051 0.4813082243589744 0.6106950576923077 0.4763978429487179
8 0.14544280128205128 0.5026604326923076 0.16455657692307693 0.4984229519230769 0.1672492019230769 0.4962280032051282 0.17120259294871795 0.4953850673076923 0.1719128173076923 0.493774891025641 0.16845709615384616 0.4897302532051282 0.1648116378205128 0.48175503205128206 0.16443216346153847 0.47389386217948715 0.1651123173076923 0.4637807211538462 0.1678049391025641 0.4615857756410256 0.1696318173076923 0.45609062499999997 0.16793973397435896 0.4109060096153846 0.1630158782051282 0.3646275480769231 0.1611941923076923 0.3325182692307692 0.16228078205128207 0.32013034294871795 0.1660371826923077 0.30620066346153846 0.16446121794871796 0.30451064743589745 0.15763686538461538 0.3032913461538462 0.1371067948717949 0.3012664358974359 0.11521330128205129 0.30082889423076925 0.10500891987179486 0.30276152564102565 0.10457967307692308 0.3056895032051282 0.1103630544871795 0.31799033653846154 0.11140713141025642 0.32554771794871795 0.11476020833333334 0.3325317403846154 0.1167270512820513 0.34175633012820517 0.11944870192307692 0.3761860096153846 0.12163189423076923 0.3885792307692308 0.12193499038461539 0.4079915032051282 0.13100197435897437 0.45735761858974355 0.13036744230769232 0.4661643653846154 0.13193925641025642 0.47733713782051285 0.12962196153846153 0.49687601282051286 0.1333244487179487 0.5032182371794871 0.14544280128205128 0.5026604326923076
8 0.7123490608974359 0.31841136858974356 0.7145357115384616 0.3400695 0.7127503076923077 0.3537410096153846 0.7030228525641026 0.39819985256410256 0.701331798076923 0.4278974871794872 0.7019507788461539 0.42890009615384617 0.7058927692307692 0.4283837564102564 0.7157778108974359 0.4355958782051282 0.7190666025641026 0.43505673397435896 0.7217592243589743 0.4328617852564102 0.7200961698717949 0.4243017980769231 0.7301906474358975 0.41615239743589744 0.7312502756410256 0.4139004198717949 0.7382923653846154 0.38079268589743587 0.7406252147435897 0.3514444583333333 0.7494444102564103 0.32363072435897433 0.7495812724358974 0.3197115448717949 0.7123490608974359 0.31841136858974356
9 0.9949892692307691 0.6428520929487179 0.9914195 0.6420734423076923 0.9866801955128205 0.6373299903846154 0.982749608974359 0.6375197243589743 0.9744063205128205 0.6329774166666667 0.9533485064102564 0.6273371121794872 0.9384162243589744 0.6241996923076923 0.9302284551282051 0.624567766025641 0.8829629423076923 0.6203012403846154 0.8802817243589743 0.622169592948718 0.8757777788461538 0.6200503301282051 0.868748141025641 0.6247097980769231 0.868972092948718 0.6276605897435897 0.8714480192307692 0.6316710096153846 0.8806342435897435 0.6401667147435897 0.9161038525641026 0.6544852051282052 0.9245611923076924 0.6557615320512821 0.9279070128205128 0.6535893942307692 0.9304741762820513 0.6549870288461539 0.9357795865384616 0.6528833205128206 0.9429191282051281 0.654440625 0.9687203942307693 0.655341625 0.975533342948718 0.6568875224358974 0.9837439166666667 0.6558662564102564 0.9944646378205128 0.6578756153846154 0.9949892692307691 0.6428520929487179
10 0.9728759743589743 0.6299810064102564 0.9858030448717949 0.634356391025641 0.9952629903846155 0.6350137339743589 0.9961411826923077 0.6098656634615385 0.9725991474358975 0.6191804519230769 0.9716494166666667 0.6276491987179487 0.9728759743589743 0.6299810064102564
10 1 0.4849054006410256 0.9888886442307692 0.48044875000000004 0.9843048621794872 0.4806156794871795 0.981297048076923 0.48247262179487177 0.9781979903846153 0.4869423525641026 0.9763711121794872 0.49243750000000003 0.9764582051282051 0.49930746794871794 0.9841711089743591 0.5031737724358974 0.9864987692307693 0.5114299711538461 0.9931862564102565 0.5165684487179487 0.9993117884615385 0.5190713365384615 1 0.49936356089743594 1 0.4849054006410256
5 0.849288048076923 0.7512319070512821 0.8479660993589744 0.7609956442307693 0.8508826762820513 0.761751483974359 0.865165907051282 0.7553833397435897 0.8958744455128206 0.7374899006410256 0.9008418525641025 0.735701391025641 0.9106626121794872 0.735390342948718 0.907206891025641 0.7313457083333333 0.9035914967948718 0.7318734487179487 0.9014421730769231 0.727874435897436 0.8969496314102563 0.7254285737179488 0.8857882628205129 0.726673794871795 0.8804030192307692 0.7310636891025641 0.8537847371794871 0.7441950128205128 0.849288048076923 0.7512319070512821
5 0.9240645480769231 0.7355313525641025 0.917407125 0.7388958333333334 0.9098611474358975 0.7396133108974359 0.8870708044871796 0.755494282051282 0.8814387980769232 0.7575865833333334 0.8773713525641026 0.7616955000000001 0.8704215480769231 0.7640687788461538 0.8617018910256411 0.7703042147435897 0.8551014967948719 0.7720357051282051 0.8480946634615384 0.7760419775641026 0.840217939102564 0.7862308044871795 0.8391583108974359 0.7884827788461539 0.8413646634615386 0.7908488012820513 0.8455306057692307 0.7932832564102564 0.849111782051282 0.7937353076923077 0.868149875 0.7823012596153845 0.889451342948718 0.7716002435897436 0.9121846602564102 0.757352266025641 0.9297909038461538 0.7494651794871795 0.9339796538461539 0.7512464358974359 0.9384193173076923 0.745842532051282 0.938240983974359 0.7415853493589744 0.9416096153846153 0.738760016025641 0.9384462756410256 0.7357065801282052 0.9240645480769231 0.7355313525641025
5 0.9617239294871794 0.687142967948718 0.9393970480769231 0.6991161634615385 0.9366930192307692 0.7016377083333334 0.9374447147435898 0.708203891025641 0.9413182724358975 0.7096471442307692 0.9462286538461538 0.7094916217948718 0.9546217083333334 0.703244782051282 0.9776474134615386 0.6899880064102565 0.978809689102564 0.6847966474358974 0.9818289070512821 0.6826131057692307 0.9890026666666666 0.6831906121794872 0.9936206634615383 0.682043891025641 0.9941909166666667 0.6657139743589744 0.992557923076923 0.6656569487179487 0.9686623333333333 0.6850962884615385 0.9617239294871794 0.687142967948718
5 0.9930618141025641 0.6980472083333333 0.9777873814102563 0.7047077371794871 0.9640432948717947 0.7143646762820512 0.9642102211538462 0.7189484583333333 0.969390173076923 0.7204373333333333 0.9759563557692308 0.719685641025641 0.985598782051282 0.7151174102564103 0.9926056121794872 0.7111111410256411 0.9930618141025641 0.6980472083333333
5 0.7041311602564102 0.825296092948718 0.6921113044871795 0.8323972692307692 0.6818384871794871 0.8362894903846154 0.681397842948718 0.8395440705128205 0.7081789038461539 0.8404792852564102 0.7108943333333334 0.837631141025641 0.7102566923076923 0.8277989775641026 0.7061021538461539 0.8250379230769231 0.7041311602564102 0.825296092948718
7 0.24765458333333334 0.5628001570512821 0.2455581314102564 0.5666509038461539 0.2468075 0.568329516025641 0.24573646474358973 0.5709080865384616 0.2477033141025641 0.5801326762820513 0.24767220512820515 0.5997513846153846 0.2464871185897436 0.6055959423076923 0.24302724999999997 0.611034060897436 0.24290179487179486 0.614626641025641 0.2394989487179487 0.6184317692307693 0.23555281089743588 0.6284308621794872 0.2324537564102564 0.632900592948718 0.23126866987179484 0.6387451474358975 0.22676057692307694 0.646108641025641 0.22129134615384616 0.662267483974359 0.2207708621794872 0.66780825 0.22281339743589745 0.6842294038461539 0.22390309294871796 0.690480391025641 0.2255018717948718 0.6915172115384615 0.2547702628205128 0.69613625 0.2632618205128205 0.696432782051282 0.265593625 0.6952062243589744 0.2684645801282051 0.6972684615384616 0.276944733974359 0.6978915897435898 0.27926513461538466 0.6969916282051282 0.2811791057692308 0.6983664519230769 0.28641608333333335 0.6982223365384616 0.2985842051282051 0.6868753782051282 0.30056660256410256 0.6862906153846153 0.3165668141025641 0.6682105480769231 0.316342858974359 0.6652597596153846 0.3190468878205128 0.6627382115384616 0.31980273076923077 0.6598216346153846 0.31974259935897437 0.6428157147435898 0.3178742467948718 0.6401344967948718 0.31649216666666663 0.6328923108974359 0.317202391025641 0.6312821282051282 0.3153340416666667 0.6286009102564102 0.3133900032051282 0.618723125 0.31090267307692304 0.6150393044871796 0.3113889423076923 0.6104783333333333 0.30103007692307693 0.5793789134615385 0.3037911314102564 0.5752243782051283 0.3032177692307692 0.5729153782051282 0.30493059615384616 0.570686217948718 0.30197773717948717 0.5241495865384616 0.3024640064102564 0.5195886153846154 0.30612501923076924 0.5177544807692308 0.3112935673076923 0.5195699551282051 0.32437616025641025 0.5288557147435897 0.32688630128205126 0.5318863397435898 0.33297761858974356 0.5353690192307692 0.3641516826923077 0.560328391025641 0.4393812628205128 0.6159289134615386 0.44188 0.6192861378205128 0.46259566346153846 0.634724391025641 0.47878457051282053 0.6486965769230769 0.49124817948717947 0.6569797339743589 0.5029673557692308 0.6678528685897436 0.5138550032051282 0.6744460096153846 0.5160385448717949 0.6774652275641025 0.5262729935897436 0.6840355576923077 0.5415163205128205 0.6969937371794871 0.5514469807692307 0.7028994647435898 0.6153482692307692 0.7551614262820513 0.638665310897436 0.7710175160256411 0.6449919871794872 0.777124391025641 0.6755812852564103 0.8001013621794872 0.6812547628205129 0.8061854230769231 0.6870422948717948 0.8090035 0.6939879487179487 0.8161129775641026 0.7016894487179487 0.820305875 0.7028931955128205 0.8232908814102564 0.711247891025641 0.8275065929487179 0.7134542435897436 0.8298726153846153 0.7103551891025641 0.8343423461538462 0.7122121314102564 0.8373501634615383 0.7316939775641026 0.8413004487179487 0.9877470544871795 0.8502420192307693 0.9920695737179488 0.7264612628205128 0.9875542211538462 0.7246685993589743 0.9931530544871794 0.6954344198717949 0.993974217948718 0.6719193429487179 0.9900094198717949 0.673088875 0.9882737820512821 0.675971233974359 0.9847040096153845 0.6751925833333333 0.9797137948717949 0.6776342948717948 0.9371730737179488 0.6597989102564102 0.9228483653846155 0.6579906955128205 0.9147974615384615 0.6544395865384615 0.9132443044871795 0.6520963685897436 0.8941460801282051 0.6465244967948718 0.8858255993589744 0.6413289903846154 0.8612664455128205 0.6329504455128205 0.8613919006410257 0.6293578621794872 0.7831762756410257 0.6030827596153846 0.7651718942307693 0.5942791185897436 0.7590349583333333 0.5921028301282052 0.7420518461538461 0.5915097692307693 0.7054396602564103 0.5630905256410257 0.69705075 0.5598546089743589 0.6811200096153847 0.5478534166666666 0.6717969262820512 0.543276891025641 0.6537355224358975 0.5361062435897436 0.6430148044871795 0.5340968846153846 0.6232975993589743 0.5275224038461538 0.5833354455128206 0.5107580576923078 0.5581230961538461 0.5023567019230769 0.5371451153846154 0.49443020833333334 0.5297702147435898 0.4902487115384615 0.4822848942307692 0.4735486442307692 0.4758783878205128 0.4697279615384616 0.4690654423076923 0.46818206089743586 0.4626475256410256 0.4646879775641026 0.39973640064102567 0.4402553044871795 0.3892282275641025 0.44152333653846154 0.3843520641025641 0.44069906089743593 0.36179812179487175 0.4310825512820513 0.35528896474358973 0.4302012564102564 0.3166217980769231 0.4138091282051282 0.3130406217948718 0.4133570737179487 0.31165439423076924 0.4155976378205128 0.32229112820512823 0.4293759423076923 0.3194502435897436 0.43581666666666663 0.30430541346153844 0.42940185897435895 0.30242565705128205 0.4270472435897436 0.28623260256410255 0.42255780769230766 0.2827312628205128 0.41981956730769227 0.2818541121794872 0.4168459679487179 0.27900596794871796 0.4141305352564103 0.26821682051282053 0.414080766025641 0.26180616025641024 0.41974283653846156 0.2528511442307692 0.42335408333333335 0.24412008012820513 0.4299161153846154 0.23278764102564103 0.43606031089743585 0.22534015705128205 0.4433211602564103 0.22495653525641024 0.4449427467948718 0.2271628878205128 0.44730876602564107 0.24409623397435895 0.4586909807692307 0.2513342724358974 0.466791657051282 0.2488770064102564 0.47161079807692313 0.24969713141025643 0.4762173878205128 0.24480541346153847 0.4852024711538462 0.24369601282051284 0.49824359294871795 0.245226358974359 0.50124 0.24415532692307693 0.5038185737179487 0.24584119230769227 0.5117253621794872 0.2462351826923077 0.5378988493589744 0.24876398397435898 0.5497590320512821 0.24765458333333334 0.5628001570512821