11 0.1241412532051282 0.4990342435897435 0.24869983974358975 0.4990342435897435 0.24869983974358975 0.42492509294871794 0.1241412532051282 0.42492509294871794 0.1241412532051282 0.4990342435897435
10 0.00008828205128205128 0.35447565384615387 0.052512038461538464 0.35447565384615387 0.052512038461538464 0.31323970192307693 0.00008828205128205128 0.31323970192307693 0.00008828205128205128 0.35447565384615387
10 0.4113563397435897 0.3756594423076923 0.507070625 0.3756594423076923 0.507070625 0.3407557532051282 0.4113563397435897 0.3407557532051282 0.4113563397435897 0.3756594423076923
8 0.3996348301282051 0.3781554294871795 0.4074983942307692 0.35861289423076925 0.3988346698717949 0.34743793589743593 0.38750401282051283 0.3550382564102564 0.3802616378205128 0.3690430705128205 0.3831709455128205 0.37861690705128204 0.37716291987179484 0.3861811121794872 0.38278089743589744 0.3893913846153846 0.5229959871794871 0.38786008653846155 0.5342616378205128 0.38508721153846154 0.5387993589743589 0.3809884967948718 0.5352913333333333 0.3752316762820513 0.5327447820512821 0.35710005448717946 0.5296308173076922 0.35335687499999996 0.5195449423076922 0.35332477243589744 0.5147046538461538 0.3586217243589744 0.5195176570512821 0.3694636153846154 0.5206974326923076 0.3799266987179487 0.3996348301282051 0.3781554294871795
11 0.7029093108974359 0.5136490096153846 0.8635593910256409 0.5136490096153846 0.8635593910256409 0.435398608974359 0.7029093108974359 0.435398608974359 0.7029093108974359 0.5136490096153846
11 0.8184109134615384 0.3791064743589744 0.8481059391025642 0.3791064743589744 0.8481059391025642 0.35371321474358974 0.8184109134615384 0.35371321474358974 0.8184109134615384 0.3791064743589744
11 0.8426886025641025 0.3753705192307692 0.8635072243589744 0.3753705192307692 0.8635072243589744 0.3527300705128205 0.8426886025641025 0.3527300705128205 0.8426886025641025 0.3753705192307692
11 0.9228571442307691 0.3699852852564103 0.9391813814102564 0.3699852852564103 0.9391813814102564 0.3454989294871795 0.9228571442307691 0.3454989294871795 0.9228571442307691 0.3699852852564103
10 0.8215971121794872 0.35349250961538464 0.849863564102564 0.35349250961538464 0.849863564102564 0.3427300705128205 0.8215971121794872 0.3427300705128205 0.8215971121794872 0.35349250961538464
10 0.8553651698717949 0.3614419487179487 0.874570625 0.3614419487179487 0.874570625 0.344925092948718 0.8553651698717949 0.344925092948718 0.8553651698717949 0.3614419487179487
10 0.88867175 0.37059523717948717 0.9207664519230769 0.37059523717948717 0.9207664519230769 0.34336409935897433 0.88867175 0.34336409935897433 0.88867175 0.37059523717948717
3 0.802781701923077 0.2247461217948718 0.7955585865384616 0.2889515769230769 0.7899406089743589 0.3058055096153846 0.7859277692307692 0.34111851282051286 0.7867303365384616 0.361182717948718 0.7899406089743589 0.3635904230769231 0.8092022467948718 0.3635904230769231 0.8212407692307693 0.36038015064102563 0.8220433397435898 0.35074933012820514 0.8268587467948719 0.34192108012820516 0.8276613173076922 0.32185687500000004 0.8348844294871796 0.28333359935897434 0.8340818621794872 0.2720976442307692 0.8372921346153845 0.26647966987179483 0.8429101121794872 0.22233841666666665 0.8043868365384615 0.22233841666666665 0.802781701923077 0.2247461217948718
11 0.9408507211538463 0.37709202884615384 0.967929375 0.37709202884615384 0.967929375 0.3531754935897436 0.9408507211538463 0.3531754935897436 0.9408507211538463 0.37709202884615384
11 1 0.36018191666666666 0.9840770480769231 0.36018191666666666 0.9840770480769231 0.3883360096153846 1 0.3883360096153846 1 0.36018191666666666
10 1 0.4957156217948718 0.9317977532051281 0.4957156217948718 0.9317977532051281 0.5562212403846154 1 0.5562212403846154 1 0.4957156217948718
10 0.9499036923076923 0.34989700320512823 0.9813162115384616 0.34989700320512823 0.9813162115384616 0.32425494871794874 0.9499036923076923 0.32425494871794874 0.9499036923076923 0.34989700320512823
10 0.9702046538461538 0.38033440384615386 0.982861157051282 0.38033440384615386 0.982861157051282 0.35492509294871794 0.9702046538461538 0.35492509294871794 0.9702046538461538 0.38033440384615386
10 0.000004012820512820513 0.7907316762820512 0.035983147435897436 0.7907316762820512 0.035983147435897436 0.6974812724358974 0.000004012820512820513 0.6974812724358974 0.000004012820512820513 0.7907316762820512
3 0.08507223076923076 0.16666666666666666 0.03852327564102564 0.16746923397435895 0.07303370833333334 0.3464419487179487 0.08105939102564103 0.3592830384615384 0.09149277564102565 0.36490101602564107 0.10995184615384616 0.3673087211538461 0.12279293589743591 0.3528624935897436 0.08507223076923076 0.16666666666666666
5 0.2881219903846154 0.52059925 0.31059390064102566 0.571161048076923 0.3226324230769231 0.5888175480769231 0.33226324358974363 0.5952380961538462 0.5128410929487179 0.5133761378205127 0.5955056185897436 0.47164258974358975 0.6837881217948718 0.4178705192307692 0.6861958269230769 0.4066345641025641 0.673354733974359 0.39539860897435897 0.6452648461538462 0.3801498141025641 0.5882825032051282 0.36971642628205126 0.4422150897435897 0.4066345641025641 0.3715890865384615 0.4467629743589744 0.32664526602564103 0.47806313461538463 0.2881219903846154 0.52059925
4 0.5441412532051283 0.5703584807692307 0.5409309775641026 0.575173891025641 0.5337078653846153 0.6457998942307692 0.5401284102564102 0.6835205993589744 0.5529695032051283 0.7075976442307692 0.723916532051282 0.8023006955128205 0.7471910128205128 0.8111289455128204 0.7648475128205128 0.8103263782051282 0.8041733557692308 0.7380952371794872 0.8073836282051282 0.730872125 0.8041733557692308 0.722043875 0.7479935801282052 0.6650615288461539 0.6829855544871796 0.619315141025641 0.5650080256410256 0.5687533429487179 0.556982342948718 0.5663456378205128 0.5441412532051283 0.5703584807692307
4 0.4711075448717949 0.6056714807692308 0.469502407051282 0.5543071153846153 0.4454253621794872 0.5446762980769231 0.43900481410256414 0.5454788653846153 0.34510433333333335 0.5888175480769231 0.33868378846153846 0.5936329583333333 0.34510433333333335 0.6000535032051282 0.42857142948717947 0.6409844839743589 0.4349919743589744 0.6393793461538462 0.4711075448717949 0.6056714807692308
4 0.4879614775641025 0.6064740512820513 0.4831460673076923 0.6080791858974359 0.48154092948717947 0.6185125737179487 0.4831460673076923 0.6498127339743589 0.5144462275641026 0.6666666666666666 0.5232744775641026 0.6658640993589743 0.5280898878205128 0.6474050288461538 0.52648475 0.6217228461538462 0.4879614775641025 0.6064740512820513
4 0.5008025673076923 0.5775815929487179 0.49518458974358975 0.5968432307692308 0.4983948621794872 0.6024612083333333 0.5120385224358974 0.6080791858974359 0.5256821826923077 0.5920278237179487 0.5256821826923077 0.5695559134615384 0.5176565 0.5655430705128205 0.5008025673076923 0.5775815929487179
4 0.46629213461538466 0.623327983974359 0.4590690224358974 0.625735689102564 0.4422150897435897 0.6417870512820513 0.4349919743589744 0.6498127339743589 0.43900481410256414 0.6530230064102565 0.4654895673076923 0.6506153012820513 0.47030497435897434 0.6449973237179487 0.47191011217948714 0.6305510961538462 0.46629213461538466 0.623327983974359
0 0.48635633974358977 0.6377742115384616 0.48715890705128206 0.6393793461538462 0.49117175 0.6393793461538462 0.49197431730769237 0.6401819166666667 0.49117175 0.6409844839743589 0.48475120512820513 0.6417870512820513 0.4839486346153846 0.6433921891025641 0.4839486346153846 0.6466024615384616 0.48475120512820513 0.6474050288461538 0.4839486346153846 0.6498127339743589 0.4879614775641025 0.6490101666666667 0.4927768846153846 0.6530230064102565 0.49518458974358975 0.6530230064102565 0.49598716025641026 0.6514178717948719 0.4927768846153846 0.6498127339743589 0.49357945512820517 0.6490101666666667 0.4967897275641025 0.6490101666666667 0.49919743269230765 0.6514178717948719 0.4983948621794872 0.6530230064102565 0.49919743269230765 0.6578384166666666 0.5016051378205127 0.6602461217948719 0.5056179775641026 0.6602461217948719 0.5080256826923076 0.6618512564102564 0.5112359551282051 0.6618512564102564 0.5128410929487179 0.6634563942307692 0.5136436602564103 0.667469233974359 0.5160513653846154 0.6682718044871795 0.5152487948717949 0.6706795064102564 0.5168539326923077 0.6690743717948718 0.5184590705128205 0.6690743717948718 0.524077048076923 0.6658640993589743 0.5224719102564103 0.6634563942307692 0.524077048076923 0.6602461217948719 0.524077048076923 0.6578384166666666 0.5232744775641026 0.6570358493589743 0.524077048076923 0.6466024615384616 0.5200642051282051 0.6449973237179487 0.5224719102564103 0.6433921891025641 0.5224719102564103 0.6401819166666667 0.524077048076923 0.6377742115384616 0.5232744775641026 0.6369716410256411 0.5232744775641026 0.6337613685897435 0.5224719102564103 0.6329588012820513 0.5168539326923077 0.6329588012820513 0.5160513653846154 0.6321562339743589 0.5152487948717949 0.6321562339743589 0.5136436602564103 0.6337613685897435 0.5152487948717949 0.634563939102564 0.5160513653846154 0.6361690737179487 0.5112359551282051 0.6377742115384616 0.5064205448717949 0.6377742115384616 0.5056179775641026 0.6369716410256411 0.5032102724358974 0.6369716410256411 0.5024077051282051 0.6377742115384616 0.49919743269230765 0.6377742115384616 0.4983948621794872 0.6369716410256411 0.49759229487179485 0.6377742115384616 0.48876404487179487 0.6377742115384616 0.4879614775641025 0.6369716410256411 0.48635633974358977 0.6377742115384616
0 0.9237560192307692 0.6441947564102565 0.763242375 0.6417870512820513 0.7118780096153846 0.6449973237179487 0.7046548942307692 0.6425896185897436 0.6950240769230769 0.6441947564102565 0.6926163717948718 0.6417870512820513 0.6396468685897436 0.6433921891025641 0.6356340288461538 0.6498127339743589 0.6388443012820513 0.658640983974359 0.6372391666666667 0.6666666666666666 0.6276083461538462 0.667469233974359 0.6235955064102564 0.662653826923077 0.5955056185897436 0.6546281442307692 0.5914927756410256 0.6554307115384616 0.581059391025641 0.6490101666666667 0.5714285705128206 0.6490101666666667 0.5650080256410256 0.6409844839743589 0.556982342948718 0.6385767788461538 0.5441412532051283 0.6393793461538462 0.5433386826923077 0.6385767788461538 0.5385232756410256 0.6482075961538462 0.539325842948718 0.6690743717948718 0.5425361153846153 0.6714820769230769 0.5465489551282051 0.6698769391025642 0.572231141025641 0.6722846442307693 0.6300160512820513 0.6682718044871795 0.6420545737179487 0.6722846442307693 0.6629213493589743 0.6746923493589743 0.7223113974358975 0.673889782051282 0.7375601923076923 0.6714820769230769 0.7479935801282052 0.6746923493589743 0.9991974326923077 0.6706795064102564 0.9991974326923077 0.6425896185897436 0.9237560192307692 0.6441947564102565
0 0 0.6875334391025641 0.23756019230769232 0.6819154615384615 0.3715890865384615 0.673889782051282 0.4093097916666667 0.673889782051282 0.4205457467948718 0.6706795064102564 0.47030497435897434 0.6722846442307693 0.5040128397435897 0.6698769391025642 0.5016051378205127 0.6658640993589743 0.4943820224358974 0.6642589615384615 0.4943820224358974 0.6610486891025641 0.4831460673076923 0.6618512564102564 0.48154092948717947 0.6594435512820512 0.4767255224358974 0.6602461217948719 0.47351525000000005 0.6570358493589743 0.4654895673076923 0.6562332788461539 0.4582664519230769 0.6498127339743589 0.469502407051282 0.6474050288461538 0.4670947019230769 0.6425896185897436 0.45345104487179494 0.6417870512820513 0.4494382019230769 0.6417870512820513 0.4373996794871795 0.6474050288461538 0.44301765705128204 0.6498127339743589 0.43579454166666665 0.6522204391025641 0.427768858974359 0.6522204391025641 0.4253611570512821 0.6498127339743589 0.4333868365384615 0.6474050288461538 0.4301765641025641 0.6457998942307692 0.43097913461538456 0.6425896185897436 0.40850722435897435 0.6425896185897436 0.26003210256410253 0.6490101666666667 0 0.6530230064102565 0 0.6875334391025641
3 0.8105939006410257 0.36169074358974357 0.8170144455128204 0.35767790384615383 0.8563402884615385 0.19957196474358974 0.8105939006410257 0.20037453205128206 0.7857142852564102 0.34884965064102563 0.7865168525641025 0.36169074358974357 0.8105939006410257 0.36169074358974357