11 0.5609951858974359 0.6393793461538462 0.5730337083333333 0.628143391025641 0.6043338685897436 0.6177100064102564 0.7744783301282051 0.4620117724358974 0.8828250416666668 0.3592830384615384 0.8996789711538461 0.3392188333333333 0.8924558589743591 0.32958801602564103 0.8603531314102565 0.3111289455128205 0.7584269647435897 0.2902621730769231 0.5995184583333333 0.34724451602564105 0.5642054583333334 0.36891385897435897 0.4839486346153846 0.4283039070512821 0.39967897115384615 0.5278223653846154 0.3675762435897436 0.5583199583333334 0.36677367628205126 0.5663456378205128 0.37560192628205125 0.5831995705128206 0.4510433397435898 0.6891385769230769 0.4582664519230769 0.6955591217948718 0.469502407051282 0.6955591217948718 0.5609951858974359 0.6393793461538462
4 0.6123595512820513 0.6522204391025641 0.6139646858974359 0.6000535032051282 0.556982342948718 0.6457998942307692 0.5642054583333334 0.6522204391025641 0.568218298076923 0.6771000544871795 0.5658105929487179 0.6819154615384615 0.5738362756410256 0.6867308717948718 0.581059391025641 0.6843231666666666 0.6123595512820513 0.6522204391025641
4 0.9590690224358974 0.6506096858974358 0.7592295352564102 0.5912196346153846 0.7487961474358975 0.5928247724358975 0.745585875 0.607271 0.7359550576923076 0.7035791858974358 0.7584269647435897 0.7846385769230769 0.7889245576923077 0.8335952371794871 0.9991974326923077 0.8335952371794871 0.9991974326923077 0.6682661858974359 0.9590690224358974 0.6506096858974358
4 0.6508828237179488 0.5677942756410257 0.6476725512820513 0.5742148205128205 0.6468699839743589 0.6006995705128205 0.6548956666666667 0.6071201185897436 0.6677367564102564 0.6006995705128205 0.6693418942307692 0.5902661858974358 0.6556982339743589 0.568596842948718 0.6508828237179488 0.5677942756410257
4 0.7094703044871795 0.5775759775641026 0.6934189391025641 0.5944299102564102 0.6902086666666667 0.6040607275641026 0.6950240769230769 0.6169018205128205 0.7054574647435897 0.6377685929487179 0.7102728717948718 0.6385711602564103 0.715088282051282 0.5823913846153845 0.7094703044871795 0.5775759775641026
4 0.7134831474358975 0.6811072756410257 0.7086677371794872 0.675489298076923 0.6460674166666667 0.6530173878205128 0.6404494391025641 0.6522148205128205 0.6388443012820513 0.655425092948718 0.6396468685897436 0.6939483685897435 0.6516853942307692 0.7132100064102564 0.7062600320512821 0.7356819166666667 0.7126805769230768 0.7212356891025641 0.7158908493589744 0.6891329583333333 0.7134831474358975 0.6811072756410257
11 0.11369983974358974 0.531947564102564 0.2633948621794872 0.531947564102564 0.2633948621794872 0.4395398621794872 0.11369983974358974 0.4395398621794872 0.11369983974358974 0.531947564102564
10 0.00023675641025641027 0.37396201282051283 0.02891251923076923 0.37396201282051283 0.02891251923076923 0.33961209294871797 0.00023675641025641027 0.33961209294871797 0.00023675641025641027 0.37396201282051283
8 0.5585874807692307 0.3247726057692308 0.5505617980769231 0.3247726057692308 0.5425361153846153 0.3319957211538462 0.5521669326923077 0.3464419487179487 0.5497592307692307 0.35045478846153844 0.42295345192307693 0.3584804711538461 0.42295345192307693 0.34082397115384616 0.4117174967948718 0.3319957211538462 0.4052969487179487 0.33440342307692306 0.40048154166666666 0.35045478846153844 0.40048154166666666 0.3665061538461538 0.40609951923076926 0.36971642628205126 0.5561797756410256 0.36169074358974357 0.5786516858974359 0.3568753333333334 0.5778491185897436 0.3464419487179487 0.5585874807692307 0.3247726057692308
10 0.429614766025641 0.3541345641025641 0.5253290544871795 0.3541345641025641 0.5253290544871795 0.3192308717948718 0.429614766025641 0.3192308717948718 0.429614766025641 0.3541345641025641
11 0.8326605128205128 0.4711369711538461 0.993310592948718 0.4711369711538461 0.993310592948718 0.3928865705128205 0.8326605128205128 0.3928865705128205 0.8326605128205128 0.4711369711538461
11 0.8898555384615384 0.32002140064102563 0.9195505608974358 0.32002140064102563 0.9195505608974358 0.2946281442307692 0.8898555384615384 0.2946281442307692 0.8898555384615384 0.32002140064102563
11 0.9129614775641025 0.3102982884615385 0.933780096153846 0.3102982884615385 0.933780096153846 0.2876578397435897 0.9129614775641025 0.2876578397435897 0.9129614775641025 0.3102982884615385
11 0.99398475 0.30309523717948716 0.9999959871794871 0.30309523717948716 0.9999959871794871 0.2773970032051282 0.99398475 0.2773970032051282 0.99398475 0.30309523717948716
10 0.8832584262820513 0.30306313461538464 0.9114285705128206 0.30306313461538464 0.9114285705128206 0.2817950769230769 0.8832584262820513 0.2817950769230769 0.8832584262820513 0.30306313461538464
10 0.9147953461538462 0.30305912179487177 0.9434550576923078 0.30305912179487177 0.9434550576923078 0.2814299102564103 0.9147953461538462 0.2814299102564103 0.9147953461538462 0.30305912179487177
10 0.9587881217948717 0.3052942756410256 0.991195826923077 0.3052942756410256 0.991195826923077 0.2773970032051282 0.9587881217948717 0.2773970032051282 0.9587881217948717 0.3052942756410256
3 0.844301766025641 0.2854467628205128 0.8451043333333333 0.30551096794871796 0.8483146057692307 0.3079186730769231 0.8675762435897436 0.3079186730769231 0.8796147660256409 0.30470840064102567 0.8804173365384614 0.2950775801282051 0.8852327435897436 0.28624933012820514 0.8860353141025641 0.26618512499999997 0.8932584262820512 0.22766185256410254 0.8924558589743591 0.21642589743589744 0.8956661314102564 0.21080791987179487 0.9012841089743591 0.16666666666666666 0.8627608333333333 0.16666666666666666 0.8611556987179488 0.1690743717948718 0.8539325833333333 0.2332798301282051 0.8483146057692307 0.25013376282051286 0.844301766025641 0.2854467628205128