22 0.7759266282051283 0.7633710384615384 0.7799611570512821 0.7716679871794871 0.7906424006410256 0.7819073205128205 0.7911226794871795 0.7848273653846154 0.7949006602564103 0.7882290737179487 0.8008775705128206 0.7898793141025641 0.8091047211538461 0.7907571314102564 0.827021125 0.7829460064102565 0.8613104807692307 0.7566055384615384 0.8664308397435897 0.7481560448717949 0.8685669102564103 0.7202281987179487 0.8719727820512819 0.6977969871794871 0.8720952788461539 0.6876459423076923 0.8651961794871795 0.6621550897435897 0.8640132788461538 0.6520724583333334 0.8600984743589744 0.646059951923077 0.8495198493589743 0.637778717948718 0.8258373237179487 0.6229848205128204 0.8171127916666666 0.6188606121794872 0.7724925865384615 0.6041822724358975 0.7599886858974358 0.6028740961538462 0.7296538942307692 0.6110087948717949 0.7232979391025641 0.6146143557692307 0.7196738846153846 0.6141497916666666 0.7155695576923077 0.6107651858974359 0.7151761826923078 0.6032591474358975 0.712154907051282 0.5955635865384615 0.7086690705128205 0.5914920705128205 0.7010775160256411 0.5902537019230769 0.6971285032051282 0.5835884967948718 0.6935557596153846 0.5841029807692307 0.6871669807692308 0.5808380993589743 0.6832008685897436 0.5738465448717949 0.6777740352564102 0.5702040032051282 0.6614921538461538 0.5654941185897436 0.6579023076923077 0.5656822564102564 0.6525596057692308 0.5698892051282051 0.6512200032051282 0.5693049198717949 0.6501027403846154 0.5729631794871795 0.6444678910256411 0.5778399294871794 0.6415806698717949 0.5851906506410257 0.6349325673076923 0.5894660128205128 0.6313085192307692 0.589001451923077 0.6333350288461538 0.5902042307692308 0.6277658205128205 0.6088218685897436 0.6190214102564102 0.6168067980769231 0.61647625 0.6306845096153847 0.6055342948717949 0.6342031666666667 0.604174810897436 0.6457280192307692 0.6017692532051282 0.6497810384615385 0.5915142051282052 0.6539181858974359 0.5914772211538462 0.6657009775641025 0.5862015448717949 0.6774310705128206 0.5859949198717949 0.6797326217948718 0.5949588974358974 0.6884257211538461 0.6052125576923076 0.6905063173076923 0.6114289134615384 0.6967254455128206 0.6197073782051282 0.6985823141025641 0.6209785673076923 0.6978611987179487 0.698007217948718 0.7252399038461538 0.7050829038461538 0.7291232788461538 0.7085516378205128 0.7328684391025642 0.7121585833333334 0.7330066538461538 0.7370609903846154 0.7461003942307692 0.7463869134615384 0.7492113461538461 0.7548364102564102 0.7543317083333333 0.7759266282051283 0.7633710384615384
22 0.5942558269230769 0.6063238557692308 0.5981392019230769 0.599248173076923 0.6018672596153847 0.5954530897435897 0.6038096442307692 0.588806375 0.6094957980769231 0.5849086730769231 0.6174691762820513 0.5684557596153846 0.6225881474358974 0.5662240096153847 0.6223658044871795 0.5619814647435897 0.6158217115384615 0.5619971794871795 0.5984211794871794 0.5671632980769231 0.5938365705128205 0.5608586538461539 0.5936826410256411 0.5579215096153846 0.5896481153846154 0.5496245544871795 0.581010483974359 0.5409143493589743 0.5621534006410257 0.5307762500000001 0.5588899038461539 0.530947282051282 0.5556791057692307 0.5258796185897436 0.5411486955128205 0.5233686666666666 0.5271156666666668 0.5241041057692307 0.5128760096153846 0.5271410961538461 0.5010918301282051 0.533321858974359 0.4993047692307692 0.5366879743589744 0.5028077115384615 0.5410858333333334 0.4811761858974359 0.5716716185897436 0.47741391987179493 0.5748140032051282 0.4765888012820513 0.5778024615384616 0.4794348814102564 0.6008877596153847 0.4783333333333334 0.6110901153846153 0.4792596858974359 0.6162774967948719 0.49784172756410255 0.62741175 0.5061714967948718 0.6302476666666667 0.5124220641025641 0.6371194967948718 0.5167672275641026 0.63885525 0.5229151698717949 0.6437689839743589 0.5450870576923077 0.6547150993589743 0.5519219070512821 0.6602473301282051 0.5622952916666666 0.6646123685897436 0.5882234423076923 0.6223478012820512 0.5907857051282052 0.6087964358974359 0.5942558269230769 0.6063238557692308
18 0.4710011025641026 0.6023114967948718 0.46682835897435904 0.5976214903846154 0.47096828205128205 0.5954410512820513 0.4743015801282051 0.5903576698717949 0.4728422532051282 0.5874889391025641 0.4745951121794872 0.583470125 0.4723975673076923 0.5790038525641026 0.47284502564102565 0.5750534487179487 0.47494133974358976 0.5713438846153845 0.4794076121794872 0.5691463397435897 0.4796142403846154 0.5668447916666667 0.47721006730769233 0.5646800673076923 0.4862507852564102 0.5373721025641026 0.48968670192307695 0.5342468205128206 0.4920566634615385 0.5357588461538462 0.4918842467948718 0.5387130961538461 0.4932409551282051 0.5396237307692308 0.49432400961538464 0.5353127724358975 0.499735125 0.5324112243589744 0.5014708782051281 0.5280660576923076 0.5075346955128205 0.5251303012820513 0.5070202083333333 0.5215575608974359 0.5088585833333333 0.5191704935897435 0.4940032083333333 0.5104589006410257 0.48665248717948717 0.5075716762820512 0.4865669711538462 0.5059399294871795 0.48249684935897436 0.5032080192307692 0.4715562820512821 0.5005089358974358 0.46956536538461535 0.49374110897435897 0.46628476602564106 0.4935857916666666 0.46456611538461534 0.4982573044871795 0.4613539294871795 0.4994073878205128 0.46097627243589745 0.49844544230769233 0.4564586891025641 0.4996639358974359 0.4491934807692308 0.4984084615384616 0.4446601826923077 0.49308285897435894 0.442377125 0.48698483974358975 0.43830699999999995 0.4842529358974359 0.4316944935897436 0.48296325320512823 0.427350717948718 0.47500975 0.42023944230769233 0.47669141987179486 0.4149494358974359 0.4756596762820513 0.4132150673076923 0.47378709294871796 0.3857675 0.4745710705128205 0.3742583653846154 0.4797556794871795 0.3698919358974359 0.4963468076923077 0.3660612564102564 0.49818379487179487 0.36463475 0.5021855032051281 0.36229899358974355 0.5013261794871795 0.3595157788461539 0.5044172532051282 0.3561126794871795 0.5144129775641025 0.3510621217948718 0.5179501249999999 0.3443784262820513 0.527790532051282 0.34319275 0.5301433942307693 0.3448573173076923 0.5369283205128205 0.35392530448717946 0.5413617756410256 0.3683503205128205 0.5543501185897436 0.4138270769230769 0.5791281891025641 0.4193223173076923 0.5840761282051282 0.4339382467948718 0.5882188269230769 0.43718324999999997 0.593939189102564 0.443520717948718 0.5962250256410256 0.4540309262820513 0.6032008653846154 0.4629962948717949 0.6056762211538461 0.4657439134615385 0.6081501923076923 0.4673756634615384 0.6080646762820513 0.4710011025641026 0.6023114967948718
18 1 0.7427190224358974 0.9983615641025642 0.7428780801282051 0.9976062435897436 0.7409541858974359 0.9998236666666666 0.7333113237179487 0.997058939102564 0.7305110032051282 0.993520407051282 0.7316781858974358 0.9964048557692308 0.7367629551282052 0.9965160256410257 0.7388842243589744 0.9928307275641026 0.7434951826923076 0.9953375128205127 0.7476180032051283 0.991626560897436 0.7517394358974359 0.9802214294871795 0.7526644006410256 0.9722323365384614 0.7625732211538462 0.9668383205128205 0.7658011217948718 0.9610139551282051 0.7733057724358974 0.9551355 0.7922668653846154 0.9555616923076923 0.8066433461538461 0.9583264198717948 0.8094436666666667 1 0.8072596442307692 1 0.7427190224358974
16 0.46522943269230765 0.6045774487179487 0.47435011217948714 0.6037722083333333 0.47814658653846154 0.6012825224358974 0.47487153846153846 0.5762562307692308 0.48382396474358974 0.5597520064102565 0.4825185673076923 0.5598204166666667 0.48040653846153847 0.556985891025641 0.4764219294871795 0.555885733974359 0.4734177596153846 0.5485165224358974 0.4819384423076923 0.5425067916666667 0.48966682371794873 0.5463559615384616 0.49358301923076925 0.5461507211538461 0.49892710897435893 0.5357260256410257 0.5023288205128206 0.5319480480769231 0.5115877147435898 0.5275358557692308 0.5136840256410257 0.5238262916666667 0.5107140641025641 0.5171097756410256 0.49743912500000004 0.5073336185897437 0.48838824358974353 0.5032265128205129 0.47011405769230774 0.4979665512820513 0.4508765384615385 0.49930199358974353 0.4465484775641026 0.4978925865384616 0.4409506153846154 0.49098655128205126 0.41731940064102563 0.4771716987179487 0.38391202564102567 0.47663178525641026 0.37850090705128203 0.4795333365384615 0.37258963782051285 0.49162398397435897 0.3629516923076923 0.5012919711538462 0.3585182371794872 0.5103599583333333 0.3498935480769231 0.5206293365384616 0.34633652243589746 0.5276879134615385 0.3449784262820513 0.5329950224358974 0.3490485512820513 0.5357269294871795 0.35085133012820513 0.5389049102564102 0.36167078846153844 0.5455372948717949 0.36716602884615385 0.550485233974359 0.37118484615384617 0.5522380897435897 0.3794119935897436 0.553115907051282 0.38842866987179486 0.5565703173076922 0.38981958653846155 0.5581336474358974 0.38940633333333335 0.5627367467948718 0.4511977916666666 0.5990951442307693 0.4538085865384615 0.5989583173076923 0.45454679807692305 0.6005558589743589 0.46522943269230765 0.6045774487179487
16 0.20783488782051285 0.5761794551282051 0.19909047756410256 0.5841643846153846 0.19367797435897435 0.5932836794871795 0.19417396794871797 0.6027478173076923 0.19901512500000001 0.6139477083333333 0.20378925641025641 0.6176244583333333 0.21076232051282054 0.619549733974359 0.22640999358974356 0.6184024294871795 0.23245670512820515 0.6151403205128205 0.23958647115384615 0.6075672564102563 0.24257770512820515 0.595956891025641 0.24216722435897436 0.5881245 0.2390946442307692 0.579449891025641 0.2313149519230769 0.5746216698717949 0.2224179967948718 0.5734517115384615 0.21264461538461538 0.5742911602564102 0.20783488782051285 0.5761794551282051
16 0.8388404807692308 0.46522533653846154 0.8340293685897436 0.4733313782051282 0.8339937724358973 0.4788964230769231 0.838681 0.48715916987179486 0.8427682307692308 0.4902174262820513 0.852334983974359 0.4916795256410256 0.8591712211538461 0.49099401282051286 0.8655442820512821 0.48771479807692303 0.8697882147435897 0.48127471474358974 0.8714213493589744 0.4749714519230769 0.8708384519230769 0.4700933141025641 0.8683487660256412 0.4662968397435897 0.8645536794871794 0.46256878205128205 0.8571687532051282 0.4590288621794872 0.8470690224358973 0.4598854102564103 0.8388404807692308 0.46522533653846154
16 0.8180793846153847 0.4437334166666667 0.819229467948718 0.44694560256410254 0.8223376474358974 0.4500551666666667 0.8286238044871794 0.4513619551282051 0.8364561923076923 0.4509514775641026 0.8415751634615385 0.44871972756410256 0.8445992147435897 0.4439798012820512 0.84367425 0.4325746730769231 0.8381961121794871 0.42795308012820515 0.8322534038461539 0.42695554166666666 0.8247815705128204 0.42800161217948723 0.82065875 0.43050840384615385 0.8182702980769231 0.4348877724358975 0.8180793846153847 0.4437334166666667
16 0.7044626057692308 0.4300530673076923 0.7102527692307692 0.4218957147435897 0.7097382852564103 0.4183229775641026 0.7021481185897436 0.410866858974359 0.6969094198717949 0.4108141602564102 0.6927352916666667 0.41234190064102566 0.6878899679487179 0.41979524038461535 0.6881294134615386 0.42436413461538464 0.6926798173076923 0.43001608333333335 0.6960117243589743 0.43115045192307694 0.7044626057692308 0.4300530673076923
16 0.9982529775641026 0.45981609615384617 0.9926195192307693 0.45847510256410257 0.9910561858974358 0.45986601602564103 0.9864872916666667 0.4601054615384616 0.9855937596153845 0.4617885192307692 0.9845278044871796 0.4664258269230769 0.9867082467948719 0.4705657532051282 0.9911047179487179 0.4732805544871795 0.9990739326923077 0.4754808717948718 0.9982529775641026 0.45981609615384617
16 0.3623715673076923 0.4839783429487179 0.36826435256410256 0.4777790897435897 0.37365974999999996 0.4683334455128205 0.3732136794871795 0.4660661025641025 0.3681645096153846 0.46338550641025644 0.36125985576923075 0.462765625 0.33290165705128205 0.46490630769230773 0.3184368814102564 0.4761362403846154 0.3135744583333333 0.4832632307692308 0.3104292980769231 0.4919364583333333 0.3117989455128205 0.5118266762820513 0.31497415064102563 0.5224593846153847 0.3163992692307692 0.5246754166666667 0.32215245192307695 0.5283008525641026 0.32904 0.5285943846153847 0.3331628205128205 0.5260875993589743 0.33412615064102563 0.5194921955128206 0.337235717948718 0.5163840160256411 0.33862801923076924 0.5117296057692308 0.34142833974358977 0.5089648814102564 0.34656441346153843 0.5070594807692308 0.35106628205128204 0.49929689423076923 0.35551545192307693 0.496773 0.3623715673076923 0.4839783429487179
16 1 0.73998175 0.9986366057692307 0.7418819262820513 0.992212233974359 0.7441820865384615 0.9916792564102564 0.7465007435897436 0.9874538141025642 0.7470494326923076 0.9854259198717948 0.7520643974358975 0.9780053974358973 0.7540895224358974 0.9734693205128204 0.7611994070512821 0.9678002692307692 0.7654234647435897 0.9610310576923078 0.773632125 0.9579201025641026 0.7829580448717949 0.9551341121794872 0.7984846089743589 0.9553892756410257 0.8095975961538462 1 0.8072596442307692 1 0.73998175
17 0.676745967948718 0.7129370801282052 0.6805752564102564 0.7173178365384616 0.7010298814102565 0.7267177243589743 0.7067830641025641 0.7303431602564102 0.7085516378205128 0.7328684391025642 0.7245926858974359 0.7392271762820513 0.7350857948717948 0.7458766634615385 0.7437248076923076 0.748369125 0.7505767628205128 0.7542277019230769 0.7601264134615384 0.7553634551282051 0.7663427692307692 0.7615825833333333 0.7732987307692307 0.7631815128205128 0.7781070673076923 0.7675109615384615 0.7789821121794872 0.7717192980769231 0.7836009262820512 0.7786766474358975 0.7848023141025641 0.7828678814102564 0.7946427243589743 0.7895515737179487 0.8087954775641025 0.7911005801282052 0.8273474775641025 0.7829289038461539 0.8594550032051282 0.7586662532051281 0.866722983974359 0.7474862403846154 0.8722834134615385 0.6912357884615385 0.8659685993589744 0.664405326923077 0.864271217948718 0.6507499583333333 0.8603564102564102 0.644737451923077 0.8264558173076924 0.6222979134615384 0.8080619102564103 0.6147535064102564 0.8011230512820513 0.6134809262820513 0.7724412788461539 0.6032032243589744 0.7586319775641025 0.6019634615384616 0.7409393044871795 0.6077993846153846 0.7285380224358975 0.6084493076923077 0.724500717948718 0.6125878429487179 0.7205845224358974 0.6127930833333333 0.7197778942307692 0.6098901442307693 0.7173737243589744 0.6077254198717948 0.7188857467948717 0.6053554583333334 0.7154341185897436 0.6019366442307693 0.7120009775641025 0.5926264391025641 0.7099231602564102 0.5904446121794872 0.6980049294871795 0.5815790865384616 0.687373608974359 0.578536548076923 0.684506266025641 0.5737781314102565 0.6780661794871795 0.5695342019230769 0.6641029487179487 0.5653572948717949 0.6581431410256411 0.5640334038461539 0.6533334166666667 0.5659217019230769 0.637010391025641 0.5916478397435897 0.6313584423076923 0.5961982435897436 0.6300687596153847 0.60281075 0.6237798237179487 0.6139394551282051 0.6215808942307692 0.6156909230769231 0.6154800961538461 0.6304094711538462 0.6062711217948717 0.6420184519230769 0.6027654038461538 0.6500560801282051 0.5957724647435898 0.6602399391025641 0.5932471858974359 0.6620085128205129 0.5907376217948718 0.6703211826923077 0.5868542467948717 0.6773968621794872 0.5873858365384615 0.6812959519230769 0.5949588974358974 0.6884257211538461 0.6058823621794872 0.6907984615384616 0.6197244807692308 0.6989086634615385 0.6215457532051283 0.6961952467948718 0.6220459102564103 0.6870061538461538 0.6345840160256411 0.6889670256410256 0.6349431858974359 0.6958203621794872 0.6475326025641025 0.6987602852564102 0.6501078044871794 0.7041885032051283 0.6586442019230769 0.7047228685897436 0.6626630160256409 0.7064757243589743 0.664946076923077 0.7125737467948718 0.676745967948718 0.7129370801282052
17 0.8356587916666667 0.5606206282051281 0.8351586346153846 0.5698097243589744 0.8394497115384615 0.5830019230769231 0.8523298846153846 0.5914897852564103 0.8644903333333332 0.5924887083333333 0.8752256602564102 0.5912716057692308 0.8796235224358975 0.5877686634615384 0.8851044391025641 0.579954766025641 0.8878206314102565 0.5693405480769231 0.8868614583333334 0.5572827211538461 0.8831874871794871 0.5496213653846154 0.8774343044871795 0.5459959262820513 0.851104 0.543121641025641 0.8425320096153845 0.5481523205128206 0.8356587916666667 0.5606206282051281
17 0.7082313269230769 0.551918266025641 0.6992132628205129 0.5546816025641026 0.7009120352564102 0.5621192275641026 0.7251418653846153 0.5873563141025641 0.7297962724358974 0.5887486153846154 0.7388143365384615 0.5859852756410256 0.7451388653846154 0.5692915288461539 0.7448652115384615 0.5640699358974359 0.7435269935897436 0.557267907051282 0.7381528621794872 0.5483866698717949 0.7343748782051283 0.5449849583333333 0.7230566538461538 0.5413239262820513 0.7119607724358975 0.5419054358974359 0.7091262435897436 0.5440174647435898 0.7099670769230769 0.5475730993589744 0.7082313269230769 0.551918266025641
17 0.00863640705128205 0.6091989711538461 0.005080769230769231 0.6100398076923077 0.007680464743589743 0.6596449326923077 0.019326426282051282 0.6570711185897437 0.03281076282051282 0.6521102371794871 0.03688366346153846 0.6424066570512821 0.03777858333333333 0.6345058525641025 0.03585746794871795 0.6228256858974359 0.030826785256410257 0.6142536923076923 0.01712149358974359 0.6087542852564103 0.00863640705128205 0.6091989711538461
17 0.8964943397435897 0.4163894038461538 0.8983313269230769 0.4202200833333333 0.902727798076923 0.4229348878205128 0.9073480032051282 0.4236744903846154 0.9148369358974359 0.42295476602564097 0.918341266025641 0.42113488461538456 0.9225509935897437 0.41404209615384613 0.9216417435897437 0.4091810608974359 0.9188257083333334 0.4054016923076923 0.911474983974359 0.4025144679487179 0.9023885064102564 0.403972407051282 0.8983340993589743 0.40778459615384616 0.8962719967948718 0.4121468621794872 0.8964943397435897 0.4163894038461538
17 0.7456510608974359 0.42920345512820507 0.747559233974359 0.4219040448717949 0.7472513749999999 0.41602975320512825 0.7451222435897435 0.412868875 0.7404678365384616 0.41147657371794877 0.7300588557692308 0.4126765801282051 0.7244411153846154 0.41787967628205125 0.7255385 0.4263305608974359 0.7284229487179487 0.4314153237179488 0.741201891025641 0.4317273493589744 0.7456510608974359 0.42920345512820507
17 0.8421834935897436 0.41661774999999995 0.8495527051282051 0.41361358012820515 0.8513397692307691 0.41024746474358975 0.8502423878205128 0.40179658333333335 0.844111548076923 0.39720919871794874 0.8333420128205128 0.39777360576923076 0.8293389134615384 0.4025648429487179 0.8288729615384616 0.41240663782051284 0.8313113397435898 0.4152240576923077 0.83728825 0.4168742980769231 0.8421834935897436 0.41661774999999995
17 0.7744081858974359 0.40969783653846154 0.7868607788461538 0.4100269583333333 0.789763717948718 0.40922033333333335 0.791928439102564 0.4068161634615385 0.7918956217948718 0.39994572115384613 0.7880321282051282 0.39491226282051284 0.7846831153846154 0.39345154807692306 0.7774692179487179 0.3931751217948718 0.7724357628205129 0.3970386153846154 0.7713185 0.400696875 0.7719014006410256 0.40557501602564106 0.7744081858974359 0.40969783653846154
17 0.8426780993589744 0.43229963141025646 0.8457848878205129 0.44162694230769234 0.8495471538461539 0.43848455448717955 0.8505275929487178 0.4322155032051282 0.8468194102564102 0.4239014455128205 0.8380948749999999 0.4197772371794872 0.8281661794871795 0.4238972852564103 0.8266370512820512 0.42594089743589747 0.8277187211538461 0.42784768269230766 0.8355682083333332 0.4277635544871795 0.8426780993589744 0.43229963141025646
17 0.9877326025641026 0.4214251858974359 0.9959269358974359 0.4154325608974359 0.9954993525641026 0.40727382371794874 0.9902948653846153 0.4078738237179487 0.98548375 0.4159798653846154 0.9852600192307691 0.4179550641025641 0.9877326025641026 0.4214251858974359
17 0.5621584647435898 0.6620015737179487 0.562571717948718 0.6573984743589744 0.5646338237179487 0.6530362083333333 0.5644285833333333 0.6491200128205128 0.5717464871794872 0.6451367948717949 0.5751481955128205 0.6413588141025641 0.5822451442307692 0.6269153076923077 0.5860074102564103 0.6237729198717948 0.5933109839743589 0.6070278621794872 0.5961455096153846 0.6049158397435898 0.603860951923077 0.589785423076923 0.6085338493589744 0.5852863333333334 0.617177032051282 0.5691255608974358 0.6199773525641026 0.5663608365384615 0.6197721121794871 0.5624446410256411 0.6154953621794872 0.5620142852564103 0.5983869711538461 0.5665106025641026 0.5945063749999999 0.5611507948717949 0.5893217628205129 0.5496416570512821 0.5816460801282052 0.5405537916666666 0.5753086121794871 0.5382679583333333 0.5732307916666667 0.5360861346153846 0.5633205833333333 0.534314782051282 0.5515891025641025 0.5352568493589743 0.5439804455128205 0.5336921282051282 0.541439451923077 0.528916608974359 0.5418355993589744 0.5239871602564102 0.5408052435897436 0.5230594166666667 0.5277683653846154 0.5240698974358974 0.5099901730769231 0.5282740737179487 0.5032565576923077 0.5309176891025641 0.5017445320512821 0.5332876506410257 0.5018984615384615 0.536224798076923 0.5153643076923077 0.5371553108974358 0.5165458205128205 0.5534556826923076 0.5179196314102564 0.5546926666666666 0.5172313397435898 0.5602919230769231 0.5146205416666667 0.5604287467948718 0.5114596666666666 0.562557875 0.5049497788461539 0.5632262916666667 0.5001030705128205 0.576897375 0.4946064391025641 0.5781671826923077 0.4843014679487179 0.5751075352564102 0.47938912179487175 0.575037733974359 0.47717308974358974 0.5764628557692308 0.47638217307692304 0.5801040096153846 0.47845444551282046 0.6071568141025642 0.47737138782051286 0.6114677692307692 0.4786240897435897 0.6166380544871795 0.48935802884615387 0.6216386923076923 0.4961757756410256 0.6268445705128205 0.5062057051282052 0.6309003653846154 0.5101376153846154 0.637239217948718 0.5154447243589744 0.6385973141025642 0.5242889807692307 0.6450059711538462 0.5437474519230769 0.6541308173076923 0.5483847564102564 0.6551967692307692 0.5519048012820513 0.6599209807692308 0.5602174711538461 0.6624305448717949 0.5621584647435898 0.6620015737179487
18 0.37384927564102566 0.4657055448717949 0.37211490705128203 0.4638329647435897 0.35760160256410256 0.4616483621794872 0.3455779775641026 0.463260233974359 0.3389825737179487 0.4622968974358974 0.3328674487179487 0.4642536057692308 0.3174407275641026 0.4758612019230769 0.30946735256410257 0.49231411858974355 0.31071727884615385 0.5099198878205128 0.3081577916666666 0.5110357596153846 0.31124747756410254 0.5200367211538461 0.32016014743589744 0.5277507756410257 0.32584491666666665 0.5300708173076922 0.33108360897435896 0.5301235128205128 0.33268115064102566 0.5293852980769231 0.333815516025641 0.5260533910256411 0.3546048205128205 0.49812970833333337 0.3590368878205128 0.49527946794871797 0.3600515288461539 0.48966311217948716 0.36357434615384615 0.4819518365384616 0.37173447435897433 0.47530650961538456 0.37384927564102566 0.4657055448717949
11 0.608216766025641 0.46683994551282054 0.6037518782051282 0.4628197467948718 0.573952842948718 0.4562002980769231 0.5546654006410257 0.4503389487179487 0.5541509134615384 0.4467662083333333 0.5553879006410256 0.4453923974358974 0.5542720256410256 0.4428329102564103 0.5506650801282051 0.44269469551282054 0.533693516025641 0.4498018108974359 0.5307036698717948 0.45519443269230775 0.5318024455128205 0.4574275705128205 0.5341381987179487 0.45828689743589746 0.5669256955128206 0.4657314615384615 0.5786044743589743 0.4700280897435897 0.577126657051282 0.47305075320512824 0.5321061378205127 0.4819550961538462 0.5275885544871795 0.4831735897435897 0.5254238333333333 0.4855777596153846 0.5367591602564102 0.48956514423076924 0.5419978557692308 0.4896178365384615 0.5982866762820513 0.4771777371794872 0.6056900961538462 0.474826266025641 0.6087996634615385 0.47171808653846153 0.608216766025641 0.46683994551282054
8 0.1470238685897436 0.5335520032051282 0.16569558974358975 0.5276647724358974 0.16818666666666668 0.5252435 0.1720515512820513 0.5240592115384616 0.17261873397435898 0.5223932596153846 0.16882365064102564 0.5186651987179487 0.16449697756410256 0.5110380512820513 0.1634337980769231 0.5032398685897436 0.16322994871794871 0.4931059294871795 0.16572102243589745 0.4906846602564103 0.16706201282051283 0.4850511987179487 0.16143826923076923 0.4401859967948718 0.15249971794871794 0.39451278205128204 0.14788645512820514 0.36268445833333335 0.14788923076923077 0.3502489679487179 0.15041728846153846 0.33604490705128204 0.14870002243589744 0.33449867628205127 0.14179537179487178 0.3338787948717949 0.12116693910256411 0.3336509038461538 0.09931862500000001 0.3351231730769231 0.08932151282051282 0.3379378173076923 0.08914909294871795 0.3408920673076923 0.09598255448717949 0.35264203525641025 0.09768132692307692 0.36007966346153847 0.10163033974358975 0.3667448685897436 0.10439367628205129 0.3757629326923077 0.11010571474358975 0.40982439102564105 0.11336073717948718 0.4219801730769231 0.11535457371794873 0.44129216025641027 0.12868959615384615 0.4896801826923077 0.12882503525641026 0.49850872115384615 0.13136464102564102 0.509501983974359 0.13075908974358974 0.5291684743589743 0.1350002467948718 0.5351638717948718 0.1470238685897436 0.5335520032051282
8 0.695714516025641 0.3005949294871795 0.6997804775641026 0.3219800641025641 0.6991934166666667 0.33575515705128206 0.6933778237179486 0.380892625 0.6942815224358975 0.41062463782051284 0.6949855288461538 0.41156948076923083 0.6988675192307692 0.4107115416666666 0.7093435224358975 0.41703467948717954 0.712572810897436 0.4162109487179488 0.7150638814102565 0.4137896762820513 0.7126611025641026 0.4054072083333333 0.7220069038461538 0.39640902564102565 0.7228662275641026 0.394073266025641 0.7269959903846154 0.3604777564102564 0.726762092948718 0.33103788782051285 0.7331236025641026 0.3025613493589744 0.7329183653846154 0.2986451570512821 0.695714516025641 0.3005949294871795
9 1 0.5970801858974359 0.9967973269230769 0.5943904358974359 0.992898233974359 0.5949220192307693 0.9841908076923078 0.5911241634615384 0.9627215384615385 0.5873406314102565 0.9475726346153845 0.5855165833333333 0.9394481025641025 0.5865968653846154 0.8919905993589743 0.5864660384615384 0.8894824198717948 0.5885609647435898 0.8848109070512822 0.5868423108974359 0.8782141153846155 0.5920967243589744 0.8786943974358974 0.595016766025641 0.8815104294871795 0.5987961346153846 0.8914021474358975 0.6064588782051282 0.9279847243589743 0.6176315032051283 0.9365211217948718 0.6181658653846154 0.9396648942307693 0.6157103878205128 0.9423441025641026 0.6168789583333334 0.9474459743589743 0.614320858974359 0.954694076923077 0.615249983974359 0.9804756891025641 0.613898826923077 0.9873974423076922 0.6148450576923077 0.9954877660256409 0.6131120769230769 1 0.61355575 1 0.5970801858974359
10 1 0.5681221955128205 0.9811880256410257 0.5775372051282052 0.9809800096153847 0.5860565 0.9824051282051283 0.588272532051282 0.9956643493589743 0.5915045993589744 1 0.5914270224358974 1 0.5681221955128205
10 0.9856436826923076 0.4689853141025641 0.9927535705128204 0.47352138782051284 0.9990739326923077 0.4754808717948718 0.9972951955128204 0.4415405224358974 0.9853242692307693 0.43791369551282056 0.9807724807692307 0.43847949038461537 0.9779379551282051 0.4405915192307692 0.9752402532051283 0.44531433974358975 0.9738992628205128 0.4509477980769231 0.974584782051282 0.4577840320512821 0.9826053044871795 0.46096340064102564 0.9856436826923076 0.4689853141025641
5 0.8698552051282052 0.7198334358974359 0.8693892532051282 0.729675233974359 0.8723606057692308 0.730174 0.8860344647435897 0.7225852211538462 0.9150666314102563 0.7020834487179487 0.9198592564102563 0.6998688044871795 0.9296155384615385 0.6987030064102564 0.9258204519230768 0.6949749519230769 0.9222648141025641 0.6958157852564103 0.9197751282051281 0.692019314102564 0.9150865128205129 0.6899743108974359 0.9040761442307692 0.6921875705128205 0.8990940000000001 0.6970301153846155 0.8737214775641027 0.7124314038461538 0.8698552051282052 0.7198334358974359
5 0.9429787628205129 0.6976754230769231 0.9366399070512821 0.7016073365384615 0.9291851794871795 0.7029797564102563 0.9078656794871796 0.7207866057692308 0.9024374583333334 0.7233618076923077 0.8987436057692307 0.7278095897435898 0.892027092948718 0.7307795544871795 0.8838840705128206 0.7377512307692308 0.8774597019230769 0.7400513942307693 0.8708287019230769 0.7446531057692308 0.8638699679487178 0.7554896634615385 0.8630106410256411 0.7578254198717949 0.8654148108974358 0.7599901442307693 0.8697770769230769 0.76205225 0.8733840256410256 0.7621904615384616 0.8913531282051281 0.7491406442307692 0.9116408846153846 0.7366238044871795 0.9330459006410257 0.7204487051282051 0.9498977403846153 0.711057141025641 0.9542258012820514 0.712466548076923 0.9581775897435898 0.7066962660256411 0.9576288974358974 0.7024708237179487 0.9607384615384615 0.6993626474358974 0.9573210384615385 0.6965965352564103 0.9429787628205129 0.6976754230769231
5 1 0.6270654326923077 0.9830111346153847 0.643545326923077 0.9762775160256411 0.6461889391025641 0.955079125 0.6600624903846154 0.9526051538461539 0.6628101121794872 0.9539262692307693 0.6692857916666667 0.957910875 0.6703859519230769 0.962789016025641 0.6698030512820513 0.9706056858974359 0.6628484807692308 0.9923883653846155 0.6476353269230769 0.9930937628205129 0.6423624262820513 0.9959111858974359 0.6399240512820513 1 0.639895685897436 1 0.6270654326923077
5 1 0.6589179487179487 0.9938107115384616 0.6622868493589744 0.9809605801282052 0.6731049166666667 0.9815263782051281 0.6776567083333332 0.9868163814102564 0.6786884519230769 0.9932920608974359 0.6773673397435898 1 0.673439701923077 1 0.6589179487179487
5 0.7317058012820513 0.8062670384615385 0.720350592948718 0.8143887948717948 0.7104560993589744 0.8191615384615384 0.7103007852564103 0.8224421378205128 0.7370614423076923 0.821039673076923 0.7395183108974359 0.8179656987179487 0.7380261634615385 0.8082265256410256 0.7336467948717948 0.8058380705128205 0.7317058012820513 0.8062670384615385
7 1 0.6325210769230769 0.9981286057692308 0.6322811858974359 0.993370189102564 0.6351485288461538 0.949436891025641 0.6210886826923078 0.9350090961538462 0.6205358301282051 0.9266793269230769 0.6176999134615385 0.9249278557692308 0.6155009839743589 0.9054166858974358 0.6116148301282051 0.896675048076923 0.6071642756410256 0.8714791121794871 0.6009580833333333 0.8712909775641026 0.5973682371794872 0.7910829583333333 0.5780100608974359 0.7723798044871795 0.5708091057692308 0.7660765416666667 0.5691759679487179 0.7491063653846154 0.5700653365384616 0.7101566025641025 0.5449452019230769 0.7015175865384615 0.5424527403846153 0.6846014935897435 0.531885673076923 0.6749150192307692 0.5281391185897436 0.6562973782051282 0.5225699134615385 0.6454423301282051 0.5215025737179487 0.6252271474358975 0.5166715801282051 0.5839559551282051 0.5034539551282051 0.5581073205128205 0.49728197115384615 0.5365183301282052 0.4912139935897436 0.5288070512820513 0.4876911730769231 0.4800469198717949 0.47519327243589743 0.4733317948717949 0.4719454935897436 0.4664100416666667 0.47099926282051285 0.45971201602564105 0.46807783333333336 0.3949108429487179 0.4492212019230769 0.38455316987179483 0.4514002532051282 0.37962372435897435 0.45100409935897434 0.35631746794871794 0.443389891025641 0.34975627243589746 0.4430792596153846 0.30980758012820514 0.4301195737179487 0.30620063141025644 0.4299813589743589 0.30501495512820515 0.43233421474358974 0.31681207371794873 0.44513303525641024 0.31454334294871794 0.4517968525641026 0.2988970576923077 0.4467264134615384 0.29681923717948716 0.44454458974358974 0.2802965224358975 0.4414835544871795 0.2765698493589744 0.43906089743589743 0.2754368717948718 0.43617506089743596 0.27236290064102564 0.4337181955128205 0.26161047115384617 0.43460894871794875 0.2557176858974359 0.44080820192307696 0.2471114903846154 0.44518618589743586 0.2389855673076923 0.4524842083333333 0.22823175320512823 0.4595927115384615 0.2214454358974359 0.4674750224358974 0.2212046057692308 0.4691238717948718 0.2236087724358974 0.47128859615384616 0.24146970512820515 0.48115165705128204 0.24938622115384618 0.4885906698717949 0.24735832371794872 0.49360563782051287 0.24857682051282048 0.49812322115384616 0.2444868173076923 0.5075004519230769 0.2445182467948718 0.520588641025641 0.24630392307692306 0.5234402692307693 0.24546170192307692 0.5261023782051283 0.24783027564102567 0.5338321442307693 0.2505039358974359 0.5598716923076923 0.25405679807692305 0.5714663461538462 0.25408822756410254 0.5845545352564102 0.2523353685897436 0.5885733461538462 0.2537262852564102 0.5901366826923077 0.2528840608974359 0.5927987884615386 0.25564740064102565 0.6018168525641026 0.25732629487179487 0.6213636153846154 0.25665510576923073 0.6272892211538461 0.2536823653846154 0.6330081923076923 0.2538705 0.6365980352564102 0.25081224358974363 0.640685266025641 0.24775259935897437 0.6509902339743591 0.24505489743589742 0.6557130576923077 0.24438371153846156 0.6616386570512821 0.24053454166666668 0.6693670384615384 0.23649446153846151 0.6859410673076923 0.23645886538461539 0.691506108974359 0.2399248269230769 0.7076867596153846 0.24155518589743588 0.7138189871794872 0.24323824358974358 0.7147125192307693 0.27279783653846157 0.7167630737179487 0.2812829230769231 0.7163183878205128 0.2834989551282051 0.714893266025641 0.28653872115384615 0.716697435897436 0.29504091346153843 0.7165790993589743 0.2972740512820513 0.715480326923077 0.2993005608974359 0.7166831057692308 0.3045050480769231 0.7160831025641026 0.31563791666666663 0.7037188044871795 0.3175618044871795 0.7029634871794872 0.33192534615384617 0.6835577115384616 0.3314450673076923 0.680637669871795 0.3339190384615384 0.6778900448717948 0.3344178076923077 0.6749186923076923 0.33287574038461537 0.6579827275641026 0.3307808173076923 0.6554745480769231 0.32877279807692306 0.648380375 0.32933998076923077 0.6467144198717949 0.3272450576923077 0.6442062467948718 0.3244475128205128 0.6345354807692307 0.32164858012820513 0.6310824647435898 0.3217354871794872 0.6264964679487179 0.30870554487179486 0.5964182243589743 0.31109400000000004 0.5920388557692308 0.3103215769230769 0.5897886153846154 0.3118336025641026 0.5874186538461539 0.30483604807692305 0.5413164679487179 0.3049229519230769 0.5367304711538461 0.30841017628205125 0.5345842371794871 0.3137172852564103 0.5359423333333334 0.32755940384615384 0.5440525352564103 0.3303241282051282 0.5468528557692307 0.3366958012820513 0.549791391025641 0.36992659294871794 0.5719387852564102 0.4497158076923077 0.6207710384615385 0.4524976378205128 0.6238977083333334 0.4744800032051282 0.6374717243589744 0.49182506089743594 0.6499797884615385 0.5049631698717949 0.6571451506410256 0.5175854070512821 0.6669555160256411 0.5290062532051282 0.6725746474358975 0.531444625 0.6753920673076923 0.5422127724358975 0.681045407051282 0.5585274743589743 0.6926257307692308 0.5689350641025641 0.6976434711538462 0.6371481153846154 0.7441371955128205 0.6617583814102564 0.757900733974359 0.6685932307692308 0.7634329647435897 0.7010687019230769 0.783656467948718 0.7072508525641025 0.7892229006410256 0.7132619711538462 0.7915258365384615 0.7208008269230769 0.7980029070512821 0.7288384551282051 0.8015086217948718 0.730297782051282 0.8043773557692308 0.738988108974359 0.8078488653846154 0.7413922788461539 0.8100135897435897 0.7386945801282051 0.8147364102564102 0.7408066025641026 0.8175709358974359 0.760558608974359 0.8198082371794871 1 0.8072596442307692 1 0.6325210769230769