17 0.8237244615384615 0.4863769615384616 0.8242698557692307 0.45513132051282046 0.7836508397435897 0.4544223141025641 0.7831054455128206 0.48566795512820515 0.8237244615384615 0.4863769615384616
16 0.9914129262820512 0.5486878205128205 0.992667314102564 0.47682396794871795 0.9333007564102564 0.4757877179487179 0.9320463653846155 0.5476515737179487 0.9914129262820512 0.5486878205128205
17 0.6298952980769231 0.48924421153846154 0.6310406025641025 0.42362981089743595 0.5435539294871795 0.4221027243589744 0.542408625 0.4877171282051282 0.6298952980769231 0.48924421153846154
17 0.7940612467948718 0.3952201858974359 0.7944975576923077 0.37022399358974356 0.7726252884615384 0.36984221153846153 0.7721889775641025 0.3948384038461539 0.7940612467948718 0.3952201858974359
21 0.6327465224358974 0.5049215641025641 0.6345463076923077 0.4018120673076923 0.3814604615384615 0.3973944391025641 0.37966067948717946 0.5005039326923078 0.6327465224358974 0.5049215641025641
17 0.8788755192307692 0.5498491474358974 0.8795845256410255 0.5092301378205129 0.8358407884615385 0.5084665865384616 0.8351317820512821 0.5490855993589744 0.8788755192307692 0.5498491474358974
16 0.5391202724358974 0.4970367596153846 0.5407019006410256 0.40642535897435894 0.46258860256410256 0.40506188782051283 0.4610069743589744 0.4956732852564103 0.5391202724358974 0.4970367596153846
17 0.7656676314102564 0.4103521506410257 0.7469200865384615 0.41002491346153846 0.7463201634615384 0.4443944775641025 0.7619429871794872 0.4446671762820512 0.7651222532051282 0.44159699038461536 0.7656676314102564 0.4103521506410257
18 0.5184609294871795 0.5000546730769231 0.5339175032051282 0.48828411217948714 0.532382641025641 0.4842438685897436 0.5235977564102564 0.4816824551282052 0.47550702564102565 0.477632266025641 0.4769158237179488 0.4888945224358974 0.47366401923076923 0.4912458365384615 0.4799995480769231 0.49617256730769227 0.4944015544871795 0.49883202564102563 0.5184609294871795 0.5000546730769231
18 0.4844880032051282 0.46895943589743594 0.5365629551282052 0.47468455128205134 0.5406172051282052 0.47234724679487183 0.5457680416666667 0.4531725833333334 0.5459221153846153 0.4443456762820513 0.5389522211538462 0.4297755897435897 0.527041592948718 0.4223434711538462 0.5134560384615384 0.41889557371794867 0.4917619871794872 0.4201222852564102 0.4779803365384615 0.4279086314102564 0.4648890769230769 0.4421285512820513 0.46532734615384613 0.4630061506410256 0.4844880032051282 0.46895943589743594
16 0.9195330608974359 0.3692808173076923 0.9190422115384616 0.3974017371794872 0.9471623237179486 0.3978925737179487 0.9503415929487179 0.39482239102564104 0.9503961217948719 0.391698467948718 0.9535753846153846 0.38862828525641024 0.953902625 0.3698807403846154 0.9195330608974359 0.3692808173076923
18 0.4164201634615385 0.4597444006410257 0.450080875 0.46274002243589746 0.45669653525641024 0.45161783333333333 0.4553437692307692 0.43714579166666667 0.45068316666666663 0.42823484615384616 0.4404194487179487 0.41842340384615384 0.4132623461538461 0.4107251634615385 0.4083636282051282 0.4154558012820513 0.3940777371794872 0.45213020192307696 0.39237479807692305 0.4577193076923077 0.396331 0.460999125 0.4164201634615385 0.4597444006410257
18 0.40408933333333336 0.47638566666666665 0.417548826923077 0.48705558012820516 0.42557328846153847 0.48719564743589744 0.42806466346153843 0.4824229903846154 0.4417202532051282 0.4818586602564102 0.44501407692307693 0.47710000961538457 0.4426627692307692 0.47384820512820514 0.4298516442307692 0.47201920833333333 0.4257693814102564 0.4759614038461538 0.41453513782051277 0.4757653076923077 0.40418738141025645 0.47076854487179487 0.40176603525641025 0.4715289711538462 0.40408933333333336 0.47638566666666665
18 0.3747449391025641 0.41005283974358975 0.3563166955128205 0.4081257916666666 0.3410001858974359 0.4118718942307692 0.3247551730769231 0.42282600320512825 0.32302422115384616 0.43002000320512823 0.32512341025641023 0.44771583653846153 0.32741869551282055 0.4541774230769231 0.33376822756410257 0.4583017051282051 0.3297139775641026 0.4606390128205128 0.32881348397435894 0.466242125 0.33427653205128205 0.47516708012820513 0.3574634230769231 0.480387951923077 0.3703165673076923 0.4798096153846154 0.37841106089743587 0.4759374487179487 0.37469297115384614 0.4590160512820513 0.38972528525641026 0.4255654391025641 0.38906290384615383 0.41752697435897435 0.3747449391025641 0.41005283974358975