11 0.49357945512820517 0.8336008557692307 0.7439807371794872 0.8336008557692307 0.7504012852564103 0.829588016025641 0.754414125 0.8303905833333334 0.772070625 0.8119315128205128 0.7752808974358975 0.8039058333333333 0.7969502403846154 0.7846441955128205 0.8009630833333333 0.7766185128205129 0.8146067403846154 0.7637774198717948 0.8154093108974358 0.7581594423076924 0.8410914935897436 0.7348849647435898 0.8579454262820513 0.7108079198717949 0.8940609935897436 0.6730872115384615 0.8980738365384615 0.6642589615384615 0.9221508814102564 0.6425896185897436 0.9438202243589743 0.6128945961538462 0.9743178173076924 0.5823970032051282 0.9991974326923077 0.5494917083333334 0.9975922948717949 0.4074371314102564 0.7833065801282051 0.610486891025641 0.7752808974358975 0.6153023012820513 0.6091492788461539 0.7774210801282051 0.5955056185897436 0.7677902628205129 0.41974317948717943 0.5920278237179487 0.3154093108974359 0.49331193269230766 0.2969502403846154 0.47164258974358975 0.25682183012820514 0.43552701923076925 0.25120385256410255 0.43392188461538456 0.24959871474358972 0.42348849679487177 0.25682183012820514 0.4178705192307692 0.24879614743589742 0.39379347115384616 0.25200641987179484 0.36891385897435897 0.2624398076923077 0.3528624935897436 0.26886035256410257 0.35045478846153844 0.2696629198717949 0.3464419487179487 0.27528089743589745 0.3464419487179487 0.27849117307692306 0.34082397115384616 0.28330658012820514 0.34162653846153845 0.2905296955128205 0.3376136987179487 0.2921348301282051 0.33360085576923076 0.31219903846153846 0.3319957211538462 0.3130016057692308 0.3279828782051282 0.3362760833333333 0.3303905833333333 0.35313001602564104 0.3392188333333333 0.3579454262820513 0.3303905833333333 0.3587479935897436 0.30952381089743586 0.37239165384615386 0.2894596025641026 0.2134831474358974 0.3721241314102564 0.20866773717948717 0.37533440384615385 0.20706259935897436 0.3849652211538462 0.19903691666666667 0.38255751602564103 0.19341893910256408 0.39138576923076923 0.18218298397435898 0.3945960416666666 0.17736757692307692 0.404226858974359 0.17094703205128203 0.4074371314102564 0.16613162179487181 0.4186730865384615 0.16773675641025643 0.4395398621794872 0.18860353205128205 0.46923488461538465 0.2817014455128205 0.5799892980769231 0.4638844294871795 0.8103263782051282 0.48234350000000004 0.8303905833333334 0.49357945512820517 0.8336008557692307
11 0.40048154166666666 0.27421080769230766 0.41894060897435903 0.2685928301282051 0.4293739967948718 0.27100053525641027 0.43418940705128206 0.2766185128205128 0.4438202243589744 0.2766185128205128 0.45585874679487176 0.28624933012820514 0.4799357948717949 0.2902621730769231 0.5714285705128206 0.23649010256410258 0.5906902083333333 0.22204387499999997 0.581059391025641 0.2043873717948718 0.5754414134615384 0.19957196474358974 0.5754414134615384 0.19315141666666666 0.5706260032051282 0.19074371474358975 0.556982342948718 0.19315141666666666 0.5553772083333334 0.18592830448717948 0.5465489551282051 0.18271803205128206 0.5361155705128205 0.18352059935897436 0.5329052980769231 0.176297483974359 0.5224719102564103 0.1787051891025641 0.5256821826923077 0.18191546153846153 0.5216693429487179 0.18432316666666668 0.5353130032051282 0.1947565544871795 0.5353130032051282 0.19957196474358974 0.5256821826923077 0.20759764423076923 0.40048154166666666 0.27421080769230766
21 0.335473516025641 0.4884965224358974 0.3563402884615384 0.5077581602564103 0.3916532916666666 0.5222043878205128 0.40690208653846155 0.5559122532051283 0.4237560192307693 0.5743713205128206 0.44141251923076924 0.590422685897436 0.4743178173076923 0.6032637788461539 0.49036918269230767 0.6008560737179487 0.5128410929487179 0.5888175480769231 0.5585874807692307 0.5527019807692307 0.5634028878205128 0.5430711602564102 0.5634028878205128 0.50294275 0.5914927756410256 0.5125735673076923 0.6019261634615385 0.5109684326923077 0.6356340288461538 0.4909042275641025 0.6637239166666666 0.46923488461538465 0.6677367564102564 0.46281433974358976 0.6669341891025642 0.40101658653846156 0.664526483974359 0.38175494871794874 0.659711076923077 0.37533440384615385 0.5922953461538462 0.3456393782051282 0.581059391025641 0.3448368108974359 0.5658105929487179 0.35125735576923073 0.5609951858974359 0.33440342307692306 0.5465489551282051 0.3247726057692308 0.5 0.3031032628205128 0.4855537724358974 0.30470840064102567 0.4526484743589744 0.2854467628205128 0.4181380416666667 0.27180310256410256 0.40128410897435896 0.27421080769230766 0.36276083333333337 0.29748528525641027 0.35553772115384613 0.33360085576923076 0.3418940608974359 0.33279828846153847 0.3362760833333333 0.32718031089743593 0.3242375608974359 0.3239700384615385 0.3001605128205128 0.32718031089743593 0.2656500801282051 0.3464419487179487 0.24959871474358972 0.3713215608974359 0.24959871474358972 0.39700374679487177 0.25601926282051285 0.4146602467948718 0.27126805769230766 0.4403424294871795 0.2945425352564103 0.4604066346153846 0.3234349903846154 0.4684323173076923 0.335473516025641 0.4884965224358974
16 0.48876404487179487 0.601658641025641 0.5184590705128205 0.5848047083333333 0.5537720705128205 0.5575173878205129 0.5626003205128205 0.5454788653846153 0.5626003205128205 0.49892991025641026 0.5545746378205129 0.4579989294871795 0.5256821826923077 0.43713215705128206 0.48475120512820513 0.4178705192307692 0.46869983974358975 0.4178705192307692 0.4526484743589744 0.42669876923076927 0.4165329038461539 0.4499732467948718 0.3916532916666666 0.47244515705128204 0.3916532916666666 0.5165864102564103 0.4052969487179487 0.5527019807692307 0.4205457467948718 0.571161048076923 0.4454253621794872 0.5928303910256411 0.4711075448717949 0.6024612083333333 0.48876404487179487 0.601658641025641
16 0.3892455865384616 0.5077581602564103 0.3892455865384616 0.48047083974358973 0.39406099358974356 0.4668271794871795 0.46629213461538466 0.41546281410256414 0.4638844294871795 0.40181915384615385 0.4574638846153846 0.3945960416666666 0.4261637243589744 0.37613697115384614 0.39325842628205127 0.3640984487179487 0.38362760897435894 0.36490101602564107 0.34670947115384615 0.3849652211538462 0.31861958333333334 0.4106474038461539 0.31861958333333334 0.44917067948717954 0.3338683782051282 0.48528625000000003 0.35714285576923077 0.5077581602564103 0.38683788141025643 0.52059925 0.392455858974359 0.5197966826923077 0.3892455865384616 0.5077581602564103
16 0.3218298557692308 0.4668271794871795 0.3162118782051282 0.4451578397435898 0.31861958333333334 0.40823970192307696 0.3434991987179487 0.38576779166666664 0.38121990384615384 0.36570358333333336 0.38362760897435894 0.36008560576923077 0.3772070641025641 0.3528624935897436 0.35393258333333333 0.338416266025641 0.3242375608974359 0.3263777435897436 0.3097913333333333 0.3255751730769231 0.2776886025641026 0.3392188333333333 0.2656500801282051 0.34884965064102563 0.25200641987179484 0.36811128846153846 0.24959871474358972 0.37774210897435895 0.25120385256410255 0.40021401923076927 0.25682183012820514 0.41546281410256414 0.272070625 0.43873729166666664 0.2905296955128205 0.4579989294871795 0.3218298557692308 0.4668271794871795
16 0.42857142948717947 0.37533440384615385 0.43097913461538456 0.3432316762820513 0.4454253621794872 0.3287854455128205 0.47752808974358973 0.3087212403846154 0.47913322756410254 0.30470840064102567 0.4727126794871795 0.29588015064102563 0.4654895673076923 0.2918673076923077 0.4109149262820513 0.27100053525641027 0.37479935897435895 0.2902621730769231 0.36276083333333337 0.30470840064102567 0.3595505608974359 0.31514178846153845 0.3579454262820513 0.33279828846153847 0.361958266025641 0.34242910576923075 0.3772070641025641 0.35125735576923073 0.3876404487179487 0.3624933108974359 0.40128410897435896 0.3640984487179487 0.42857142948717947 0.37533440384615385
16 0.5080256826923076 0.42669876923076927 0.5104333878205127 0.4258962019230769 0.5120385224358974 0.39138576923076923 0.5650080256410256 0.3528624935897436 0.5634028878205128 0.3392188333333333 0.5553772083333334 0.32958801602564103 0.50882825 0.30631353525641025 0.4943820224358974 0.3023006955128205 0.4855537724358974 0.30470840064102567 0.4526484743589744 0.3239700384615385 0.43097913461538456 0.3456393782051282 0.43097913461538456 0.37613697115384614 0.45987158974358977 0.3945960416666666 0.46629213461538466 0.40181915384615385 0.469502407051282 0.41546281410256414 0.48234350000000004 0.41546281410256414 0.5080256826923076 0.42669876923076927
16 0.6019261634615385 0.5109684326923077 0.6372391666666667 0.48929908974358977 0.6677367564102564 0.463616907051282 0.664526483974359 0.38175494871794874 0.6589085064102564 0.37613697115384614 0.6300160512820513 0.36169074358974357 0.5914927756410256 0.3456393782051282 0.581059391025641 0.3456393782051282 0.5361155705128205 0.3729266987179487 0.5128410929487179 0.3921883365384616 0.5136436602564103 0.4291064743589744 0.5561797756410256 0.4579989294871795 0.5634028878205128 0.4997324775641025 0.5698234358974359 0.5045478878205127 0.5922953461538462 0.5125735673076923 0.6019261634615385 0.5109684326923077
6 0.34028892307692304 0.5101658653846154 0.35553772115384613 0.527019798076923 0.3595505608974359 0.527019798076923 0.36035313141025643 0.5326377756410257 0.3699839487179487 0.5374531826923077 0.37399678846153844 0.5470840032051283 0.3860353141025641 0.5551096858974359 0.4028892467948718 0.5735687532051282 0.40770465384615384 0.5759764583333333 0.41252006410256403 0.5743713205128206 0.4205457467948718 0.5896201185897436 0.42696629166666666 0.5928303910256411 0.4301765641025641 0.6008560737179487 0.43980738461538466 0.610486891025641 0.4727126794871795 0.6425896185897436 0.48475120512820513 0.6506153012820513 0.48715890705128206 0.6562332788461539 0.5112359551282051 0.6771000544871795 0.5296950256410257 0.6979668269230769 0.539325842948718 0.7035848044871795 0.5441412532051283 0.7124130544871795 0.5545746378205129 0.7148207596153846 0.5545746378205129 0.7212413044871795 0.5706260032051282 0.739700375 0.5882825032051282 0.7525414647435897 0.6011235961538463 0.7669876955128205 0.6139646858974359 0.7677902628205129 0.6139646858974359 0.7629748525641026 0.6227929358974359 0.7597645801282051 0.6260032115384616 0.7509363301282052 0.6324237564102564 0.7501337628205128 0.6436597115384616 0.7405029423076923 0.6581059391025641 0.7236490096153846 0.664526483974359 0.7204387371794871 0.6677367564102564 0.7132156217948717 0.6717495993589743 0.7124130544871795 0.6934189391025641 0.691546282051282 0.6958266442307692 0.6859283044871796 0.7014446217948718 0.6843231666666666 0.7624398076923077 0.6225254134615384 0.7688603525641026 0.619315141025641 0.7817014455128205 0.6024612083333333 0.7873194230769232 0.6008560737179487 0.7921348301282051 0.5928303910256411 0.7977528076923077 0.5920278237179487 0.8170144455128204 0.5727661858974359 0.8210272884615384 0.5639379358974359 0.8370786506410257 0.5551096858974359 0.861958266025641 0.5278223653846154 0.8796147660256409 0.5149812724358974 0.8900481538461538 0.5005350448717949 0.8964686987179488 0.49892991025641026 0.9807383621794872 0.41706795192307694 0.9991974326923077 0.40342429166666666 0.9991974326923077 0.33360085576923076 0.9751203846153845 0.33279828846153847 0.9686998397435898 0.32958801602564103 0.9662921346153845 0.3247726057692308 0.9574638846153846 0.32718031089743593 0.9446227916666666 0.3247726057692308 0.9422150897435898 0.3191546282051282 0.9349919743589743 0.31514178846153845 0.931781701923077 0.3167469230769231 0.9285714294871795 0.3111289455128205 0.9245585865384616 0.31273408333333336 0.9149277692307692 0.30631353525641025 0.8860353141025641 0.30551096794871796 0.8731942211538462 0.296682717948718 0.861958266025641 0.296682717948718 0.8459069006410257 0.28785446794871794 0.8298555384615384 0.28705190064102565 0.817817016025641 0.27902621794871796 0.7905296955128205 0.275013375 0.7897271282051282 0.26939539743589747 0.7383627596153846 0.2685928301282051 0.7343499198717949 0.26377741987179487 0.7134831474358975 0.25976458012820514 0.7094703044871795 0.26136971794871794 0.6942215096153846 0.2565543076923077 0.6853932596153846 0.25013376282051286 0.6677367564102564 0.2493311923076923 0.6573033717948719 0.2413055096153846 0.6276083461538462 0.2405029423076923 0.616372391025641 0.23247725961538462 0.5939004807692309 0.23247725961538462 0.589887641025641 0.2405029423076923 0.581059391025641 0.2413055096153846 0.5842696634615384 0.24612091987179488 0.5818619583333333 0.2493311923076923 0.5690208653846154 0.25093633012820515 0.5698234358974359 0.26618512499999997 0.5674157307692307 0.2685928301282051 0.5425361153846153 0.2677902628205128 0.5357142852564102 0.2774210801282051 0.5288924551282052 0.2758159455128205 0.5192616378205128 0.283841625 0.5168539326923077 0.2830390576923077 0.5128410929487179 0.28785446794871794 0.5136436602564103 0.2934724455128205 0.5080256826923076 0.2990904230769231 0.5008025673076923 0.3006955576923077 0.5248796153846154 0.30952381089743586 0.5288924551282052 0.31433921794871794 0.5401284102564102 0.31433921794871794 0.5441412532051283 0.32156233333333334 0.5537720705128205 0.3231674679487179 0.5634028878205128 0.33279828846153847 0.5674157307692307 0.3319957211538462 0.5706260032051282 0.34242910576923075 0.5971107532051282 0.3432316762820513 0.6019261634615385 0.34804708333333334 0.6348314615384616 0.36008560576923077 0.6653290544871795 0.3769395384615385 0.6693418942307692 0.40181915384615385 0.670947032051282 0.45719636217948717 0.6637239166666666 0.47324772756410255 0.6235955064102564 0.50294275 0.5955056185897436 0.5165864102564103 0.5674157307692307 0.5093632948717949 0.5666131634615384 0.5454788653846153 0.559390048076923 0.5567148205128205 0.52648475 0.5848047083333333 0.4983948621794872 0.6024612083333333 0.48475120512820513 0.6064740512820513 0.47030497435897434 0.6064740512820513 0.4406099519230769 0.5936329583333333 0.4044943814102564 0.5583199583333334 0.3964686987179487 0.5358480480769231 0.39325842628205127 0.5302300705128206 0.3892455865384616 0.5294274999999999 0.38844301923076924 0.5238095224358974 0.35553772115384613 0.5109684326923077 0.34510433333333335 0.49892991025641026 0.33226324358974363 0.4909042275641025 0.3282504006410256 0.48047083974358973 0.3210272884615385 0.47645800000000005 0.3242375608974359 0.47324772756410255 0.3170144455128205 0.4772605673076923 0.31861958333333334 0.48929908974358977 0.32504012820512823 0.4909042275641025 0.33226324358974363 0.49812733974358975 0.33226324358974363 0.5037453173076923 0.33788122115384617 0.5109684326923077 0.34028892307692304 0.5101658653846154
6 0.2569550576923077 0.4164106474358974 0.25534991987179484 0.4356722852564103 0.2617704647435898 0.4412902628205128 0.2657833076923077 0.4404876955128205 0.2738089871794872 0.4525262179487179 0.2850449423076923 0.4597493301282051 0.2954783301282051 0.4741955576923077 0.31554253525641024 0.4902469230769231 0.3243707852564102 0.5022854455128205 0.34282985576923075 0.5143239711538461 0.3452375608974359 0.5199419487179487 0.3620914935897436 0.5335856057692308 0.3628940608974359 0.5375984487179487 0.37011717628205126 0.5408087211538462 0.37011717628205126 0.5448215608974359 0.3805505608974359 0.5552549487179487 0.3933916538461539 0.5624780641025641 0.39258908653846153 0.5664909038461539 0.3998121987179487 0.568898608974359 0.4206789711538461 0.5937782243589743 0.4279020865384615 0.5953833589743589 0.4383354743589744 0.610632157051282 0.4583996794871795 0.6234732467948718 0.4600048141025641 0.6290912243589744 0.47124076923076924 0.6298937948717949 0.47525361217948714 0.637116907051282 0.47364847435897434 0.6403271794871795 0.47685874679487184 0.637116907051282 0.4824767243589743 0.6395246121794872 0.4824767243589743 0.6459451570512821 0.4896998397435897 0.6507605673076923 0.48809470192307697 0.6539708397435897 0.49451525 0.6571811121794872 0.5065537724358975 0.6539708397435897 0.5153820224358975 0.6595888173076923 0.5145794551282051 0.6732324775641025 0.5258154102564102 0.6740350448717949 0.5290256826923078 0.69409925 0.5410642051282051 0.700519798076923 0.5571155705128205 0.7221891378205129 0.5675489551282051 0.7221891378205129 0.5707592307692307 0.7390430705128205 0.5819951858974358 0.7406482083333333 0.5844028878205128 0.7502790256410256 0.5904221506410257 0.7510815929487179 0.5956388429487179 0.7558970032051282 0.5988491185897435 0.7671329583333334 0.6124927756410257 0.7727509358974358 0.6381749583333334 0.7438584807692308 0.6437929358974359 0.7422533429487179 0.6478057788461538 0.7350302307692308 0.6686725512820513 0.7197814326923078 0.709603532051282 0.6796530224358974 0.7152215096153847 0.6700222051282052 0.7409036923076924 0.649958 0.7409036923076924 0.6467477275641026 0.753744782051282 0.6339066346153847 0.8067142852564103 0.5873576794871794 0.8524606730769231 0.5408087211538462 0.8733274487179487 0.5223496506410257 0.8765377211538461 0.5223496506410257 0.880550560897436 0.5151265384615384 0.9672279294871794 0.4332645801282051 0.999330657051282 0.40838496474358976 0.999330657051282 0.32090502884615385 0.9808715897435897 0.3176947564102564 0.9656227916666668 0.32331273397435895 0.9375329038461538 0.3040510961538461 0.9214815416666667 0.30244596153846154 0.9078378814102565 0.29522284615384614 0.8837608333333333 0.2904074358974359 0.8797479935897436 0.292815141025641 0.8685120384615385 0.28559202884615387 0.8524606730769231 0.283986891025641 0.8043065801282052 0.2695406634615385 0.7954783301282051 0.2727509358974359 0.7794269647435897 0.2639226858974359 0.775414125 0.2655278237179487 0.7722038525641026 0.2623175480769231 0.7569550576923076 0.2615149807692308 0.7561524871794872 0.25830470833333335 0.7392985544871795 0.257502141025641 0.7272600320512821 0.25108159294871796 0.7192343493589743 0.25268673076923076 0.7168266442307692 0.24867389102564103 0.700775282051282 0.24787132051282051 0.6967624391025641 0.24385848076923075 0.6791059391025641 0.23904307051282053 0.6598443012820513 0.23824050320512818 0.655028891025641 0.23422766025641026 0.646200641025641 0.23422766025641026 0.641385233974359 0.2302148205128205 0.6084799358974359 0.22459684294871793 0.6004542532051281 0.22058400320512822 0.5956388429487179 0.2294122532051282 0.5844028878205128 0.2286096858974359 0.577982342948718 0.2374379358974359 0.5571155705128205 0.2446610480769231 0.5547078653846154 0.25108159294871796 0.5498924551282052 0.24867389102564103 0.5523001602564103 0.25268673076923076 0.5490898878205128 0.2558970032051282 0.5362487948717949 0.257502141025641 0.5282231153846154 0.2655278237179487 0.5081589070512821 0.27435607371794873 0.49933065705128205 0.2847894583333333 0.49451525 0.2847894583333333 0.4929101121794872 0.2888023012820513 0.48648956730769227 0.2904074358974359 0.4888972724358974 0.29602541346153843 0.48648956730769227 0.3008408237179487 0.4776613173076923 0.2992356891025641 0.4575971121794872 0.28719716346153845 0.4495714294871795 0.28719716346153845 0.4407431794871795 0.2799740512820513 0.4270995192307693 0.2767637788461539 0.4214815416666667 0.27114580128205124 0.4078378814102564 0.2695406634615385 0.37493258333333335 0.28719716346153845 0.36931460576923075 0.29442027884615385 0.35888122115384613 0.29522284615384614 0.3620914935897436 0.30324852884615383 0.36128892307692306 0.31849732371794875 0.35085553846153844 0.3192998942307692 0.3484478333333333 0.3160896185897436 0.33801444551282056 0.3192998942307692 0.3315939006410256 0.3112742115384615 0.31473996794871795 0.32170759615384614 0.30751685256410255 0.32251016666666665 0.2641781698717949 0.3441795064102564 0.26096789743589743 0.35702059935897434 0.2505345096153846 0.36263857692307694 0.2481268044871795 0.3714668269230769 0.23608828205128204 0.36986169230769234 0.2216420544871795 0.3730719647435898 0.22404975961538462 0.3931361698717949 0.24652166987179486 0.39153103205128204 0.2505345096153846 0.395543875 0.2497319423076923 0.4011618525641026 0.25454735256410255 0.4059772596153846 0.2569550576923077 0.4164106474358974