18 0.20816747435897434 0.2439519903846154 0.15874204166666667 0.21752323717948718 0.11853570192307693 0.21340889743589742 0.0561129967948718 0.22413077884615384 0.026110285256410258 0.25274864423076926 0.02081532051282051 0.2713029455128205 0.018716128205128208 0.2889987788461538 0.021319560897435898 0.300191 0.035661480769230765 0.3400751891025641 0.04965323076923077 0.35989822435897434 0.08808659615384616 0.35441122115384616 0.1288432628205128 0.3440675288461538 0.21028655769230772 0.3193679038461538 0.21818495512820513 0.3120058237179487 0.2180588942307692 0.3047838076923077 0.21397663141025644 0.3008416153846154 0.19717134615384616 0.2577896634615385 0.19711532051282052 0.2545798814102564 0.201901983974359 0.25289094871794876 0.20816747435897434 0.2439519903846154
18 0.08115872756410256 0.37138864743589745 0.08044032051282052 0.37621733333333335 0.091800625 0.38324325 0.08867488141025641 0.3881139551282051 0.1379882596153846 0.4081231378205128 0.15320672115384615 0.4062521185897436 0.20028490705128205 0.3901792435897436 0.22734396153846154 0.3768638814102564 0.23827005769230772 0.35901397115384615 0.23694936217948717 0.32933748076923075 0.23365553846153844 0.32457883012820515 0.22080239423076925 0.3240004935897436 0.10583845512820513 0.35972019551282053 0.08669180769230769 0.36647592307692306 0.08115872756410256 0.37138864743589745
18 0.6002174551282051 0.17128811217948717 0.5930094487179487 0.1722166217948718 0.5896736025641025 0.16505063141025642 0.560785548076923 0.165554875 0.5593207243589744 0.17360734935897434 0.5505918653846154 0.1793785448717949 0.5408784711538461 0.17473194871794873 0.5448726346153846 0.21961289743589743 0.5569373365384616 0.22100768910256408 0.5720297371794871 0.21191465384615385 0.5936677660256411 0.20993158012820515 0.5991308141025641 0.20100662820512818 0.5986966025641026 0.17613080128205127 0.6074534743589743 0.1719645 0.6033431987179487 0.16641741025641027 0.6002174551282051 0.17128811217948717
18 0.5733784487179487 0.2431960416666667 0.5724779519230769 0.23759292628205125 0.5772786217948718 0.2367064391025641 0.5795879134615385 0.23104729487179484 0.5907941442307693 0.2292463108974359 0.5994809807692307 0.22106777564102564 0.5953426923076923 0.21391579487179485 0.5881066698717949 0.21323941025641027 0.5498133685897436 0.2267508717948718 0.5475460993589744 0.23481734935897436 0.552500842948718 0.24275776923076925 0.5733784487179487 0.2431960416666667
22 0.5901177596153846 0.23648233012820513 0.6037313237179487 0.23463932692307693 0.6228359551282051 0.2254762596153846 0.6227799262820513 0.22226647115384615 0.6323952756410256 0.22129594551282053 0.6442638814102565 0.21145649358974358 0.6409560512820512 0.2058953974358974 0.6440958012820512 0.201827141025641 0.638366625 0.1955056217948718 0.617601076923077 0.20148691666666665 0.5985244615384615 0.2122548782051282 0.5884148173076923 0.23089322115384617 0.5901177596153846 0.23648233012820513
22 0.2900508653846154 0.33643749358974356 0.31399818269230767 0.3287952756410256 0.31734803205128204 0.3367637115384615 0.33265053525641025 0.3397073653846154 0.35579540705128204 0.33207915705128205 0.5312129871794872 0.2648019935897436 0.5519084999999999 0.254808467948718 0.5630166826923076 0.247390358974359 0.5653399807692308 0.24253366025641027 0.5439581346153846 0.21320733653846155 0.5368522371794872 0.17399953846153846 0.5294901570512821 0.1661011378205128 0.3930743365384616 0.16848228525641026 0.3875832756410257 0.17580234615384616 0.3811216891025641 0.17350706410256408 0.36685975 0.18419098076923077 0.3338894294871795 0.18075302884615385 0.2978353846153846 0.1845931153846154 0.2834753974358974 0.18965991346153846 0.25979420833333333 0.21254860256410255 0.2612969935897436 0.25265689423076926 0.2823666282051282 0.3100828365384615 0.28083176923076925 0.3141230801282051 0.28518016025641024 0.33331175320512824 0.2900508653846154 0.33643749358974356
22 0.6035813141025641 0.18005899038461537 0.593219548076923 0.1842533076923077 0.5935136923076924 0.20110467628205128 0.6071272596153846 0.19926166666666667 0.6119839551282051 0.20158496474358975 0.6270623493589743 0.19168948717948717 0.6326794711538462 0.1915914391025641 0.6508415833333334 0.17441791666666667 0.6459568782051281 0.17048972756410255 0.6458448237179487 0.16407016025641025 0.6009078461538462 0.16485453846153847 0.6035813141025641 0.18005899038461537
18 0.646054923076923 0.17610684935897436 0.6341442916666666 0.18353896474358974 0.6342283333333334 0.18835364102564103 0.6374521282051282 0.1891000608974359 0.6469834294871796 0.18331485576923076 0.660597 0.18147184935897437 0.6710287980769231 0.18128976282051282 0.6759275128205129 0.18602039743589743 0.6790392467948718 0.18034725 0.6691157564102564 0.16366396474358974 0.6442399294871795 0.1640981730769231 0.646054923076923 0.17610684935897436
16 0.5834036314102564 0.5416219038461538 0.5987761666666667 0.5485777916666666 0.6235539423076923 0.5425264615384615 0.624258342948718 0.5368953333333334 0.6360989391025641 0.5254509871794871 0.6362710801282052 0.48932691025641023 0.629697439102564 0.4806120608974359 0.6134944423076923 0.47206528846153845 0.5949541474358975 0.467572766025641 0.5679371121794872 0.48329547115384613 0.5624740641025641 0.4922204262820513 0.5638787980769231 0.5267115961538461 0.5834036314102564 0.5416219038461538
16 0.8314118237179488 0.26437814743589744 0.83753725 0.24741472756410254 0.834989842948718 0.23943228846153844 0.8301051314102563 0.23550409615384615 0.8124093012820512 0.23340491025641028 0.800498673076923 0.2408370224358974 0.7974569711538462 0.2505224038461538 0.7976810769230769 0.2633615384615385 0.8025938012820513 0.2688946185897436 0.8202896346153846 0.2709938076923077 0.8314118237179488 0.26437814743589744
16 0.9224704615384616 0.23870799679487179 0.9250458814102563 0.24829533012820512 0.9221862660256409 0.26841250641025644 0.9278033878205127 0.26831446153846156 0.9349133461538462 0.2617688301282051 0.9370825705128204 0.24808523076923075 0.9312973685897435 0.2385539230769231 0.9224704615384616 0.23870799679487179
16 0.5949563846153847 0.28375660897435895 0.5867218237179487 0.2718599903846154 0.570644891025641 0.27053523076923075 0.5619300384615384 0.27710887179487176 0.5580578782051282 0.2852033653846154 0.5575495737179487 0.3020687371794872 0.5608714102564103 0.3084322820512821 0.585803266025641 0.31120785576923077 0.5921527980769231 0.30708357051282054 0.5949563846153847 0.28375660897435895
7 0 0.5043633685897435 0.000043471153846153845 0.5068538269230769 0.025609685897435897 0.4999860448717949 0.0630024935897436 0.4808714711538462 0.20488541987179487 0.42381194230769226 0.30923547115384614 0.37784253205128204 0.418470233974359 0.3358013044871795 0.5435158044871795 0.2798383653846154 0.5516243044871795 0.2845129743589743 0.5533272403846154 0.2901020833333333 0.5580438717948718 0.2844009198717949 0.5602691217948718 0.2739271025641026 0.5666186538461538 0.2698028205128205 0.5915224935897435 0.2709735032051282 0.6064888333333334 0.2546584551282051 0.6128663782051282 0.25213906089743593 0.61534375 0.2561092692307692 0.6258175705128205 0.25833452243589744 0.6184835 0.25204101602564105 0.620018358974359 0.2480007724358974 0.626395907051282 0.2454813814102564 0.6360532756410257 0.2469181891025641 0.6351667852564102 0.24211752243589743 0.6423187660256411 0.23797923076923078 0.6535530096153845 0.2377831346153846 0.6599025448717948 0.23365885256410257 0.6615634647435897 0.23684062179487178 0.6606489647435898 0.23043506410256412 0.666210060897436 0.22712722756410259 0.7060662307692308 0.21118041987179487 0.7111330256410257 0.22554040705128203 0.708427483974359 0.2544844871794872 0.7024281217948718 0.27866992307692307 0.7027502756410257 0.29712617948717945 0.6791070416666667 0.3681756346153846 0.6785847339743589 0.3842385608974359 0.6973771506410257 0.40317511217948715 0.7070905448717948 0.40782170833333337 0.7647686057692308 0.4011960993589743 0.770133608974359 0.38665402564102563 0.7714583653846153 0.37057708974358977 0.7569483653846154 0.3210635512820513 0.755725717948718 0.2970041826923077 0.7716426923076923 0.19719273076923077 0.767252282051282 0.17559672435897436 0.7718288397435897 0.16187109935897434 0 0.17534342307692308 0 0.5043633685897435
5 1 0.7225884871794872 0.2398528205128205 0.44969037179487176 0.22622524358974358 0.4507309326923077 0.2215786506410256 0.4604443237179487 0.21591950961538464 0.45813503205128203 0.2031083846153846 0.45996403205128206 0.20154551602564102 0.4623993846153846 0.2088515673076923 0.467088 0.3292984423076923 0.5155550897435897 1 0.7743110673076923 1 0.7225884871794872