18 0.6922885576923077 0.6022332596153845 0.7050759967948718 0.6234692628205128 0.723085858974359 0.6332800897435897 0.7359191314102564 0.6328319423076924 0.7706224262820514 0.6147558717948718 0.7734666217948718 0.6042168012820514 0.7739504134615385 0.5720776121794872 0.765425455128205 0.5579202756410256 0.7318959903846154 0.5406208301282052 0.6992628205128205 0.5489879230769231 0.6891158814102564 0.5573728365384616 0.6833994775641026 0.5776488942307691 0.6922885576923077 0.6022332596153845
18 0.7544509455128205 0.3816308814102564 0.82337375 0.3776179294871795 0.8585532019230769 0.37317720833333334 0.863197625 0.36819667628205127 0.8557166410256409 0.33794173397435895 0.8441514198717949 0.32870891346153847 0.8148284166666666 0.31688397435897436 0.7940303717948718 0.319216375 0.7594671217948719 0.34130284294871793 0.7584791666666667 0.35900460576923077 0.7516245737179487 0.3696837211538461 0.7544509455128205 0.3816308814102564
18 0.8545810064102565 0.397407641025641 0.8592254230769231 0.39242710897435895 0.8604654647435896 0.3819440608974359 0.8572291378205128 0.381254016025641 0.852640733974359 0.38783870833333334 0.8188973846153846 0.3874109358974359 0.8086664198717949 0.3933896121794872 0.804638201923077 0.4160158878205128 0.8183575801282051 0.4179459711538462 0.8420838461538462 0.40748074038461535 0.8545810064102565 0.397407641025641
18 0.7787195801282051 0.4096934679487179 0.791020673076923 0.3940058141025641 0.7852100544871795 0.3885873237179487 0.7691964775641026 0.3899495865384615 0.7629198878205128 0.3941840608974359 0.7682085224358974 0.40765135256410256 0.7787195801282051 0.4096934679487179
22 0.6790606025641025 0.5223894455128205 0.6792668557692308 0.5512923108974359 0.6818691602564103 0.5568228397435897 0.6882857948717949 0.5565987628205128 0.6929022051282051 0.5508161538461538 0.7047653397435898 0.5455835416666667 0.7254793557692307 0.5408449038461538 0.7335001474358974 0.5405648108974359 0.7490477596153846 0.5488555064102564 0.7530021346153847 0.5471113044871795 0.7456892051282051 0.5216688397435898 0.7292835 0.5118019935897435 0.7058271346153846 0.5069997051282051 0.6876313910256411 0.5148626346153846 0.6790606025641025 0.5223894455128205
22 0.14569564743589744 0.2655662692307692 0.13220034615384615 0.2700528205128205 0.1255596346153846 0.2638602596153846 0.1014972564102564 0.26470053846153846 0.09834495833333334 0.2664167307692308 0.09143434294871795 0.2754916891025641 0.09082833012820513 0.2811342532051282 0.09580886217948718 0.2857786730769231 0.09357067948717948 0.2906751762820513 0.09539891025641026 0.29703579166666666 0.10043546153846154 0.3032843685897436 0.10616205128205128 0.306296625 0.11180461858974358 0.30690263782051286 0.13738712820512822 0.30360010576923074 0.14369172435897434 0.3001677147435897 0.15414676602564104 0.3006056730769231 0.15884720512820513 0.2972293012820513 0.1565428141025641 0.27723333653846155 0.15228033653846154 0.27015466666666665 0.14569564743589744 0.2655662692307692
22 0.22421539102564103 0.260415125 0.21370433333333333 0.25837300641025646 0.20056296153846154 0.24999828205128205 0.19254216666666665 0.250278375 0.18781372115384615 0.2528526698717949 0.1854915096153846 0.2553429358974359 0.18482947435897434 0.25938133974358973 0.17929894871794871 0.26198364102564103 0.17030801923076924 0.25747926602564103 0.15905090064102564 0.25706931730769234 0.1583888685897436 0.2611077211538462 0.16096316346153847 0.26583616987179487 0.16511360256410257 0.2697065192307692 0.1708121858974359 0.2719166955128205 0.16868604487179487 0.280021516025641 0.16769808653846155 0.29772327884615385 0.1821075032051282 0.2964170352564102 0.18841210256410257 0.29298464423076925 0.20287753846153847 0.2932825544871795 0.21645686858974358 0.2912022403846154 0.224365625 0.2877138301282051 0.22746190384615383 0.28439347435897433 0.22598760576923077 0.26517158333333335 0.22421539102564103 0.260415125
22 0.2998349198717949 0.26419889102564104 0.29526433974358973 0.24829734935897435 0.2900228141025641 0.24767733333333333 0.28378314743589744 0.24147076923076924 0.27415819230769234 0.24180687820512822 0.2661934166666667 0.2436911282051282 0.26094298397435894 0.25431422435897433 0.2561865288461539 0.25608643910256407 0.2557485673076923 0.26654147756410257 0.25746476282051284 0.26969377884615386 0.25605666666666665 0.2753643525641026 0.25691476602564106 0.2769405 0.25630875 0.28258306410256406 0.2603191474358974 0.2824430192307692 0.2649635705128205 0.2774624871794872 0.26988808012820514 0.28050275 0.2811171923076923 0.2801106217948718 0.29547058974358975 0.27720021794871796 0.298566875 0.2738798653846154 0.2975127083333333 0.26668915705128204 0.300637 0.2641708814102564 0.2998349198717949 0.26419889102564104
22 0.3217991634615384 0.27226551602564103 0.328961858974359 0.2704092756410256 0.33045398076923077 0.2671449391025641 0.3320301282051282 0.26628683974358974 0.3303979615384615 0.26554077884615385 0.32253503525641025 0.24734503846153844 0.3217049487179487 0.24657096794871797 0.31692048076923074 0.24754110256410256 0.3169765 0.24914526282051283 0.32029685256410256 0.2522415416666667 0.3203528717948718 0.2538457019230769 0.31880473076923077 0.2555058782051282 0.317312608974359 0.2587702115384615 0.3173966378205128 0.2611764519230769 0.31662256730769234 0.2620065416666667 0.31670659615384616 0.26441277564102567 0.31593252564102564 0.2652428685897436 0.3167906217948718 0.26681901602564106 0.3169026602564103 0.2700273333333333 0.3161565993589744 0.2716595 0.317788766025641 0.2724055608974359 0.3217991634615384 0.27226551602564103
22 0.36302094230769233 0.23388537820512822 0.35159576923076924 0.22866295192307695 0.3443770544871795 0.22891503525641027 0.3396766153846154 0.23229140705128204 0.33439817307692304 0.2421124262820513 0.3308079134615385 0.25428366025641025 0.3359004807692308 0.26213639743589745 0.33604052564102566 0.2661467948717949 0.341739108974359 0.26835696794871794 0.3473816730769231 0.26896298076923075 0.3976885993589744 0.260781766025641 0.40164297435897434 0.2590375641025641 0.40465522756410255 0.25331097115384615 0.4043751346153846 0.24529017628205127 0.4007466794871795 0.2333710224358974 0.39571012820512824 0.2271224455128205 0.3916437147435898 0.22565833333333332 0.3772342980769231 0.22696457692307695 0.36302094230769233 0.23388537820512822
22 0.6509674519230769 0.4767931538461539 0.6502493974358975 0.4792274006410256 0.6505014807692308 0.4864461121794872 0.6530757756410257 0.49117456089743594 0.6531598012820512 0.4935808012820513 0.6539898942307693 0.4943548685897436 0.6563961282051282 0.49427083974358976 0.6579162596153846 0.4918085833333333 0.660042407051282 0.4837037628205128 0.6623085993589743 0.47960933974358977 0.6564139519230769 0.4717846121794872 0.6556398782051281 0.4726146987179487 0.6532336442307692 0.4726987275641025 0.6532616538461539 0.4735008076923077 0.6509674519230769 0.4767931538461539
22 0.7456892051282051 0.5216688397435898 0.7292835 0.5118019935897435 0.7122717788461538 0.5075777115384615 0.7120196955128205 0.5003589967948718 0.7188462820512821 0.4888778044871795 0.720916407051282 0.4791688237179487 0.7097051185897436 0.4570747211538462 0.7047245865384615 0.45243030448717947 0.6901191025641026 0.44812199358974364 0.6781719423076923 0.4509483685897436 0.6751596891025641 0.4566749615384615 0.6740036762820514 0.46956424679487174 0.678080282051282 0.49431666987179484 0.6784545897435897 0.5280320128205128 0.6810288846153846 0.5327604615384615 0.6789027371794872 0.540865282051282 0.6802369903846154 0.5560767788461539 0.6882857948717949 0.5565987628205128 0.698432733974359 0.5482138525641026 0.7254793557692307 0.5408449038461538 0.7326980705128205 0.5405928205128205 0.7465855032051282 0.5473353782051282 0.7513979743589744 0.5471673237179487 0.7528060705128206 0.5414967500000001 0.7456892051282051 0.5216688397435898
16 0.3210123814102564 0.4337075320512821 0.33605582692307695 0.42756080128205126 0.3396180737179487 0.4145874871794871 0.3368477147435897 0.4042444807692308 0.33269727564102564 0.4003741346153846 0.3236783365384615 0.39506767948717947 0.31562953525641024 0.3945456891025641 0.30531453846153844 0.3981181314102564 0.3006981314102564 0.4039007403846154 0.3013143333333333 0.42154648397435895 0.3096992467948718 0.4316934198717948 0.3210123814102564 0.4337075320512821
16 0.7414088717948718 0.2841133173076923 0.7301797596153846 0.28450544551282053 0.7215809615384615 0.29123018269230766 0.7213110576923076 0.3064976955128205 0.723857342948718 0.31042406730769234 0.7375767179487179 0.3123541506410256 0.7477516666666667 0.3047713141025641 0.7480215673076923 0.2895037980769231 0.7414088717948718 0.2841133173076923
16 0.674118233974359 0.2888723269230769 0.6629171346153847 0.29006653846153846 0.6567245737179487 0.29670724679487176 0.6562586057692308 0.3063602051282051 0.6637574102564102 0.3141289166666667 0.6749585128205128 0.3129347083333333 0.6819251442307692 0.30546391025641023 0.6815330160256411 0.2942348012820513 0.674118233974359 0.2888723269230769
16 0.46802205128205127 0.32016108974358976 0.4675840897435897 0.3306161314102564 0.47843125961538463 0.3422831987179487 0.4824696666666667 0.3429452307692308 0.4862279775641025 0.3355864743589744 0.4842036826923077 0.3236113012820513 0.4768169134615384 0.31905091025641025 0.46802205128205127 0.32016108974358976
17 0.8600275416666667 0.6453621858974359 0.8785313814102563 0.6463221314102564 0.9157529519230769 0.6313703525641026 0.9228036121794873 0.6263057916666667 0.9334445288461538 0.6090699967948718 0.906013407051282 0.5594352948717949 0.8937021282051282 0.551834641025641 0.8711878878205129 0.5510147435897436 0.8505298878205128 0.5573575384615385 0.8261415865384615 0.5718611698717948 0.8185689423076923 0.584974532051282 0.8214233301282052 0.5977237756410256 0.8600275416666667 0.6453621858974359
8 0.7170205673076924 0.2986169487179487 0.7397206858974359 0.28176309935897437 0.7369936025641025 0.18067309294871794 0.7305947884615385 0.1584109391025641 0.7001157724358975 0.15947528846153847 0.6986796698717949 0.16434378525641025 0.6979998173076923 0.19086841987179487 0.711321983974359 0.29640677884615385 0.7170205673076924 0.2986169487179487
7 0 0.5087275128205128 0.0006033525641025641 0.5260052596153846 0.0030095897435897436 0.525921233974359 0.010862326923076922 0.5208286634615386 0.012242410256410256 0.5143560128205128 0 0.4851262211538462 0 0.5087275128205128
7 0.12774179807692307 0.25735959935897434 0.12450547115384615 0.2566695544871795 0.1246175096153846 0.2598778717948718 0.10539561538461538 0.26135217307692304 0.0967688076923077 0.26727483012820513 0.08690196153846154 0.28368053525641024 0.08939222435897436 0.28600274679487175 0.08543784935897436 0.2877469519230769 0.09188249038461538 0.2883249551282051 0.09728316346153847 0.3050005673076923 0.09974541987179487 0.3065206987179487 0.09189267948717948 0.311613266025641 0.07983348397435898 0.3112313237179487 0.07244671153846154 0.3066709326923077 0.06912635897435897 0.3035746506410256 0.06724210576923077 0.295609875 0.0686221923076923 0.2891372243589744 0.045463740384615384 0.26986950000000004 0.04142533653846154 0.2692074679487179 0.04150936538461539 0.27161370512820515 0.03420662179487179 0.2694595512820513 0.027902025641025643 0.2728919423076923 0.01741897435897436 0.2716519006410256 0.013520615384615384 0.2750002628205128 0.020795346153846154 0.27635233974358975 0.016924996794871795 0.28050278205128204 0.019443272435897437 0.2836270737179487 0.013884733974358974 0.28542729487179486 0.013362746794871797 0.29347609935897434 0.00788823717948718 0.2976825576923077 0.011068548076923078 0.2967684423076923 0.011180583333333332 0.2999767596153846 0.015162971153846154 0.2990346346153846 0.020889564102564102 0.3020468878205128 0.015303016025641027 0.303045032051282 0.014584964743589742 0.30547927884615383 0.018073375000000003 0.3133880352564103 0.017495371794871793 0.31983267948717947 0.006434314102564102 0.32503728525641024 0.00651834294871795 0.3274435224358974 0.01152688141025641 0.33289002243589744 0.01954767628205128 0.3326099294871795 0.02175784935897436 0.32691134615384615 0.02659833333333333 0.3275453717948718 0.03287492307692308 0.32331090064102563 0.038629522435897436 0.3271252307692308 0.03550523397435897 0.3296435064102564 0.04753642307692308 0.3292233685897436 0.046538282051282055 0.3236368237179487 0.05046455769230769 0.3231412083333334 0.049606551282051284 0.31951439102564105 0.06708424038461538 0.31408571153846154 0.07427494551282052 0.3130315512820513 0.07925547435897436 0.31767596794871794 0.08793830448717949 0.31335747115384616 0.10400789743589743 0.31359936538461536 0.10257179487179488 0.318467858974359 0.09377693269230769 0.31957804166666665 0.0922848108974359 0.322842375 0.09629520512820514 0.32270233012820515 0.0932269358974359 0.32682476602564103 0.08833043269230768 0.3245865833333333 0.08520614102564103 0.32710485576923076 0.08351795512820513 0.32475463782051284 0.08586817628205128 0.32306644871794876 0.08171773076923076 0.31919609935897436 0.08019760256410256 0.32165835576923074 0.08426401602564103 0.32312246794871796 0.07956357692307692 0.32649883974358973 0.0738930032051282 0.3250907467948718 0.07041232692307692 0.3280803557692308 0.07655132371794872 0.3322254326923077 0.07096477884615385 0.3332235769230769 0.07342703525641026 0.33474370833333333 0.07190690705128204 0.3372059647435897 0.06941664102564103 0.3348837532051282 0.060593769230769236 0.3351918557692308 0.05827155769230769 0.3376821217948718 0.0534030608974359 0.33624601923076924 0.05666739743589744 0.33773814102564104 0.053571118589743595 0.3410584935897436 0.06502430128205128 0.347083 0.06565832371794872 0.342242516025641 0.07113283333333333 0.3380360512820513 0.07356708012820513 0.33875410576923076 0.07287703846153845 0.34199043269230767 0.07674738782051281 0.33783998717948716 0.08557025961538461 0.33753188461538464 0.08526216025641026 0.32870901282051285 0.10691830128205129 0.32795276602564105 0.11773746474358973 0.3388177564102564 0.12252192628205129 0.33784762179487177 0.11604927564102564 0.3364675352564102 0.12069369551282051 0.3314870064102564 0.11823143910256412 0.329966875 0.12052564102564102 0.32667452884615383 0.12301590705128206 0.3289967403846154 0.12694227564102564 0.32645045512820514 0.12863046153846153 0.3288006762820513 0.12550617307692308 0.3313189519230769 0.13200683653846154 0.33350111538461535 0.1340489551282051 0.3229900544871795 0.1445039903846154 0.32342801282051287 0.15161066987179486 0.3199676153846154 0.1589694326923077 0.32372592628205127 0.1575053173076923 0.32779234294871795 0.16240182371794873 0.33003052564102564 0.16713026923076924 0.327456233974359 0.16383792307692308 0.325162032051282 0.16616013461538462 0.322671766025641 0.1644439391025641 0.31951946794871794 0.17246473076923077 0.319239375 0.17257676923076923 0.3224476923076923 0.17965543589743588 0.3181852115384615 0.19110862179487179 0.32420971794871795 0.1965551217948718 0.3192011762820513 0.19564100641025642 0.3160208685897436 0.19967941025641026 0.3166829006410256 0.20991037820512817 0.3107042243589744 0.21157055448717949 0.3122523685897436 0.2092203333333333 0.3139405544871795 0.21323073076923074 0.31380050961538464 0.21823927243589744 0.31924700961538466 0.23308665064102563 0.30748572435897437 0.23964333012820513 0.3112720448717949 0.23256466346153845 0.3155345224358974 0.2414155448717949 0.3160285032051282 0.24047341987179488 0.31204611217948713 0.24611598076923075 0.31265213141025644 0.25161849999999997 0.3092477467948718 0.2525326185897436 0.3124280576923077 0.2557409358974359 0.31231601923076924 0.25961128525641025 0.3081655737179487 0.25789508974358977 0.30501327564102565 0.26508579487179484 0.3039591153846154 0.26522583974358976 0.3079695096153846 0.27485079166666665 0.3076334006410257 0.2786931314102564 0.30268087820512823 0.28751600641025643 0.30237277564102566 0.29218843589743587 0.29819432371794874 0.2971409583333333 0.30203666346153846 0.29562082692307695 0.30449892307692306 0.3004333044871795 0.30433086538461535 0.3058237852564103 0.2977181666666667 0.3107202884615385 0.2999563525641026 0.31210037179487177 0.2934836987179487 0.316940858974359 0.29411772115384616 0.3296340801282051 0.28965917628205123 0.3385409807692308 0.2917573141025641 0.340667125 0.2836524903846154 0.3463096891025641 0.2842585096153846 0.3582008365384616 0.27982797115384617 0.38392339102564105 0.28053583653846154 0.38939790064102564 0.276329375 0.3926622371794872 0.2778214967948718 0.4101119166666667 0.2715907371794872 0.4205949679487179 0.27283077884615387 0.42687155448717945 0.26859630448717947 0.4340902692307692 0.26834422435897437 0.4418411570512821 0.28333164743589745 0.4446497147435898 0.31776504166666664 0.4549672628205128 0.3832554519230769 0.45908969551282053 0.38632372115384617 0.4679125673076923 0.3860156185897436 0.49343906089743594 0.3811089294871795 0.49130272756410254 0.3659254391025641 0.4810055512820513 0.34701164743589746 0.485397891025641 0.33481240064102563 0.4789252371794872 0.3334323173076923 0.4780391282051282 0.33105408974358974 0.4741687788461539 0.3352045320512821 0.473748641025641 0.32317334294871797 0.4662218237179487 0.3146025512820513 0.46058689423076926 0.268222 0.45538228846153844 0.25716094551282054 0.46163086858974356 0.25212439423076927 0.46082878846153846 0.25215240384615384 0.4563982564102564 0.2402612596153846 0.4440589647435898 0.23185852243589744 0.4359261346153846 0.22893029807692308 0.43285786217948713 0.23305273397435897 0.429565516025641 0.23075853205128205 0.4224588397435897 0.2342189326923077 0.4112017211538462 0.23380898397435898 0.4019026923076923 0.22048173717948716 0.39749125641025645 0.22063578846153845 0.36827137820512823 0.22326228205128204 0.3596165608974359 0.228382858974359 0.3458411666666667 0.2248486217948718 0.3395645801282051 0.22908308974358974 0.32037069230769233 0.23135947115384617 0.2912437564102564 0.22514908974358974 0.24408913141025643 0.231614108974359 0.23855860256410258 0.23421641346153846 0.21369414423076924 0.2350846987179487 0.20738954807692309 0.23851708974358976 0.1969064967948718 0.23727704807692307 0.15379027884615384 0.24440410256410258 0.13932484294871797 0.2441061891025641 0.12843184294871796 0.2541232692307692 0.12774179807692307 0.25735959935897434
10 0.6528262467948718 0.5530186955128205 0.6293520641025641 0.5707026378205128 0.6240736185897436 0.5805236538461538 0.6292222051282051 0.589980548076923 0.6593752948717948 0.6025795576923076 0.6597394166666667 0.6130065897435898 0.6388497115384616 0.6587072884615385 0.6434483044871795 0.6754109102564103 0.6612340929487179 0.6788051025641025 0.6808659391025641 0.6660736826923077 0.7088826955128206 0.6634891987179488 0.7118389294871795 0.6561584487179487 0.7780473942307692 0.6434066506410256 0.7936510192307692 0.6533015096153846 0.8065123012820512 0.6536554391025641 0.8124349551282051 0.6622822467948718 0.8384936249999999 0.6726150608974358 0.8535650737179487 0.6672704134615385 0.8576493108974359 0.6462482948717949 0.8485743557692308 0.6393376826923076 0.8138404935897436 0.587548826923077 0.8038794326923077 0.578259983974359 0.8119791410256411 0.4422604294871795 0.8257013301282051 0.4289323237179487 0.906754358974359 0.4196774326923077 0.9064462564102564 0.41085455769230766 0.9149330192307692 0.4009215032051282 0.9254440769230771 0.4029636217948718 0.9410655224358974 0.39037225000000003 0.9811975000000001 0.3897738653846154 0.9809454166666668 0.38255515064102563 0.991810407051282 0.3717359935897436 0.9950747435897436 0.37322811217948715 0.9945985865384614 0.35959276282051283 0.9543723942307692 0.33449659935897436 0.9520221762820512 0.33618478846153843 0.911274 0.31913742307692305 0.908559657051282 0.31039858012820515 0.8735940929487179 0.29796762820512823 0.8647712211538462 0.2982757275641026 0.5785791378205128 0.33557373076923075 0.5620715833333333 0.345786875 0.5614375608974359 0.350627358974359 0.55281075 0.356550016025641 0.5487443365384616 0.35508590384615385 0.5377953173076923 0.36349882692307695 0.5341770512820513 0.3748679807692308 0.5384395288461539 0.3819466506410256 0.5307548461538462 0.3918516955128205 0.5055364551282051 0.4055812596153846 0.4934212403846154 0.40359516025641023 0.4766896121794872 0.40739166987179487 0.4362877307692307 0.4232575673076923 0.4334155224358974 0.4329945544871795 0.427941016025641 0.43720101923076926 0.4320074326923077 0.4386651282051282 0.4410365576923077 0.46725989423076925 0.5329955833333333 0.45601804166666665 0.5523015064102564 0.45694997435897433 0.5914073301282051 0.44996296794871793 0.6019183878205129 0.45200508653846155 0.6386179711538461 0.44510210576923076 0.654911641025641 0.45176063782051284 0.6589042179487179 0.4741068205128205 0.6559861794871795 0.5055279615384616 0.6602868557692307 0.536697016025641 0.6528262467948718 0.5530186955128205
9 0.7482559006410257 0.8251349134615384 0.9094738429487179 0.8195050576923076 0.9087175929487179 0.7978489166666667 0.850094483974359 0.6368754262820513 0.7764483108974358 0.5286252852564102 0.7691735801282051 0.5272732083333334 0.7416126025641026 0.4969164198717949 0.7383202564102564 0.49462221794871797 0.7335918108974359 0.49719650961538464 0.7372202660256411 0.5091156634615385 0.7522458878205128 0.5254551634615385 0.7570405384615385 0.5477733365384615 0.7669455865384616 0.5554580192307692 0.7754985544871794 0.5704174326923077 0.7777469230769231 0.5888092403846154 0.7819813974358975 0.5950858269230769 0.7732247275641025 0.6202863974358974 0.7525947403846154 0.6274312724358975 0.7495264711538462 0.6315537083333334 0.7231978974358975 0.6364884070512821 0.7112609262820513 0.662603092948718 0.712679205128205 0.6802208269230768 0.7482559006410257 0.8251349134615384