17 0.17031219871794873 0.4119788653846154 0.12656259935897435 0.4119788653846154 0.12656259935897435 0.44635446794871797 0.16718780128205127 0.44635446794871797 0.17031219871794873 0.44322926602564106 0.17031219871794873 0.4119788653846154
16 0.2796878012820513 0.3963544679487179 0.2796878012820513 0.368229266025641 0.24843740064102562 0.368229266025641 0.24843740064102562 0.3963544679487179 0.2796878012820513 0.3963544679487179
16 0.7671878012820513 0.758854467948718 0.7671878012820513 0.6744788653846154 0.6828121987179487 0.6744788653846154 0.6828121987179487 0.758854467948718 0.7671878012820513 0.758854467948718
16 0.9046878012820512 0.48385446794871795 0.9046878012820512 0.44947886538461534 0.8671878012820512 0.44947886538461534 0.8671878012820512 0.48385446794871795 0.9046878012820512 0.48385446794871795
17 0.2796878012820513 0.6401040673076923 0.2828121987179487 0.643229266025641 0.37968780128205126 0.643229266025641 0.37968780128205126 0.5276040673076923 0.2671878012820513 0.5276040673076923 0.2671878012820513 0.6401040673076923 0.2796878012820513 0.6401040673076923
17 0.7828121987179487 0.508854467948718 0.7890625993589744 0.5026040673076922 0.7859374006410257 0.49947886538461533 0.7859374006410257 0.4744788653846154 0.7484374006410257 0.4744788653846154 0.7484374006410257 0.508854467948718 0.7828121987179487 0.508854467948718
16 0.8703121987179486 0.5869788653846154 0.8765625993589743 0.5869788653846154 0.8828121987179488 0.580729266025641 0.8828121987179488 0.5307292660256411 0.8265625993589745 0.5307292660256411 0.8265625993589745 0.5869788653846154 0.8328121987179486 0.5869788653846154 0.8359374006410257 0.583854467948718 0.8671878012820512 0.583854467948718 0.8703121987179486 0.5869788653846154
16 0.34843740064102563 0.4276040673076923 0.30781219871794874 0.4276040673076923 0.30781219871794874 0.4651040673076923 0.3453121987179487 0.4651040673076923 0.34843740064102563 0.46197886538461536 0.34843740064102563 0.4276040673076923
17 0.7703121987179486 0.44322926602564106 0.7703121987179486 0.41510406730769234 0.7390625993589744 0.41510406730769234 0.7390625993589744 0.44322926602564106 0.7703121987179486 0.44322926602564106
17 0.10468780128205128 0.4401040673076923 0.10468780128205128 0.38697886538461534 0.04531219871794872 0.38697886538461534 0.04531219871794872 0.4401040673076923 0.10468780128205128 0.4401040673076923
16 0.5890625993589743 0.6588544679487179 0.5890625993589743 0.5526040673076923 0.49218780128205125 0.5526040673076923 0.49218780128205125 0.6588544679487179 0.5609374006410257 0.6588544679487179 0.5640625993589743 0.6557292660256411 0.5671878012820513 0.6557292660256411 0.5703121987179488 0.6588544679487179 0.5890625993589743 0.6588544679487179
16 0.06406259935897436 0.368229266025641 0.06406259935897436 0.3401040673076923 0.02968780128205128 0.3401040673076923 0.02968780128205128 0.368229266025641 0.06406259935897436 0.368229266025641
16 0.17968780128205128 0.830729266025641 0.17968780128205128 0.7338544679487179 0.06718780128205128 0.7338544679487179 0.06718780128205128 0.830729266025641 0.17968780128205128 0.830729266025641