16 0.3262059583333333 0.3746101121794872 0.3318565192307692 0.3762774487179487 0.35772642307692304 0.3641225512820513 0.3594108685897436 0.35879834294871793 0.363585 0.3572706025641026 0.36258884935897434 0.3569955608974359 0.36240071153846154 0.3534057147435898 0.36587083333333337 0.3509331346153846 0.3630890032051282 0.3478064647435898 0.3483020416666667 0.34040026923076927 0.34361481410256406 0.33213752564102567 0.3330177019230769 0.3297476826923077 0.3148304198717949 0.31990172435897435 0.30124485256410255 0.316686766025641 0.28059792628205127 0.32235026602564104 0.26898478205128207 0.33179452243589747 0.26846891025641023 0.33443952564102564 0.27911733333333333 0.33780841666666667 0.2748905032051282 0.3445748525641026 0.2700636730769231 0.3461367980769231 0.2701478012820513 0.35398628846153846 0.2716584423076923 0.35783407371794873 0.27552332371794874 0.35664978205128206 0.2785288846153846 0.3578012532051282 0.2836635737179487 0.3621135961538462 0.28842984615384615 0.3625182980769231 0.31323749358974357 0.37692598717948717 0.31808142628205127 0.37569038782051284 0.3217225801282051 0.3764813044871795 0.3262059583333333 0.3746101121794872
16 0.20031684615384618 0.4764362243589743 0.20227494230769233 0.4763336057692308 0.20409482692307693 0.47983793589743595 0.20713458974358973 0.48164210256410256 0.2077003878205128 0.48619389102564103 0.21324833012820513 0.4859031346153846 0.2190898012820513 0.4787248365384615 0.22051630769230768 0.47472312179487186 0.22051769871794874 0.46850537820512816 0.22963838141025641 0.46770014102564106 0.23230048717948718 0.46854236217948714 0.24618097435897437 0.4586520320512821 0.24501379166666667 0.4551134967948718 0.2466811314102564 0.4494629358974359 0.24389930448717947 0.446336266025641 0.25108176923076925 0.4335245064102564 0.25092783974358973 0.43058735897435896 0.24742350961538462 0.4324072435897436 0.2419966794871795 0.4287647019230769 0.24237572435897434 0.42350890384615386 0.24421410256410256 0.4211218365384616 0.23605536217948717 0.42154941987179484 0.23158908653846155 0.4237469615384616 0.2263147980769231 0.42925930769230763 0.21982201282051284 0.4302540737179487 0.21633479166666666 0.4324003044871795 0.21677947435897435 0.4408853942307692 0.2126224455128205 0.4427394839743589 0.20667974038461537 0.44174194551282053 0.17414325 0.4640635993589744 0.16912828205128205 0.4620356987179487 0.15882192307692305 0.4651938012820513 0.15502545192307693 0.46768348717948716 0.14851556410256408 0.4683519006410256 0.14870370192307694 0.4719417467948718 0.1458520705128205 0.47372742307692306 0.1418845673076923 0.4729536121794872 0.14197008333333333 0.47458536217948716 0.13848285576923078 0.4767315961538462 0.13793277884615385 0.4787239006410256 0.13966714423076923 0.48059647756410256 0.14811802564102564 0.4794990961538461 0.15886906730769232 0.4848260833333333 0.1608100641025641 0.48439711217948717 0.16168649038461538 0.4823877051282051 0.16534474999999998 0.483504967948718 0.16714752884615386 0.4866829455128205 0.1701188814102564 0.48718171794871795 0.1735890064102564 0.4847091346153846 0.17791706410256408 0.48611853846153846 0.1903539391025641 0.47990357051282057 0.19816922435897436 0.4791667435897436 0.20031684615384618 0.4764362243589743
16 0.21953264743589743 0.4184883846153846 0.22380939743589742 0.4189187435897436 0.22767428205128204 0.4177344583333333 0.23490666987179487 0.41211948717948715 0.23624627564102565 0.4127037756410256 0.24229437499999998 0.40322392307692306 0.24090484615384616 0.3954428461538462 0.24250377564102565 0.3884868846153846 0.23827972115384613 0.38281783333333336 0.2346898782051282 0.38300596794871794 0.2308263814102564 0.3779725128205128 0.2275115737179487 0.3771644935897436 0.22333883333333332 0.3724744935897436 0.22002402884615385 0.3716664743589744 0.21409981410256412 0.36477754166666665 0.21262338461538463 0.36158245833333336 0.21377485256410259 0.3585769006410256 0.21204048717948717 0.3567043173076923 0.21205897756410258 0.3508129230769231 0.21674897756410255 0.3466401826923077 0.215409375 0.3460558942307692 0.21585683653846155 0.3421054967948718 0.21158008653846153 0.34167513782051284 0.20910611538461538 0.3444227628205128 0.20493198397435897 0.34595050320512816 0.20314491987179487 0.34931661858974355 0.1960507467948718 0.3513246346153846 0.17468548717948718 0.34328145833333334 0.16283428525641025 0.3419390769230769 0.14847490384615386 0.3426916217948718 0.13365096153846154 0.3470682147435898 0.11989158333333333 0.3530252467948718 0.08122147435897437 0.3831950032051282 0.0745548846153846 0.39336176282051283 0.07022266025641025 0.4106055897435898 0.07027258012820513 0.4178023814102564 0.07560834615384615 0.44468415384615384 0.07926521794871795 0.45201916025641026 0.09695233974358974 0.47105421474358977 0.10746255128205127 0.4780300544871795 0.11471065064102565 0.4789591794871795 0.17540010897435898 0.45058065064102565 0.18132709935897437 0.445034092948718 0.1919084967948718 0.4408798429487179 0.19850528846153845 0.4356254326923077 0.19958973076923078 0.42509673076923077 0.203726516025641 0.4216074711538461 0.2105145833333333 0.4212517243589744 0.21953264743589743 0.4184883846153846
22 0.09564090705128206 0.6520899102564103 0.09274074038461538 0.6404610480769231 0.09533582051282052 0.6337801282051282 0.09446216987179487 0.6233540480769231 0.09176724358974359 0.6156413814102564 0.08637600641025642 0.6064337948717949 0.07681063782051281 0.5987539487179487 0.06875591025641026 0.5949218814102564 0.060906416666666664 0.5950060128205128 0.05192255769230769 0.5984220480769231 0.04594425961538462 0.6029895512820513 0.04110032692307692 0.6042251506410257 0.030655753205128207 0.6109901987179487 0.005747794871794872 0.6227674358974359 0.008980310897435898 0.6844474935897435 0.023715961538461536 0.6908746442307692 0.03616855128205128 0.691203766025641 0.05209126602564103 0.6890603108974359 0.06308452884615384 0.6865207019230769 0.07138148397435898 0.682486173076923 0.08308014423076923 0.6746736602564103 0.08948879807692307 0.665829407051282 0.09564090705128206 0.6520899102564103
22 0.29963620512820516 0.3671669326923077 0.29712941987179486 0.3630441121794872 0.2842820641025641 0.3614266923076923 0.281672657051282 0.3553457756410256 0.29033016346153845 0.3519468397435897 0.29204881730769233 0.34727532692307694 0.28464678525641024 0.3434090576923077 0.2787396730769231 0.33684647115384614 0.27434320192307693 0.33413166666666666 0.26544624679487183 0.33296170833333333 0.21769521153846155 0.33971842948717945 0.2132289391025641 0.34191597115384614 0.21302231089743592 0.3442175224358974 0.20929425000000001 0.34801260576923077 0.2043648044871795 0.3476164551282051 0.20055122756410257 0.3497797916666667 0.20158019871794872 0.35692527564102566 0.22613776282051282 0.3759275096153846 0.23408848717948716 0.38401922435897434 0.23731638782051284 0.3894132371794872 0.24018234615384615 0.40038939743589747 0.24222596153846154 0.40191852564102565 0.25643141025641025 0.3982288333333333 0.26423490705128205 0.3925839391025641 0.2837777467948718 0.38926901923076923 0.31138201602564103 0.37898670192307693 0.3122584423076923 0.3769772980769231 0.3116071346153846 0.37079375961538463 0.3102333237179487 0.3695567756410257 0.29963620512820516 0.3671669326923077
22 0.2885805 0.6495050288461538 0.2806454903846154 0.647957407051282 0.2476157724358974 0.6483794391025641 0.2457945032051282 0.6510928525641025 0.2456904967948718 0.6553525 0.24692609294871795 0.6601964326923078 0.24591144871794873 0.6658127884615385 0.24924058333333335 0.679382641025641 0.25451070833333334 0.6925235288461539 0.2583228974358974 0.6965779358974359 0.2851889519230769 0.6846980801282051 0.2885564551282051 0.6802673974358974 0.2987259903846154 0.6744985032051282 0.30003277564102565 0.6682123461538462 0.30288440384615384 0.6664266666666666 0.3029542019230769 0.6615143205128206 0.3062190865384616 0.6551255448717949 0.30628888782051283 0.6502131987179488 0.2885805 0.6495050288461538
22 0.2988355833333333 0.4143322948717949 0.2991804198717949 0.4084237980769231 0.2753398044871795 0.40934598717948717 0.27183547435897437 0.4111658685897436 0.2728302403846154 0.4176586538461539 0.267894733974359 0.4192262948717949 0.2467906891025641 0.42033231089743583 0.24490100320512823 0.4217403269230769 0.245912875 0.42855946474358975 0.24374815064102565 0.43096363141025645 0.24388358974358973 0.4397921730769231 0.24407033653846155 0.44959976282051284 0.24643891346153848 0.4573295320512821 0.2537041185897436 0.4585850064102564 0.2702111185897436 0.4551019455128205 0.27335489102564103 0.4526464647435897 0.2733918685897436 0.44086367628205125 0.27793580448717947 0.43702583333333334 0.2823073141025641 0.4361422435897436 0.28610378846153844 0.4336525544871795 0.2876856121794872 0.42637024679487173 0.2873948557692308 0.4208223076923077 0.29083077243589744 0.41769702243589746 0.29601816025641026 0.4167706730769231 0.2988355833333333 0.4143322948717949
22 0.1977439326923077 0.6146688205128205 0.1942211153846154 0.6223800993589743 0.19155623397435897 0.6339733621794872 0.19345885576923078 0.6515449294871795 0.19757751602564103 0.6676913717948718 0.20126859294871793 0.6756790801282051 0.20547553846153846 0.681021782051282 0.21501086538461536 0.6693956955128205 0.21638606730769228 0.6644149358974359 0.22071551282051283 0.6596065961538462 0.22009840705128206 0.6540757596153847 0.21625340064102566 0.6431509070512821 0.21311517948717948 0.6207354102564102 0.20812009294871794 0.606598375 0.2036538205128205 0.6087959166666667 0.1977439326923077 0.6146688205128205
22 0.274883532051282 0.6066991538461538 0.27021340705128205 0.5987627596153846 0.26712233012820513 0.5959795448717948 0.2609558974358974 0.5969572019230769 0.2563500192307692 0.6089794391025641 0.2559538717948718 0.6139088878205128 0.257876375 0.6193713141025642 0.2608648301282051 0.6201964326923076 0.265399516025641 0.6193042852564102 0.26950384615384615 0.6226888942307692 0.2744675032051282 0.6237377435897437 0.28293548397435897 0.6229667083333333 0.28807156410256407 0.6210613108974359 0.2830052884615385 0.6180543653846154 0.2719778141025641 0.6199412724358974 0.2682169391025641 0.6168659134615384 0.27247797435897436 0.6107521762820513 0.27441896474358973 0.6103232051282051 0.274883532051282 0.6066991538461538
18 0.41569455448717946 0.6772040769230768 0.42120967948717947 0.6700428814102565 0.4302490064102564 0.648952657051282 0.42961618589743583 0.6368777243589744 0.4317994006410257 0.6285821634615385 0.4307191217948718 0.6204576314102564 0.4266503846153847 0.6115079807692307 0.42143017948717953 0.6055638878205128 0.40022162499999997 0.5880223653846154 0.3844727211538462 0.5809938333333333 0.37626266987179485 0.5804423621794872 0.3524890801282051 0.5888876955128205 0.3354121217948718 0.6064722019230769 0.3294167179487179 0.6107133557692307 0.3245542980769231 0.6178403461538462 0.32468973397435896 0.6266688878205128 0.3280544615384615 0.6346736955128205 0.3287214871794872 0.647401326923077 0.3328914551282051 0.6645268173076924 0.3432435737179487 0.6872187435897436 0.34698734615384613 0.6899677532051282 0.348462391025641 0.6993805801282051 0.352308782051282 0.704087689102564 0.3556577948717949 0.7055484038461538 0.3641086762820513 0.7044510192307692 0.37364122435897434 0.705260423076923 0.3903890576923077 0.7001285096153846 0.3957830705128205 0.6969006089743589 0.41569455448717946 0.6772040769230768
16 0.46493732371794866 0.3742116698717949 0.46735998397435896 0.3704849967948718 0.4610068012820513 0.3616550737179487 0.4528309583333333 0.3617563044871795 0.44589071474358977 0.36670146794871794 0.4464209166666666 0.3768183012820513 0.45021599999999995 0.38054635897435896 0.45689691987179487 0.3831414423076923 0.4639739903846154 0.3808070737179487 0.46493732371794866 0.3742116698717949
16 0.7317132243589743 0.6190820192307692 0.7437553365384616 0.6115787532051282 0.7610874583333332 0.6051072371794871 0.7635956346153846 0.6030123108974359 0.7638193653846154 0.6010371089743589 0.7606113397435897 0.5835339615384616 0.7521461314102564 0.5718695064102564 0.7422031057692308 0.5632277147435898 0.7274845576923077 0.5571269166666667 0.7212155032051282 0.5561464807692308 0.6885463461538461 0.5572041089743589 0.6779820512820512 0.5616847083333334 0.6719866474358974 0.5659258653846154 0.6611972339743589 0.5785994134615385 0.6576231057692308 0.5853316378205128 0.6568835032051282 0.5899518429487179 0.6587491442307692 0.6193061987179487 0.662749467948718 0.626950451923077 0.663915266025641 0.6367067275641026 0.6706632115384615 0.6468249519230769 0.678940282051282 0.654899560897436 0.6850369198717948 0.6588342467948718 0.6940364903846155 0.6619623044871795 0.7087564262820513 0.6618453557692308 0.7100988044871794 0.6499941538461539 0.7131399583333333 0.6455805769230769 0.7159758717948718 0.6372508076923077 0.7218519102564103 0.6286527371794872 0.7277272275641026 0.6241995993589743 0.7317132243589743 0.6190820192307692
16 0.9494484775641027 0.4152504262820513 0.9404831121794871 0.4127750673076923 0.9224483717948718 0.412084 0.9149936410256411 0.41345642307692304 0.900168314102564 0.42405076282051285 0.8930385448717948 0.43162382371794866 0.8908040192307692 0.438940342948718 0.8907998557692307 0.45759357371794873 0.8923446987179486 0.46209405448717955 0.8961226826923078 0.4654957628205128 0.9090199583333334 0.47430997756410254 0.9166286185897436 0.4758746987179487 0.9343370064102564 0.47658286858974364 0.9424273333333334 0.474849891025641 0.9565828589743589 0.46396341025641025 0.9588686923076923 0.45762594230769227 0.9629059967948718 0.45348740705128204 0.9652459166666666 0.43569349679487185 0.9639761153846153 0.43019686858974354 0.9607653173076923 0.4251292019230769 0.9494484775641027 0.4152504262820513
16 0.7453829583333333 0.39911088782051285 0.7404678365384616 0.41147657371794877 0.740500657051282 0.4183470192307692 0.7470077692307693 0.43011409294871794 0.7545637275641025 0.4369175096153846 0.7624987371794872 0.438465125 0.7797610544871795 0.43690595833333334 0.7858419711538461 0.43429654807692303 0.7942101121794872 0.4191319294871795 0.7964446378205128 0.4118154134615385 0.7944195160256411 0.404394891025641 0.7838422788461539 0.3898959102564103 0.7798234679487179 0.3881430512820513 0.7607754711538461 0.38685059615384615 0.7453843461538461 0.39289314102564105 0.7453829583333333 0.39911088782051285
16 0.7238309487179487 0.3812601217948718 0.7187974935897435 0.38512361538461537 0.7124258205128206 0.3821850801282051 0.7048513685897435 0.3812730576923077 0.691573657051282 0.38393239102564103 0.6831555961538461 0.39190021794871793 0.6814198397435898 0.3962453782051282 0.6818987307692308 0.40538316666666663 0.6839751634615384 0.41378273717948716 0.693024657051282 0.4241075865384615 0.7048587564102564 0.42512361858974357 0.720747266025641 0.4223274615384615 0.729922032051282 0.41006577884615386 0.7304550096153846 0.4077471282051282 0.7295300448717948 0.3963419967948718 0.7239492852564102 0.3897623108974359 0.7270075384615385 0.38567508333333334 0.7302197243589743 0.3845250032051282 0.7291052403846154 0.37574777243589746 0.7277656346153847 0.37516348397435895 0.7238309487179487 0.3812601217948718
16 0.4617681185897436 0.4136472628205128 0.45534375 0.4159474262820513 0.45099720192307696 0.42042941666666667 0.4457386217948718 0.43248585576923076 0.4460806891025641 0.4390128461538461 0.4500297019230769 0.4456780544871795 0.4577395929487179 0.4554186153846154 0.4637507083333334 0.4577215512820513 0.4757743301282051 0.4561096858974359 0.4834869967948717 0.45341475961538463 0.48984434615384614 0.4435914551282051 0.49264605448717946 0.434608983974359 0.4920631538461539 0.4297308461538461 0.4871179903846154 0.42279059935897434 0.4805752820512821 0.4165885737179488 0.4794594102564103 0.41402908653846154 0.4760761923076923 0.41191567307692306 0.4617681185897436 0.4136472628205128
16 0.5398752147435898 0.38042896153846156 0.5401645833333334 0.39219465064102565 0.5433069679487179 0.39595691346153844 0.5449558173076924 0.3961977467948718 0.5471875641025641 0.4013167179487179 0.5488535192307692 0.40188390384615386 0.563195798076923 0.4008050096153846 0.569775483974359 0.39522425 0.5690372692307692 0.3936267083333333 0.572370564102564 0.38854333012820513 0.5670320224358975 0.37409704807692307 0.5595957852564103 0.3695780769230769 0.5488433557692307 0.3704688333333333 0.5443941858974359 0.37299272435897435 0.5398752147435898 0.38042896153846156
17 0.9024014134615385 0.6539875737179488 0.9096522916666666 0.6424812115384615 0.9101353461538461 0.632965766025641 0.9084906602564103 0.6140717019230769 0.9072721634615385 0.6095541185897435 0.8996833846153846 0.5958802564102564 0.8920248044871795 0.5871187403846154 0.8711425993589744 0.5695601153846154 0.8623667532051282 0.5644568589743589 0.8385104198717949 0.5588349551282051 0.8177437756410256 0.5622140064102564 0.7963216506410257 0.5780627564102564 0.7847427147435898 0.5881597147435897 0.7829385480769231 0.5911994775641026 0.7829713653846154 0.5980699230769231 0.7843964871794872 0.6002859551282052 0.81045175 0.604156391025641 0.8155180256410256 0.6071633365384616 0.8332208653846153 0.6327424871794872 0.8358131698717949 0.6384970544871795 0.8392476987179487 0.6415895192307692 0.8464930256410256 0.6549541314102564 0.8516277147435898 0.6592664775641025 0.8580137147435898 0.6749668461538462 0.862118044871795 0.6783514551282052 0.8689542820512821 0.6776659358974358 0.8785395288461538 0.6732366442307692 0.9024014134615385 0.6539875737179488
17 0.9801535384615385 0.3642271185897436 0.9733357916666667 0.3590212403846154 0.958393516025641 0.35489564423076925 0.9530087467948718 0.35517784935897434 0.9389165512820512 0.3516621923076923 0.9356872628205127 0.35248592307692306 0.9293826121794871 0.3570705320512821 0.9251571730769231 0.35761922435897436 0.9256032467948717 0.3598865673076923 0.934190951923077 0.36139998076923074 0.9343790865384616 0.3649898237179487 0.9302904743589744 0.3681493141025641 0.9271453141025641 0.37682253525641024 0.9278123397435897 0.3895501666666667 0.9399016025641026 0.4016791858974359 0.9511343076923077 0.40370847115384617 0.9657858333333333 0.402286125 0.9728457980769232 0.399625407051282 0.9799926698717949 0.3923786923076923 0.9823640192307692 0.3876729711538462 0.9842222724358975 0.3731767692307692 0.9801535384615385 0.3642271185897436
17 0.7309963108974359 0.3681220096153846 0.7264944423076923 0.37588459935897434 0.7220281666666667 0.378082141025641 0.7192620544871795 0.3814995673076923 0.7191580512820512 0.38575921153846154 0.7257691698717949 0.393266641025641 0.7283443685897436 0.39869485897435897 0.7293562371794872 0.4055139903846154 0.7314340576923077 0.4076958173076923 0.7350752115384616 0.4084867307692308 0.7416022019230769 0.4081446666666667 0.7488872852564102 0.39729100320512817 0.7589199935897436 0.3889113108974359 0.7652759487179487 0.38530575 0.7563475673076924 0.3710476025641026 0.7525695865384616 0.3676458942307692 0.7499245833333333 0.36713002243589743 0.7309963108974359 0.3681220096153846
17 0.7923870032051282 0.3531238108974359 0.7959754583333334 0.3591534198717949 0.8010588397435898 0.36248671153846157 0.8118454775641026 0.36224865384615385 0.8182869487179487 0.3602748429487179 0.8227019134615384 0.35709825 0.825623342948718 0.35040022756410255 0.8258655673076922 0.3425336346153846 0.8247496891025642 0.33997414743589743 0.816455516025641 0.3315731891025641 0.8040371314102565 0.3318967596153846 0.799210298076923 0.33345870833333335 0.7919765256410256 0.3452914198717949 0.7923870032051282 0.3531238108974359
17 0.573596 0.3619721923076923 0.5671203173076923 0.36329330769230767 0.5618118205128205 0.3681529551282051 0.5617078141025641 0.3724126025641026 0.5652606762820513 0.38400725320512824 0.5681978205128205 0.3838533269230769 0.5692794903846154 0.3857601153846154 0.569775483974359 0.39522425 0.5759932275641025 0.3952256346153846 0.5827610544871795 0.39323472435897433 0.5898908205128206 0.385661657051282 0.5916094743589744 0.38099014423076927 0.591525342948718 0.37314065064102564 0.5885724807692307 0.3667504903846154 0.5858419647435897 0.3646028653846154 0.5811362435897436 0.362231516025641 0.573596 0.3619721923076923
17 0.4827312275641026 0.3765515897435897 0.48898179166666667 0.38342341987179485 0.5023621217948718 0.3827221858974359 0.5070179198717949 0.3778967435897436 0.5070206955128206 0.3654612564102564 0.5051666057692307 0.3613042275641026 0.5007530288461539 0.35826307371794874 0.49841727243589745 0.35740374999999996 0.4873726987179487 0.3589643076923077 0.482957733974359 0.3621409006410256 0.48125618589743585 0.3671387628205128 0.4812034903846154 0.3723774583333333 0.4827312275641026 0.3765515897435897
17 0.6420438782051282 0.3567487628205128 0.646681185897436 0.3578147147435898 0.6544793685897436 0.35675153846153845 0.661728858974359 0.35146291987179484 0.6615592147435897 0.34198168269230766 0.6566482564102564 0.3356941346153846 0.6526294423076923 0.33394127564102566 0.6460511410256411 0.33330429487179486 0.6399531217948718 0.33558735576923077 0.6374449455128205 0.33768227564102565 0.6353999423076923 0.342370891025641 0.6351748269230769 0.3505638365384615 0.6420438782051282 0.3567487628205128
17 0.7016618365384616 0.3578785128205128 0.705663548076923 0.35930502243589746 0.7112114871794872 0.35901426923076923 0.7143894679487179 0.3572114871794872 0.716950342948718 0.3498778653846154 0.7197848685897436 0.34776584294871793 0.7228958237179487 0.3384399198717949 0.7194441923076923 0.3350211057692308 0.7082969967948718 0.3346235705128205 0.7035043717948718 0.33683821794871793 0.6986932596153846 0.3449442532051282 0.6983826249999999 0.3515054519230769 0.7016618365384616 0.3578785128205128
17 0.606645592948718 0.34944102564102564 0.6077115448717948 0.34480371794871795 0.6069391217948717 0.34255347756410254 0.6003108974358974 0.3347196987179487 0.5950037916666667 0.33336160576923074 0.591431048076923 0.3338760897435898 0.5835972724358974 0.34050431089743594 0.5844367211538462 0.3502776955128205 0.5886094647435898 0.3549676987179487 0.6016634455128206 0.3542835705128205 0.606645592948718 0.34944102564102564
11 0.02925099679487179 0.4405687211538461 0.018430153846153846 0.4401540801282051 0.013980983974358973 0.4426779743589744 0.014696544871794871 0.468820141025641 0.017871746794871794 0.47945284935897436 0.020928615384615386 0.48158336858974354 0.034635298076923074 0.48086503205128206 0.06675576602564103 0.47558196474358977 0.09226372435897436 0.4690092147435897 0.0866487564102564 0.46177682692307687 0.08228649038461539 0.45971472435897437 0.055456028846153846 0.4660295352564103 0.04633534615384616 0.4668347788461539 0.04210274038461539 0.4610025480769231 0.04175350961538461 0.44809464102564106 0.04000204166666667 0.4458957115384615 0.02925099679487179 0.4405687211538461
10 0 0.5130929615384615 0.010759048076923076 0.7183878461538462 0.015430560897435898 0.7201065 0.027780535256410256 0.7184775256410256 0.03023601282051282 0.7216212980769231 0.03657953525641026 0.7219433397435897 0.04351233653846154 0.7251797115384615 0.04639817307692307 0.7240467339743589 0.048545791666666664 0.7213162147435898 0.07005065384615385 0.7195347019230769 0.08208999358974359 0.7244669230769231 0.09674151282051281 0.7230445801282052 0.10070901923076923 0.7238183878205128 0.11685546153846153 0.7196997307692308 0.12020447435897437 0.7211604455128205 0.13655615705128207 0.7209579839743591 0.144508266025641 0.7228319519230769 0.14809811217948718 0.7226438141025641 0.15256438782051282 0.7204462756410256 0.15501986538461537 0.7235900480769231 0.1625430064102564 0.7235230192307692 0.1650511826923077 0.7214280993589743 0.17291777884615384 0.7216703173076923 0.17339666987179486 0.7308081057692307 0.17040682692307693 0.7362007307692308 0.16633531410256408 0.7396865673076923 0.1654575 0.7479137179487179 0.16167813141025641 0.7507297532051282 0.16243344871794874 0.7526536442307692 0.1609214230769231 0.7550236089743589 0.16315178525641025 0.7663603237179487 0.16806274358974357 0.7726478685897435 0.17519112179487178 0.771292548076923 0.1812207307692308 0.7677040929487179 0.19023879487179488 0.7649407532051282 0.20691682692307692 0.764721189102564 0.20597337500000001 0.7592074519230769 0.20877369551282052 0.7564427275641026 0.2181523141025641 0.7543149839743589 0.2338512980769231 0.7541467275641026 0.23357764423076924 0.7489251346153846 0.23538181410256412 0.7458853685897436 0.24635797435897436 0.7430194134615384 0.25298897115384616 0.7384176987179487 0.2604094935897436 0.7363925769230769 0.26965128846153846 0.7316540384615384 0.27403065705128204 0.7340424935897436 0.2752847467948718 0.732995032051282 0.2749768878205128 0.7271207403846154 0.276506016025641 0.725077125 0.2909338076923077 0.725629983974359 0.29788976602564105 0.7272289102564102 0.3154955352564103 0.725978983974359 0.32543995192307695 0.728403032051282 0.33426710576923074 0.7344853397435898 0.338627983974359 0.7427651891025641 0.3441403301282051 0.7480394775641026 0.34709319551282053 0.7544296442307692 0.35399645512820516 0.761267266025641 0.3586323717948718 0.7685509647435897 0.3690385769230769 0.7797864487179488 0.37305738782051284 0.7815393076923076 0.3837243044871795 0.7790168012820513 0.3910593108974359 0.7753599326923076 0.3960414583333334 0.7705173846153845 0.3950980032051282 0.7650036506410256 0.38496684294871797 0.7527720128205129 0.38311275320512816 0.7486149871794873 0.3757278205128205 0.7450750641025642 0.3727920641025641 0.73901125 0.3712472211538462 0.7345107692307692 0.3719526153846154 0.7292378653846153 0.3759386153846154 0.7241202820512821 0.37890996474358973 0.7246190512820513 0.3810561955128205 0.7281062788461539 0.3849381858974359 0.7272483365384615 0.3872924326923077 0.7222162692307693 0.39491819551282054 0.7241073429487179 0.4065983621794872 0.7221862275641026 0.42899144230769226 0.723303375 0.4329286666666667 0.7250605096153846 0.431725891025641 0.7270870224358974 0.4331510096153846 0.7293030544871795 0.429800608974359 0.7340600833333334 0.4327719615384616 0.7345588525641026 0.44093070192307693 0.7341312724358975 0.4411558205128205 0.7259383269230769 0.44387848076923075 0.7248139006410257 0.4669545352564103 0.7249135192307693 0.47573176602564105 0.723799032051282 0.48392470833333334 0.7240241506410257 0.5021133782051282 0.7276523653846153 0.5193756955128206 0.7260931923076923 0.5602549038461538 0.725587032051282 0.5754893237179487 0.729042826923077 0.6022328782051282 0.7273140128205129 0.6658525480769231 0.7298702724358974 0.6697687403846154 0.729665032051282 0.6716584262820513 0.7282570160256411 0.6742364038461539 0.7212497467948717 0.6723665993589744 0.710548625 0.6710866282051282 0.6736369230769231 0.6656482467948718 0.6447970544871795 0.6618360576923077 0.6407426474358975 0.6609596282051282 0.6427520512820513 0.6629163397435897 0.6488671762820513 0.6623833621794872 0.6511858301282052 0.6605278814102564 0.6532465448717948 0.6598395897435898 0.6588457980769231 0.6572972083333334 0.6602880224358975 0.6498267628205128 0.6551163525641025 0.6487108878205128 0.6525568653846154 0.648601185897436 0.6567078397435897 0.6445011634615384 0.6596496538461538 0.6373043717948718 0.6596995737179487 0.6280297564102564 0.6575676698717948 0.6244912211538461 0.6587348525641026 0.6168141506410256 0.6558647307692308 0.6072987083333333 0.6553816794871795 0.6068184262820513 0.6524616378205128 0.609652951923077 0.650349608974359 0.4050045705128205 0.3982963461538462 0.4127542179487179 0.3838186346153846 0.4262413301282051 0.36642226602564104 0.4292311762820513 0.36102964102564106 0.4296273237179487 0.3561001891025641 0.42852855448717947 0.3538670544871795 0.42021588461538467 0.3513574903846154 0.42056072756410257 0.34544899358974357 0.41771048397435895 0.3410169262820513 0.3976862147435897 0.32734028525641023 0.38023715064102565 0.3190918685897436 0.3739167884615385 0.31713238461538457 0.37103095192307695 0.3182653621794872 0.3657067371794872 0.3165809198717949 0.3643500320512821 0.31567028205128206 0.3642303076923077 0.3133858365384615 0.3519316442307692 0.3159938557692308 0.3492353333333333 0.31449893269230766 0.3464008076923077 0.3166109615384615 0.3472245384615385 0.31984025 0.3462796955128205 0.32054425961538463 0.3379314358974359 0.3235997403846154 0.3320571442307692 0.3239075993589744 0.3318676217948718 0.3265354967948718 0.31408804166666665 0.3369574166666667 0.3049858493589744 0.3318712628205128 0.30170525 0.3317159455128205 0.2995918365384615 0.33509916346153845 0.30036425961538465 0.3373494038461538 0.29922989423076923 0.3406813108974359 0.29474651602564106 0.3425525064102564 0.2925804070512821 0.35117441666666666 0.29034726602564104 0.35227319230769233 0.28534940384615387 0.35057164102564103 0.2808318205128205 0.3517901346153846 0.2783934455128205 0.34897271153846154 0.2741337980769231 0.3488687051282051 0.2709558205128205 0.350671483974359 0.23456415384615384 0.33065322115384616 0.23381022115384617 0.32251158333333335 0.22108259294871793 0.32317860897435896 0.21568857692307694 0.3264065128205128 0.2113263108974359 0.32434440705128204 0.20974726282051284 0.31919122756410256 0.2031860641025641 0.3188805961538462 0.200283125 0.3196872211538461 0.19902764743589743 0.3269524262820513 0.17927425961538462 0.330932875 0.1759765576923077 0.33045120512820514 0.1711839326923077 0.3326658525641026 0.1719905641025641 0.33556879166666664 0.17027191025641025 0.34024030448717946 0.16929285897435897 0.3402916153846154 0.16668345192307693 0.3342106955128205 0.16237249679487178 0.333127641025641 0.16065384294871793 0.3377991538461539 0.16063535256410255 0.3436905480769231 0.1590891217948718 0.3454078108974359 0.1560835641025641 0.34425634294871793 0.1432006153846154 0.34820396794871794 0.1353511217948718 0.34828809935897437 0.13289425641025643 0.35136207051282053 0.12969917307692308 0.3528385 0.10750740705128205 0.3540015192307692 0.10537688782051283 0.3570583878205128 0.09489810897435898 0.36317073717948717 0.09068977243589743 0.36404577884615386 0.08632750641025641 0.3619836730769231 0.0868946891025641 0.36031772115384614 0.08423258333333333 0.3594754967948718 0.08670794230769231 0.3505101314102564 0.08799623397435898 0.3501153685897436 0.09086635576923077 0.3424382980769231 0.08609222435897436 0.33876155128205127 0.08205491987179488 0.34290008653846155 0.07607800961538462 0.3412498461538462 0.07046026602564102 0.34645294871794874 0.06248966346153846 0.350470375 0.06073680448717949 0.3544891891025641 0.04460607692307693 0.3651519423076923 0.0006274711538461538 0.40018134615384615 0 0.40053729487179485 0 0.5130929615384615