17 0.3035355961538462 0.5351447435897436 0.3011376730769231 0.5008528782051282 0.2606114358974359 0.5036867467948718 0.26300935897435895 0.5379786121794872 0.3035355961538462 0.5351447435897436
16 0.8683711442307693 0.5489017147435897 0.8712707852564102 0.5455669262820513 0.8743875737179487 0.5453489775641025 0.8730796121794873 0.5266442532051282 0.8759791955128204 0.5233086602564102 0.8742352852564103 0.49836956089743584 0.8305922564102565 0.5014213782051282 0.8338621346153846 0.5481827948717949 0.8556836474358974 0.5466568846153846 0.8590191826923077 0.5495556698717948 0.8683711442307693 0.5489017147435897
16 0.767219516025641 0.44633304487179487 0.7235764871794872 0.44938486538461536 0.7259743525641026 0.4836759262820513 0.766500592948718 0.4808420544871795 0.7693994326923077 0.4775073237179487 0.767219516025641 0.44633304487179487
17 0.40597358333333333 0.5217159166666666 0.40379372115384615 0.49054243910256407 0.3726194455128205 0.49272235897435895 0.3747993076923077 0.5238958365384615 0.40597358333333333 0.5217159166666666
16 0.9591900416666667 0.41411377564102564 0.9570101249999999 0.3829395 0.9258358493589744 0.38511941666666666 0.928015766025641 0.4162936923076923 0.9591900416666667 0.41411377564102564
16 1 0.6148804711538461 0.9390682211538461 0.6191412371794872 0.9445179615384615 0.6970761282051282 1 0.6931964487179487 1 0.6148804711538461
16 0.6415213685897435 0.530305858974359 0.6386874967948718 0.48977961858974356 0.5950436698717949 0.49283149038461543 0.5978775416666666 0.5333577339743589 0.6415213685897435 0.530305858974359
17 0.7032367179487179 0.6512955384615384 0.6986589358974359 0.5858301955128206 0.6394279711538462 0.5899720288461539 0.6440057532051282 0.6554373717948718 0.7032367179487179 0.6512955384615384
16 0.9183151185897436 0.5015528621794871 0.914173342948718 0.4423226987179487 0.8393560384615384 0.44755443269230766 0.8434978141025641 0.5067845961538462 0.9183151185897436 0.5015528621794871
16 0.9938513429487179 0.46181211538461536 0.9912354743589743 0.42440346474358975 0.9569444134615386 0.4268013301282051 0.9595602820512821 0.4642099807692308 0.9938513429487179 0.46181211538461536
16 0.691465342948718 0.48295700641025635 0.6888494743589744 0.4455483525641026 0.6514408237179488 0.44816422115384613 0.6540566891025641 0.4855728717948718 0.691465342948718 0.48295700641025635
16 0.5018269615384615 0.5933291698717948 0.4457143846153846 0.5972529423076923 0.45029216666666666 0.6627182852564102 0.5032879583333334 0.6590124583333333 0.5061867435897436 0.655676923076923 0.5018269615384615 0.5933291698717948
17 0.7695309166666667 0.3897844615384615 0.7414742275641025 0.3917463782051282 0.743218141025641 0.4166854775641025 0.7681572403846154 0.4149415673076923 0.7710568237179487 0.41160597435897434 0.7695309166666667 0.3897844615384615
17 0.5419829647435898 0.5403990929487179 0.5417649647435897 0.5372815064102564 0.47629962499999995 0.5418592884615385 0.48174936217948716 0.6197941794871795 0.547214701923077 0.6152163974358975 0.5456887916666667 0.5933948846153846 0.5423532051282052 0.590495298076923 0.5390833846153846 0.5437346858974359 0.5419829647435898 0.5403990929487179
16 0.7980769230769231 0.5096153846153846 0.8108974358974359 0.5192307692307693 0.8108974358974359 0.5384615384615384 0.8076923076923077 0.5416666666666666 0.8076923076923077 0.5448717948717948 0.8044871794871795 0.5448717948717948 0.8012820512820513 0.5480769230769231 0.7916666666666666 0.5480769230769231 0.7884615384615384 0.5448717948717948 0.782051282051282 0.5448717948717948 0.7724358974358975 0.532051282051282 0.7788461538461539 0.5160256410256411 0.7852564102564102 0.5096153846153846 0.7948717948717948 0.5096153846153846
16 0.7007109391025641 0.597526141025641 0.6987514903846154 0.5695046762820513 0.6909861282051282 0.562002407051282 0.6720121794871795 0.5552839134615385 0.6680091153846154 0.5555638365384615 0.6455751153846153 0.5683959647435898 0.6468459198717948 0.5980746378205128 0.6729302500000001 0.5914234775641025 0.6979003782051283 0.6033543685897437 0.7007109391025641 0.597526141025641
16 0.726168842948718 0.3978320641025641 0.7165055 0.3977032596153846 0.7056328237179488 0.4032907211538462 0.6998437467948718 0.41254533974358976 0.6995638237179487 0.4085422756410257 0.6917424743589744 0.4002393878205128 0.6827677788461539 0.398453375 0.6811665512820513 0.39856534615384615 0.6756742275641026 0.4005584583333333 0.6689725673076923 0.4082678397435897 0.6699243012820513 0.4218782628205128 0.6758645 0.42629005128205133 0.6933660224358974 0.4234571698717949 0.6974419038461539 0.41271329166666665 0.7023575544871795 0.4139786153846154 0.701780875 0.4172370512820513 0.7078890256410256 0.4240506762820513 0.7201221634615385 0.42641336538461533 0.7296175544871796 0.42414032692307696 0.7347739711538461 0.41734353205128205 0.7347348173076923 0.40527834935897433 0.726168842948718 0.3978320641025641
16 0.44849034935897436 0.44218959935897434 0.45254940064102567 0.44271029487179486 0.4612441794871795 0.44049323717948713 0.4664565801282052 0.4344970544871795 0.46652939743589744 0.4240330993589744 0.45710682371794875 0.4158421826923077 0.45310375961538457 0.41612210256410254 0.4436643525641026 0.4191957564102564 0.4394765 0.42833840705128207 0.4407249903846153 0.43468732692307693 0.44849034935897436 0.44218959935897434
16 0.6164120192307693 0.4159658685897436 0.6198552435897435 0.4076798141025641 0.6166136378205128 0.3958385705128205 0.6107294230769231 0.39222739743589746 0.6067263557692307 0.3925073173076923 0.5987202275641026 0.39306716025641025 0.594532375 0.4022098108974359 0.5959488141025641 0.4109605737179487 0.6036581923076922 0.4176622307692308 0.6164120192307693 0.4159658685897436
16 0.4586689006410256 0.40366503205128207 0.4606060288461538 0.40835674358974355 0.4742724391025641 0.4082056217948718 0.47553775961538464 0.4032899711538461 0.46732452243589745 0.3893827948717949 0.4648666987179487 0.3887501346153846 0.4616642467948718 0.38897407371794873 0.456339875 0.3933690288461539 0.45615508974358976 0.4022317564102564 0.46255999358974353 0.4017838814102564 0.4586689006410256 0.40366503205128207
16 0.5697861794871795 0.3934813685897436 0.561948 0.3964430544871795 0.5585047788461538 0.40472910576923077 0.5605538814102564 0.41102204166666667 0.5671267403846154 0.4129760096153846 0.5758774999999999 0.41155956730769233 0.574589858974359 0.39314546474358975 0.5697861794871795 0.3934813685897436
16 1 0.6249796987179487 0.9969264807692308 0.6226708301282051 0.9694816955128206 0.621371842948718 0.9670798557692307 0.6215397948717948 0.9551826282051282 0.6239807884615385 0.9498022724358973 0.6275751314102563 0.943324548076923 0.6384869615384615 0.9412977660256411 0.6555237756410256 0.9458438429487179 0.6745145576923077 0.9581161282051281 0.6889424262820513 0.9681153814102564 0.6938749070512821 0.987554032051282 0.695733733974359 0.9915011153846154 0.6946532019230769 0.9856169006410257 0.6910420224358974 0.9878507884615385 0.688472233974359 0.9982027724358974 0.6869438205128205 1 0.6875208942307692 1 0.6249796987179487
7 0.561556108974359 0.3908387596153846 0.5633252916666667 0.3931286314102564 0.5857592916666666 0.3802965 0.5822154487179487 0.34112243910256407 0.5828649423076923 0.32740004487179486 0.5864761153846154 0.3215158301282051 0.6656808397435897 0.31517276923076926 0.6700198108974359 0.31969652884615385 0.6772253301282052 0.3191926698717949 0.6826056858974359 0.3155983237179487 0.7196578301282052 0.3162255 0.7250381826923077 0.31263115384615386 0.7363587371794872 0.31344860256410256 0.7522030512820513 0.30992707371794875 0.7586639391025641 0.3102798108974359 0.7604891025641026 0.31337029807692307 0.7986386153846154 0.30667998397435897 0.8186539423076923 0.305280375 0.8357467435897437 0.30810777243589743 0.8429522628205128 0.3076039134615384 0.842728326923077 0.3044014583333333 0.8501017948717949 0.30629943910256413 0.8538809262820513 0.30281706410256415 0.865946108974359 0.30277791346153843 0.8701731121794872 0.30570044551282055 0.8828709551282051 0.30320346794871794 0.8889791057692309 0.31001709935897437 0.8843766698717949 0.4052732371794872 0.9056964711538461 0.41102316346153844 0.9096435544871795 0.409942625 0.9109648589743591 0.40582759294871795 0.9188030384615384 0.4028659102564103 0.9175153974358975 0.3844518076923077 0.9054447307692308 0.3498966378205128 0.9092911891025641 0.30135598717948714 0.9051929871794872 0.28877011217948717 0.9146323942307691 0.28569646153846157 0.903776548076923 0.2800193493589744 0.8900541538461538 0.279369858974359 0.887428375 0.276335358974359 0.8925847948717948 0.2695385608974359 0.8734988782051283 0.26121884294871794 0.7872006057692308 0.2696669903846154 0.7758800512820513 0.26884954487179485 0.765080189102564 0.26397304807692307 0.7594758974358974 0.2643649391025641 0.7540955416666666 0.26795928205128206 0.6973079903846153 0.27273478525641026 0.6821523237179488 0.27459909935897436 0.6775165961538462 0.27733684615384613 0.6660840737179488 0.27491817307692307 0.650743625 0.28564521794871794 0.6230020833333334 0.29160773397435896 0.6020181858974359 0.2906614871794872 0.5980711057692307 0.2917420224358974 0.5952605448717949 0.2975702532051282 0.572955342948718 0.30073903846153843 0.5673733685897435 0.3244606826923077 0.5709172115384615 0.3636347467948718 0.561556108974359 0.3908387596153846
5 0.6809481025641025 0.4299572115384615 0.6708928685897436 0.42422411538461535 0.6700362692307693 0.42347948717948714 0.6126383782051281 0.4540425673076923 0.5863692596153846 0.4695564551282051 0.5804122307692308 0.47640923717948713 0.5654805032051282 0.48147600641025645 0.5533984871794871 0.49277972756410254 0.5544230352564102 0.4959261955128205 0.5608839262820513 0.49627893269230766 0.5805633525641025 0.49007564423076927 0.5842305096153846 0.48499204487179487 0.6159359647435897 0.46668442307692304 0.6239029455128204 0.4540593974358974 0.6300839134615385 0.4504090705128205 0.6476974038461538 0.4491774166666666 0.6809481025641025 0.4299572115384615
5 0.7470576025641026 0.3859125128205128 0.7501480865384615 0.3840873493589743 0.7533505416666666 0.38386341025641024 0.7682822724358974 0.3787966442307692 0.7720613974358975 0.3753142692307692 0.7702922211538462 0.37302439743589744 0.765088233974359 0.37338829487179487 0.75988425 0.3737521955128205 0.7481549743589744 0.37859502243589743 0.7428306025641026 0.3829899807692308 0.7304126794871795 0.3894900224358974 0.7281787916666667 0.39205981730769235 0.722742451923077 0.39485354487179486 0.7203406121794872 0.3950214967948718 0.7173061121794871 0.39764727564102564 0.7189633269230769 0.39833591987179484 0.7245676185897436 0.39794403205128204 0.72953925 0.4000099615384615 0.7335423173076924 0.39973004166666665 0.7404679134615385 0.3952231153846154 0.7470576025641026 0.3859125128205128
5 0.7067133557692308 0.4072378012820513 0.7066013878205128 0.4056365769230769 0.7057447916666667 0.4048919455128205 0.7025423397435897 0.4051158814102564 0.7017977115384615 0.40597248076923076 0.700196483974359 0.4060844487179487 0.6979625961538461 0.4086542435897436 0.6980745641025641 0.410255467948718 0.6973299358974359 0.4111120641025641 0.697553875 0.41431451923076923 0.6968092467948718 0.4151711153846154 0.6969771987179487 0.4175729551282051 0.6978337948717949 0.4183175833333333 0.701836858974359 0.4180376634615385 0.7033261185897436 0.41632446794871797 0.7040147628205128 0.41466725641025637 0.7037908269230769 0.4114648044871795 0.7067133557692308 0.4072378012820513
5 0.09565409294871795 0.7693648461538461 0.16604658333333333 0.7290432916666667 0.3839817019230769 0.6011698621794872 0.394165733974359 0.5972396153846155 0.4736057403846154 0.5482401121794872 0.4831571153846154 0.5467676891025641 0.48751291987179485 0.5400268782051282 0.48661717307692304 0.5272170673076924 0.4826141025641026 0.5274969871794871 0.4414132596153846 0.5480776506410256 0.3974578365384615 0.5752871506410256 0.17598436217948718 0.6985808365384616 0.08144467307692307 0.750245266025641 0.07355050961538462 0.7524063365384616 0.06392631730769231 0.764342717948718 0.060779849358974354 0.7653672692307693 0.06055591346153846 0.7621648141025641 0.05340637820512821 0.7634692852564102 0.018554455128205128 0.7828014583333334 0.01933823717948718 0.7940100448717948 0.028945592948717947 0.7933382307692307 0.026135032051282054 0.7991664615384615 0.03133060256410256 0.8044348493589744 0.04322783012820513 0.8019938557692308 0.04579762179487179 0.8042277435897436 0.04918486217948718 0.7951410769230769 0.05674311858974358 0.7881763269230769 0.09565409294871795 0.7693648461538461
10 0.5132221923076923 0.5165068525641026 0.5267206474358974 0.5139538942307692 0.5331815352564103 0.5143066346153846 0.5423801730769231 0.5192950993589743 0.5625634583333333 0.5202973301282051 0.561258983974359 0.5131477948717948 0.5436791602564102 0.4918503108974359 0.5376438237179487 0.4745727275641025 0.5375486858974359 0.46170692948717945 0.558062391025641 0.43291852243589746 0.5548376185897437 0.40981270833333333 0.5115430352564102 0.3774409262820513 0.5084525512820512 0.379266092948718 0.511134314102564 0.3831012051282051 0.5050093301282051 0.3875521442307692 0.4934088557692308 0.3827316314102564 0.4861473493589744 0.3824348782051282 0.48432218589743586 0.3793443942307692 0.4826089903846154 0.3778551346153846 0.46806915064102567 0.38852619871794875 0.47023022115384616 0.3964203621794872 0.47622640384615383 0.4016327628205128 0.48712140064102566 0.41937505448717954 0.4921376730769231 0.46810049358974365 0.4984529294871795 0.489381141025641 0.4917512692307693 0.49709051923076925 0.48683561858974356 0.4958251987179487 0.4816792019230769 0.5026219935897436 0.48367232051282055 0.5081143173076923 0.49138169871794873 0.5148159775641025 0.4922774487179487 0.5276257916666667 0.5057199166666667 0.5242722179487179 0.5132221923076923 0.5165068525641026
17 0.6956112532051282 0.37502848717948717 0.6881258141025641 0.37152927884615383 0.6754839551282051 0.37482686858974357 0.6733060512820512 0.3781972756410257 0.6758590128205128 0.39169573076923075 0.6808306442307692 0.39376166346153846 0.6935844711538461 0.3920653044871795 0.6977163397435897 0.38212203525641025 0.6956112532051282 0.37502848717948717
17 0.40649475320512823 0.38237303525641025 0.399289233974359 0.3828768942307692 0.3940768301282051 0.38887307692307693 0.39469265705128204 0.3976798205128205 0.39972027564102564 0.4005463685897436 0.4100722628205128 0.3990179583333333 0.4136274551282051 0.39233313141025644 0.4114663846153846 0.38443896794871796 0.40649475320512823 0.38237303525641025
17 0.6051196442307692 0.35802496474358975 0.5963688846153846 0.359441407051282 0.5928136923076923 0.366126233974359 0.592237016025641 0.3693846698717949 0.5975445544871795 0.37625428525641025 0.6117876410256411 0.3728447275641026 0.6131649262820513 0.3695303044871795 0.6102032435897435 0.361692125 0.6051196442307692 0.35802496474358975
17 0.5465629102564102 0.3605105961538461 0.5385567788461538 0.3610704391025641 0.5340330192307692 0.3654094102564102 0.53379225 0.37347152564102565 0.5389318365384616 0.3779393012820513 0.5469379711538461 0.37737945512820514 0.553062951923077 0.3729285128205128 0.5526150801282051 0.366523608974359 0.5465629102564102 0.3605105961538461
17 0.4881741314102564 0.3653980641025641 0.48776541025641024 0.37105833974358976 0.4921603653846154 0.37638271153846153 0.5010230929487179 0.3765674967948718 0.5064034487179487 0.37297315384615387 0.5016166025641026 0.3620444903846154 0.49349850320512817 0.361003108974359 0.4881741314102564 0.3653980641025641
17 0.45650234294871794 0.36117654807692307 0.4508980480769231 0.3615684391025641 0.4471189230769231 0.3650508108974359 0.44682216666666663 0.3723123173076923 0.4519617532051282 0.3767800865384615 0.45916727243589744 0.37627622756410256 0.4644916442307692 0.3718812724358974 0.46067335897435896 0.36329846474358973 0.45650234294871794 0.36117654807692307
11 0.2641813621794872 0.452664157051282 0.2638454551282051 0.4478604775641026 0.25710464423076923 0.4435046730769231 0.22457625641025641 0.43853852564102563 0.2212058493589744 0.43636062500000006 0.2241283814102564 0.4321336217948718 0.22161457371794874 0.4307003493589744 0.2012465064102564 0.43856084615384616 0.19614607051282051 0.44615825320512825 0.23033166987179485 0.45181304487179486 0.22820975 0.4559840673076923 0.15733023397435897 0.47783553205128204 0.13657027564102564 0.48009173717948717 0.0906162467948718 0.46721459615384614 0.07551656730769231 0.4698795256410256 0.07425124679487179 0.47479517307692315 0.06916764743589744 0.4711280128205128 0.057326400641025635 0.4743696153846154 0.05674972435897436 0.47762805448717943 0.05920754807692308 0.47826071153846156 0.07979955448717949 0.4736026666666666 0.08568376923076923 0.4772138461538461 0.12415235576923077 0.48659177884615384 0.14519223397435896 0.48833863782051284 0.14223055128205128 0.4805004583333333 0.15178192628205128 0.4790280352564103 0.15234176923076923 0.48703416666666666 0.15708946474358973 0.48589765064102564 0.15932334935897435 0.48332785576923076 0.16893071153846154 0.48265604487179486 0.25405331089743594 0.45739501923076925 0.2641813621794872 0.452664157051282