11 0.1914078108974359 0.6713021794871795 0.19174109294871794 0.6713079967948717 0.19177297435897436 0.6694814775641026 0.19143969230769228 0.6694756602564103 0.1914078108974359 0.6713021794871795
18 0.4816265064102564 0.6163637275641026 0.4809844166666667 0.6156988237179487 0.4836440224358975 0.6131304711538461 0.4928556955128205 0.6096959455128205 0.5002095416666668 0.6003457371794872 0.5042764583333333 0.5858174423076924 0.510371282051282 0.5799317371794872 0.5058652564102564 0.5759309198717949 0.5103696282051282 0.5613014230769231 0.4977959230769231 0.5326462435897437 0.49207416025641026 0.5233946474358974 0.48564757051282054 0.5170723782051282 0.4501974807692308 0.5069750256410257 0.438767016025641 0.5064486602564102 0.4034742243589744 0.5247897596153847 0.3971462532051282 0.5315430929487179 0.3924063878205128 0.5409389262820513 0.4122704615384616 0.6200558205128205 0.4138813846153846 0.6213913301282051 0.41219061538461543 0.6246302884615385 0.41443792307692306 0.6269574423076923 0.42492806730769234 0.6251794679487179 0.4400855865384615 0.6368836955128205 0.44004566025641023 0.6391709262820512 0.44660913141025643 0.6376512596153846 0.4532068205128205 0.6341711025641025 0.45589494551282056 0.6299690096153846 0.4611685352564102 0.6274462820512821 0.46582284935897433 0.6229516634615384 0.4816265064102564 0.6163637275641026
18 0.2716363237179487 0.7375539551282052 0.27568847435897437 0.7301071987179487 0.28623565064102563 0.7250617467948718 0.28763389743589746 0.7198565961538461 0.28704313782051283 0.716250967948718 0.3007746378205128 0.6785763814102564 0.30226984294871795 0.6678165224358974 0.30135233333333333 0.6642051858974359 0.29783796153846154 0.659567983974359 0.29756824679487176 0.6562948076923077 0.2897434134615385 0.6551776794871795 0.289088266025641 0.6365359551282052 0.2871562948717949 0.634868 0.2846563846153846 0.6282874198717949 0.2827244134615384 0.6266194615384615 0.27946264102564106 0.6262356762820512 0.2753118814102564 0.6206068237179487 0.2753917275641026 0.616032358974359 0.2705931730769231 0.6100653493589743 0.26019998717948717 0.6062886185897436 0.25137209935897437 0.606461375 0.24589724038461538 0.6017899487179488 0.2218205737179487 0.5954864423076923 0.19337642307692307 0.5959704871794872 0.18385511217948716 0.5984190673076923 0.1347077467948718 0.6240358205128205 0.12011982371794871 0.6358745320512821 0.09899290384615385 0.6665562371794872 0.09896603846153845 0.6868202948717949 0.10249917948717949 0.7091075737179487 0.1280760032051282 0.7605421762820513 0.13717360576923077 0.7636426025641025 0.14241867948717948 0.7627536121794872 0.15627491346153846 0.7741082756410257 0.16473042628205128 0.7765438012820512 0.1738679519230769 0.7773569903846154 0.18131470512820513 0.7814091410256411 0.18783254807692307 0.7825034487179487 0.19799594551282051 0.7807197692307692 0.20195113461538464 0.7788277275641026 0.21090450000000002 0.7714665224358974 0.2716363237179487 0.7375539551282052
18 0.009442849358974359 0.3292508237179487 0.010877272435897435 0.3292758621794872 0.01089888782051282 0.3280374903846154 0.009464464743589744 0.32801245192307693 0.009442849358974359 0.3292508237179487
10 0 0.8243297275641026 0.03576133653846154 0.8249539455128205 0.03619074038461539 0.8190781923076923 0.07093435576923077 0.8134745480769231 0.0763749967948718 0.8201064583333333 0.07633507371794872 0.8223936891025642 0.07926439423076924 0.8230985192307693 0.0808525064102564 0.825741016025641 0.13639959935897436 0.8267105929487178 0.16049741987179486 0.8130767916666667 0.16285309615384616 0.8091957467948718 0.16743896794871796 0.8086220993589743 0.18164310897435895 0.8000451602564103 0.18398166987179487 0.7971443557692307 0.19552049999999999 0.791462516025641 0.19851826282051283 0.7882463717948719 0.20311554166666665 0.7870192275641026 0.20940359615384616 0.782553125 0.21208031410256412 0.7790045320512821 0.2199906955128205 0.7752204391025641 0.22523576602564105 0.7743314519230768 0.24637575000000003 0.7616265641025641 0.2526923205128205 0.7555267275641026 0.29033508333333335 0.733631326923077 0.29564859615384614 0.7288213685897436 0.29668587500000004 0.7255710032051282 0.29931696474358976 0.7246363846153846 0.30322652564102565 0.7253583237179487 0.304877375 0.7244065961538462 0.30490589102564103 0.722772858974359 0.31377940705128204 0.7199861217948718 0.32763968910256414 0.7123837211538462 0.33921844230769227 0.7044146506410256 0.34877396794871796 0.7000055833333334 0.43399310256410256 0.6488706955128205 0.4359307756410256 0.6502119038461539 0.44085480128205123 0.6489904647435898 0.4420403685897436 0.6372446634615384 0.44594422756410257 0.6382933461538461 0.4541243269230769 0.6377824358974359 0.4758664711538461 0.6280296826923076 0.4778839935897436 0.6247964262820513 0.48416634294871796 0.6206570737179486 0.48909607371794867 0.6191088846153846 0.49177849358974357 0.6152335416666667 0.5053291378205128 0.6066451987179488 0.5290716955128205 0.5946394326923077 0.5779721666666666 0.5644425096153847 0.6056870256410257 0.5495644615384615 0.6126399775641026 0.5444562692307692 0.615012766025641 0.5395949775641026 0.6044240096153846 0.5282973493589744 0.5685086346153846 0.5074059198717948 0.5566300000000001 0.4951052307692308 0.543932467948718 0.4922688205128205 0.533144092948718 0.4924073525641025 0.49441677564102565 0.501536782051282 0.48760640384615384 0.498476282051282 0.48140960576923075 0.4977144198717949 0.479523266025641 0.49343248076923074 0.480302233974359 0.48625544230769235 0.4816377403846154 0.48464451602564107 0.48012947756410257 0.4774275512820512 0.4844570480769231 0.4729272307692307 0.4822097371794871 0.47060007051282055 0.47992250320512814 0.4705601474358974 0.4109005641025641 0.492561516025641 0.39937314102564103 0.4975898557692307 0.20647153525641024 0.5573042500000001 0.1393815641025641 0.5809735737179488 0.12287308333333333 0.5904908333333333 0.11040534294871794 0.5932148333333334 0.047735846153846156 0.6257861923076923 0.0022112179487179485 0.6498319391025641 0 0.6535494166666667 0 0.8243297275641026
9 0.4718593782051282 0.8201458717948719 0.46346659935897433 0.8141161282051282 0.4599750384615385 0.8081719326923077 0.46006058974358977 0.803270717948718 0.46522986538461536 0.7879991346153846 0.4636474583333333 0.7850298846153846 0.4656421602564102 0.7831036217948718 0.46760669871794874 0.7641807756410256 0.4689650192307692 0.7612628621794872 0.469582641025641 0.744604435897436 0.4723905384615385 0.7335406474358974 0.4712147243589743 0.7260026378205128 0.4722520032051282 0.7227522724358975 0.4732322435897436 0.7227693814102565 0.47328357371794877 0.7198286538461539 0.4719936955128205 0.7188255961538461 0.47370728205128204 0.7142796474358974 0.476365233974359 0.6930809743589743 0.475521875 0.6852219198717949 0.4775108782051282 0.6836224070512821 0.4752578621794872 0.6816219967948718 0.4783240641025641 0.6744848814102564 0.47846094871794875 0.6666429358974358 0.4811433717948718 0.6627675897435897 0.4802087532051282 0.6601365 0.4815442596153846 0.6585255769230769 0.48181802243589744 0.6428416923076923 0.47535721794871794 0.6384799038461538 0.4717344775641026 0.6400509038461539 0.4685069230769231 0.6377066378205128 0.4609803205128205 0.6382289519230769 0.4434573782051282 0.6496895897435897 0.438442092948718 0.6561389903846153 0.43547855128205126 0.6573946474358975 0.4338619230769231 0.656385891025641 0.425349375 0.6572178429487179 0.4035444903846154 0.6705648173076924 0.3992169230769231 0.6750651410256411 0.3991598878205128 0.6783326185897436 0.3948722467948718 0.6805457083333334 0.3906416378205128 0.6794913173076923 0.3843478814102564 0.6842841698717949 0.38494434615384615 0.6875630512820513 0.38394128525641025 0.6888529326923076 0.3863898717948718 0.6983742403846154 0.38504866025641027 0.7003119102564103 0.3852898557692308 0.7052188301282052 0.3835420480769231 0.711725266025641 0.3838248237179487 0.7329752660256411 0.38278184615384614 0.7365523814102564 0.3840318012820513 0.7398426698717949 0.3787068782051282 0.745306125 0.37416663461538463 0.7432657916666666 0.3515794711538462 0.726529173076923 0.350002766025641 0.7232331794871795 0.3485857564102564 0.7107882532051283 0.3460402179487179 0.7068216570512821 0.3417925 0.7067475128205128 0.3374820448717949 0.7102675897435897 0.3335553653846154 0.7105258974358974 0.32300818910256407 0.7155713525641025 0.2751164807692308 0.744151641025641 0.26056848397435894 0.7537031217948718 0.2565619615384615 0.7585358974358974 0.25031383333333335 0.7607147628205129 0.2535128685897436 0.7646927660256411 0.25239003846153846 0.7728443493589743 0.24777564743589744 0.7750517371794873 0.24355074358974357 0.7736705993589743 0.23960696153846156 0.7749091506410257 0.23571450320512818 0.7732069711538462 0.2307790673076923 0.7750819038461538 0.2291111121794872 0.777013875 0.22552829487179488 0.7762976442307693 0.21661485576923076 0.7813716121794873 0.21654641346153847 0.7852925801282051 0.21973404487179488 0.7899240833333333 0.22525453205128207 0.7919815256410256 0.2374599166666667 0.8042879166666667 0.23868135576923075 0.8092119455128205 0.23678525961538463 0.8242138173076924 0.23350067307692307 0.8251370256410256 0.2380466217948718 0.8268506121794872 0.2383448525641026 0.8284900544871795 0.4860195416666666 0.8328132307692309 0.48540026923076923 0.830841342948718 0.481524923076923 0.8281589166666666 0.477942108974359 0.827442685897436 0.4718593782051282 0.8201458717948719
9 0.511679983974359 0.7671072692307692 0.5127778525641026 0.7671264326923077 0.5127869807692308 0.7666036378205129 0.5116891089743589 0.7665844743589744 0.511679983974359 0.7671072692307692
17 0.1404823205128205 0.5179112852564103 0.13134479487179487 0.517098092948718 0.1192095064102564 0.5195010512820513 0.11328242307692307 0.5220123685897436 0.09367922115384616 0.5403004839743589 0.09001085256410257 0.5444854647435898 0.08829726602564102 0.5490314134615384 0.08686480128205129 0.556197048076923 0.08737000961538462 0.5647038942307692 0.11021547756410256 0.5853671858974359 0.11965693589743588 0.5874930705128205 0.13411938141025642 0.5828428044871795 0.14009209615384616 0.5777175064102564 0.14828359935897437 0.5765530993589744 0.16309560897435896 0.5706015512820513 0.1695262403846154 0.5579667564102565 0.17133108333333333 0.548192842948718 0.16915221474358974 0.5419447179487179 0.16500715705128205 0.5359891153846154 0.15053165064102564 0.5226625576923077 0.1404823205128205 0.5179112852564103
17 0.9031616666666668 0.4534342756410257 0.8949929775641027 0.4532916923076923 0.8798542243589744 0.4592375416666667 0.8788112435897435 0.46281465384615383 0.8835185416666667 0.47400962500000005 0.8837255192307691 0.48087702884615385 0.8809689519230768 0.48900009294871793 0.8828781057692308 0.4919750416666667 0.8910125769230769 0.49407810897435894 0.9044377467948718 0.49267821153846153 0.9133340737179488 0.48858448397435894 0.9207050352564102 0.47825403525641025 0.921421266025641 0.47467122115384613 0.92023975 0.46745995833333337 0.9170692307692309 0.4618482147435897 0.9109636858974358 0.4558583942307693 0.9031616666666668 0.4534342756410257
17 0.7888138044871794 0.41319721153846156 0.7879492852564103 0.42527546474358974 0.7895259903846154 0.4285714551282051 0.7940434230769231 0.43191878205128204 0.8015186955128205 0.4343371955128205 0.8083803942307692 0.4344569647435898 0.815620173076923 0.43164171153846154 0.8189560865384615 0.42777777243589743 0.822136358974359 0.4141057019230769 0.8193096987179488 0.40751942307692307 0.8164031923076923 0.4055076057692308 0.8014298333333334 0.40197777243589744 0.7948435544871795 0.4048044326923077 0.791186592948718 0.40833591987179485 0.7888138044871794 0.41319721153846156
17 0.9393132788461538 0.4233416730769231 0.9438193044871795 0.4273424903846154 0.950635375 0.43007624358974356 0.9610855993589743 0.4305855 0.9683538942307692 0.4261365096153846 0.9717012179487179 0.42161907692307693 0.9717981762820512 0.4160643685897436 0.9689658108974359 0.40980483333333334 0.9654400256410256 0.405821125 0.9583029102564102 0.40275491666666663 0.9475088333333332 0.40322020192307695 0.9398909775641027 0.40897048076923076 0.9381716858974359 0.41384317948717947 0.9393132788461538 0.4233416730769231
17 0.5367842852564103 0.7519875416666667 0.5181352019230769 0.7343391217948718 0.5132625064102564 0.7326198333333334 0.5001697852564103 0.7336986891025641 0.48141399358974357 0.7408887884615384 0.4721509967948718 0.747264048076923 0.46581491666666663 0.7919315096153846 0.4661090993589744 0.812528016025641 0.47161818269230765 0.8152389583333334 0.4745703173076923 0.8146367916666666 0.47939738782051283 0.818970060897436 0.4783943333333333 0.8202599391025641 0.48093987179487174 0.8242265416666666 0.4902672660256411 0.832887375 0.5399329006410257 0.8337542916666667 0.5432973365384616 0.8282566185897436 0.5478302243589744 0.8119933814102565 0.5530491762820513 0.77515075 0.5505321538461538 0.7695504134615384 0.5402758461538462 0.7579317371794873 0.5367842852564103 0.7519875416666667
16 0.8527284711538462 0.4590909070512821 0.8467728685897435 0.4632359647435897 0.8424338942307693 0.468389782051282 0.8396944391025641 0.47553260256410257 0.8395119294871796 0.4859885256410257 0.8417193173076922 0.4906029166666666 0.8446144166666667 0.49326822756410255 0.8595706634615384 0.49777830448717947 0.8706743782051282 0.49829896474358976 0.8752887660256411 0.49609158012820515 0.880602282051282 0.4912816217948718 0.8843733108974359 0.48121518269230773 0.8854790288461538 0.47404384615384615 0.883947951923077 0.46813386858974365 0.8794932564102564 0.46119232371794877 0.8694211153846154 0.45774804166666666 0.859630092948718 0.4569234455128205 0.8527284711538462 0.4590909070512821
16 0.7026063333333333 0.5022291185897435 0.6960029423076923 0.5060360192307692 0.6859894871794872 0.5179545801282052 0.6852048108974359 0.5254583685897436 0.6882441506410257 0.5385853076923076 0.6929856730769232 0.5478197916666666 0.6988043910256411 0.5515166762820513 0.7079134006410256 0.5539636057692308 0.7229437916666667 0.5542259615384615 0.7348207724358975 0.5478963333333333 0.7425184775641025 0.5375715865384615 0.74263825 0.5307098878205128 0.7358262243589744 0.5090190705128206 0.7336074326923077 0.505058173076923 0.7271124038461538 0.502656875 0.7179919871794872 0.5008634391025641 0.7026063333333333 0.5022291185897435
16 0.744541532051282 0.40294586858974357 0.7460041666666667 0.41277681089743584 0.7479247275641026 0.41509826602564104 0.7531070641025641 0.4178035 0.7599459487179487 0.41923026282051284 0.7638840320512821 0.4183184615384615 0.7705102371794872 0.41320456730769234 0.7741671987179487 0.40967308012820514 0.7758978942307692 0.40414688782051283 0.7718155737179487 0.3945970641025641 0.7643802275641025 0.3898914198717949 0.757191782051282 0.3897659455128205 0.7499462980769231 0.3929079455128205 0.7462950416666667 0.3961126826923077 0.744541532051282 0.40294586858974357
17 0.710222108974359 0.53404825 0.7115487051282051 0.5340714070512821 0.7115655288461539 0.5331075000000001 0.7102389326923078 0.5330843461538461 0.710222108974359 0.53404825
8 0.8707881057692307 0.2296325833333333 0.8274105224358974 0.2242995641025641 0.8212023173076923 0.2241911987179487 0.8188922724358975 0.22545826602564104 0.8164298846153846 0.2541778333333333 0.7977589038461539 0.3126844198717949 0.7951221057692308 0.31394578205128204 0.7939308397435898 0.32601833333333335 0.7932431217948718 0.32796741346153846 0.7902681730769231 0.32987657051282054 0.7881822147435897 0.3370307948717949 0.7852015641025641 0.3392666987179487 0.782129657051282 0.3467305608974359 0.7766336346153846 0.3619964455128205 0.7723875705128206 0.3805526185897436 0.7719752692307692 0.3854481314102564 0.7745036987179487 0.39039497115384614 0.7744295544871794 0.3946426923076923 0.7807648878205128 0.4061929262820513 0.7872998397435897 0.4063069935897436 0.7914905256410256 0.40964861217948717 0.805024060897436 0.4020405096153846 0.8190285801282051 0.4048997371794872 0.8249556634615385 0.4023884166666667 0.824364907051282 0.3987827884615385 0.8273569647435898 0.3958933878205128 0.8689889711538461 0.23907974358974357 0.8723534038461539 0.23358206730769232 0.8707881057692307 0.2296325833333333
11 0.5122736538461538 0.37731970192307696 0.5087022467948719 0.37594997435897437 0.4858299134615385 0.37555073717948717 0.4753055480769231 0.3792891987179487 0.4674464935897436 0.3801325608974359 0.43510988782051285 0.37891442948717946 0.39138844551282054 0.37455595192307695 0.35355416346153845 0.36997338461538465 0.3429140769230769 0.36161648397435897 0.33282482371794875 0.3591524423076923 0.3295117211538462 0.3617093878205128 0.32615299038461537 0.3668803173076923 0.31395091346153847 0.3918345608974359 0.3131491282051282 0.40031859294871797 0.31437627564102566 0.404915875 0.3257211858974359 0.41034345192307686 0.4598205384615385 0.4237969711538462 0.48660814102564104 0.42459139743589747 0.4971039871794872 0.4224866698717949 0.49947106730769225 0.41795212820512817 0.49870185256410254 0.40584535576923075 0.4925604326923077 0.3831857051282051 0.49850462500000003 0.37969414102564103 0.505372032051282 0.37948716666666665 0.5070285833333333 0.3782086891025641 0.5112648942307693 0.3789363301282051 0.5122736538461538 0.37731970192307696
16 0.015819298076923078 0.31962698397435896 0.007358080128205128 0.31751821153846155 0.0031103621794871797 0.3174440673076923 0.002494394230769231 0.3527328076923077 0.01524325641025641 0.3526284935897436 0.01918703846153846 0.3513899455128205 0.022844003205128204 0.34785845833333334 0.02522248717948718 0.34267041987179486 0.02536507371794872 0.3345017307692308 0.02289938141025641 0.32596066346153846 0.019700346153846155 0.32198266025641026 0.015819298076923078 0.31962698397435896