14 0.27570384615384613 0.6770100256410256 0.2887051698717949 0.6813743525641025 0.30186436217948714 0.6672628493589744 0.31630179166666667 0.6667586826923076 0.32246633974358974 0.6593158942307692 0.33902991346153843 0.6507069038461538 0.3504270801282051 0.6551272532051282 0.3845523717948718 0.6434958237179488 0.3859324551282051 0.637023173076923 0.3960233782051282 0.6270341025641025 0.4081105865384615 0.6282181185897436 0.42378805128205127 0.617230907051282 0.41711933333333334 0.610236266025641 0.42452392307692305 0.5923104294871795 0.4270880288461538 0.5737505673076922 0.4133126346153846 0.570216326923077 0.4106263044871795 0.5622795608974359 0.41349851282051286 0.5525425737179487 0.4268257596153846 0.5432435416666667 0.42651765705128203 0.5344206698717949 0.4183007980769231 0.5290862083333333 0.4210329583333333 0.5153388205128204 0.42590145512820515 0.5167749262820512 0.4264692692307692 0.4870419743589744 0.4184484775641026 0.48732206730769234 0.4061932147435897 0.48132556730769227 0.4308794294871795 0.4523564967948718 0.42960119230769234 0.43874915705128203 0.43296737500000004 0.42016128846153844 0.4318571955128205 0.4113664262820513 0.4276507371794872 0.4058919166666667 0.42817272435897435 0.39784311217948715 0.42047784935897436 0.3844598493589743 0.4208215961538461 0.34831025961538464 0.4084262852564103 0.3383033685897436 0.4006753974358974 0.3233159423076923 0.3846338076923077 0.3238761282051282 0.3194515 0.3430165512820513 0.30260783333333335 0.3436047435897436 0.2976273012820513 0.3389603269230769 0.28399195512820513 0.3394364807692308 0.28065377884615383 0.35882642948717947 0.28574634935897436 0.36667916666666667 0.28877897435897437 0.4075291955128205 0.2795181442307692 0.4182923365384615 0.27384757051282055 0.4168842435897436 0.271525358974359 0.4193745096153846 0.2649966891025641 0.416390266025641 0.23084339102564103 0.4272196121794872 0.2302093653846154 0.4320600993589744 0.19612227243589744 0.4677819166666667 0.19053572756410256 0.4687800576923077 0.19106790384615385 0.4840195673076923 0.197186625 0.49826092948717954 0.2013472532051282 0.5254195865384615 0.21130831410256412 0.5347084294871794 0.2148629326923077 0.5675096538461538 0.2244140448717949 0.5880556153846154 0.20870857051282052 0.59824075 0.20594840064102563 0.6111860576923077 0.2150233557692308 0.6180966698717949 0.22310016987179487 0.6194207371794871 0.2548752371794872 0.6094774967948718 0.262290016025641 0.614839967948718 0.2742855641025641 0.6593922884615384 0.27570384615384613 0.6770100256410256
7 1 0.5142690256410256 0.9982117756410256 0.4630609967948718 0.9852944775641026 0.46110290705128204 0.984184298076923 0.45230804487179493 0.9904328782051283 0.4472714935897436 0.9781776153846155 0.44127499679487175 0.9746331858974359 0.4317620833333333 0.9837819807692307 0.41779062499999997 0.9811796762820513 0.4122600961538461 0.7662962596153846 0.39888450000000003 0.747848439102564 0.39952871153846153 0.7344091538461539 0.40561942307692306 0.7329450416666666 0.4096858365384615 0.7033521346153846 0.4131284166666666 0.6970755480769231 0.4173628878205128 0.6922350608974359 0.4167288621794872 0.6896327564102565 0.41119833653846155 0.6791497083333333 0.40995829487179486 0.6639382115384616 0.4112925512820513 0.6372735288461538 0.40660230128205127 0.568928733974359 0.40417060897435897 0.5181456538461539 0.39871647435897434 0.5102649038461539 0.40300696474358977 0.483740266025641 0.4023271121794872 0.4695549230769231 0.41004999038461537 0.4401300737179487 0.41830504487179493 0.43366760576923075 0.4402132724358974 0.43967429166666666 0.45124631730769227 0.43655000320512816 0.45376459294871796 0.4375761538461539 0.46015321794871794 0.42663732692307693 0.4918544487179487 0.42843247115384614 0.612250375 0.3964078717948718 0.68403775 0.39750023397435896 0.715318842948718 0.3999624903846154 0.7168389743589744 0.46819525 0.7160623493589744 0.47527391987179485 0.7117998717948718 0.47807991666666666 0.6771704102564102 0.47181603846153847 0.5207929551282051 0.47564818910256407 0.492552125 0.6334261121794872 0.5263922115384616 0.6659574294871795 0.5381051121794871 0.6699118108974359 0.536360907051282 0.6821110544871795 0.5407532435897436 0.7030211346153846 0.5416291602564102 0.7338642692307692 0.550991842948718 1 0.6075401153846154 1 0.5798631698717949 0.9780986987179486 0.5769944583333333 0.9496618012820514 0.5675477467948717 0.946173391025641 0.5596389935897437 0.9509018397435898 0.557064701923077 0.9345521538461538 0.5488020128205128 0.9363421891025641 0.5310722371794871 0.9394944871794871 0.5293560448717949 0.9620087243589744 0.5301759423076923 0.9750380608974359 0.5353423493589744 1 0.5375811314102564 1 0.5142690256410256
22 0.6379202980769231 0.4941129743589744 0.6406346378205128 0.5028518205128205 0.6464452564102564 0.5082703108974359 0.7345721314102565 0.5252692884615384 0.7222328397435898 0.5168665544871794 0.7076171698717949 0.4892699326923077 0.7313510705128206 0.4330301634615385 0.722910141025641 0.42127906730769227 0.7150854102564103 0.4271737147435897 0.7013380256410257 0.4244415544871795 0.6660745448717948 0.4264760384615384 0.6425443397435898 0.4425558237179487 0.6367159006410257 0.45962356089743583 0.6379202980769231 0.4941129743589744
22 0.7364181858974359 0.5091436730769231 0.7458852724358974 0.5272833974358974 0.7661893365384616 0.5338018782051283 0.834786217948718 0.5434522852564102 0.8454373237179488 0.5495047980769231 0.906013407051282 0.5594352948717949 0.9204508365384615 0.5589311314102564 0.9281075096153847 0.5482240064102565 0.9383104679487179 0.5414432532051282 0.9371722756410256 0.5318463108974358 0.8982803397435897 0.5219616442307693 0.769023342948718 0.4999745 0.735251983974359 0.49874465064102563 0.7364181858974359 0.5091436730769231
18 0.6056665128205128 0.421358016025641 0.5925811602564103 0.4145874519230769 0.5676606826923076 0.4138515769230769 0.5533352948717949 0.4175640608974359 0.5399800352564103 0.42606101282051284 0.5369677852564103 0.4317876025641026 0.5369219551282052 0.45347175641025644 0.540438375 0.4621825897435897 0.5374261217948718 0.4679091826923077 0.5379022788461538 0.48154453205128206 0.5420807275641025 0.48621696153846156 0.5817187275641026 0.49446946153846155 0.5879392948717949 0.48863083333333335 0.6007725673076924 0.4881826826923077 0.6086253044871796 0.48309011538461544 0.6102192724358975 0.45974578846153846 0.6141456410256411 0.4571995032051282 0.6154697083333333 0.44912269230769236 0.6150215608974359 0.4362894230769231 0.6056665128205128 0.421358016025641
18 1 0.5391611730769231 0.9460511666666667 0.5331423653846153 0.9432909967948717 0.5460876730769231 0.9552483461538461 0.5665496057692307 0.9600608237179487 0.5663815512820513 0.9707399391025641 0.5732361442307693 1 0.5774398173076923 1 0.5391611730769231
16 0.11587869871794872 0.515555298076923 0.11569282371794873 0.5332290512820513 0.12330366666666667 0.5442060801282051 0.14175149038461538 0.5435618685897436 0.15745696474358975 0.5333767307692308 0.15363244551282051 0.5158430224358975 0.14618966025641025 0.5096784711538461 0.11587869871794872 0.515555298076923
16 0.2045097403846154 0.5469917019230769 0.2068039423076923 0.543699358974359 0.19783083653846154 0.5167087532051282 0.1929063205128205 0.5136684903846154 0.17528858653846152 0.5150867724358975 0.16685784294871794 0.526623983974359 0.17403072756410257 0.5480560544871795 0.18382373397435897 0.5525324198717949 0.1974310737179487 0.5512541794871796 0.2045097403846154 0.5469917019230769
16 0.11431273717948717 0.5397017051282051 0.11088034615384615 0.5333971057692307 0.10269149679487179 0.5288647243589744 0.08103535576923078 0.5296209711538462 0.06934027884615385 0.5396660641025641 0.06732616666666666 0.5509792019230769 0.07590714743589744 0.5667406955128205 0.10160169230769231 0.5666464807692307 0.11401482692307692 0.554167141025641 0.11431273717948717 0.5397017051282051
24 0.09266930448717949 0.37984602564102565 0.09225935576923076 0.39110314423076925 0.09840608653846153 0.40614658974358975 0.09612207371794872 0.43272724358974357 0.10812780769230769 0.5005678717948718 0.12229533333333333 0.5153312243589744 0.14223527884615383 0.5114226762820513 0.14875376282051284 0.49111861217948716 0.13826815705128206 0.4208157243589744 0.13303554166666667 0.40895258653846156 0.13468553205128206 0.3872124198717949 0.1295369455128205 0.37775552243589744 0.12215017628205128 0.37319512820512823 0.09969195512820513 0.3739793878205128 0.09266930448717949 0.37984602564102565
17 0.19451048076923078 0.5136124743589744 0.1943704358974359 0.5096020769230769 0.1836633108974359 0.5019454038461538 0.16999995192307693 0.5016194775641026 0.16294929807692307 0.5066840384615384 0.15686876923076923 0.5165330673076923 0.15712085256410258 0.5237517788461538 0.1654777596153846 0.533096641025641 0.17775084294871796 0.5166069038461538 0.19451048076923078 0.5136124743589744
8 0.13851516346153847 0.5428718269230769 0.15668289423076923 0.5342068205128205 0.15726090064102566 0.5277621762820512 0.14599359294871794 0.5040639166666667 0.14952783333333333 0.49028852243589743 0.14131860897435897 0.43917951923076926 0.14447090705128204 0.43746332371794866 0.14430285256410255 0.43265084935897435 0.14009639102564103 0.42717633974358976 0.1413924455128205 0.4182974487179487 0.13690589423076924 0.40480214743589743 0.13334108974358974 0.3487126121794872 0.13711722435897436 0.3188676217948718 0.06882844551282052 0.3180400865384615 0.07865965064102563 0.34660684294871796 0.08441425320512821 0.35042117628205127 0.08878876602564102 0.3607081602564103 0.08605660576923077 0.3744555448717949 0.09567392628205128 0.4198939743589744 0.09629012820512821 0.437539717948718 0.10157876282051283 0.45100701282051286 0.10310908012820512 0.4718330641025641 0.10900372756410256 0.4796577948717949 0.10649564423076924 0.49982181410256404 0.11081414102564104 0.5085046378205128 0.1141726923076923 0.5356913076923077 0.12404972435897435 0.5425739102564103 0.13851516346153847 0.5428718269230769