18 0.1316211891025641 0.3376136987179487 0.2134831474358974 0.31433921794871794 0.2215088269230769 0.30711610576923076 0.2215088269230769 0.2998929903846154 0.2174959871794872 0.29588015064102563 0.2014446217948718 0.25254146474358974 0.2014446217948718 0.2493311923076923 0.20626003205128202 0.2477260576923077 0.21268057692307693 0.2388978076923077 0.16372391666666666 0.21161048717948716 0.12359550641025642 0.20679507692307694 0.060995185897435904 0.21642589743589744 0.030497592948717952 0.24451578525641027 0.024879615384615385 0.2629748525641026 0.02247191025641026 0.2806313525641026 0.024879615384615385 0.2918673076923077 0.03852327564102564 0.3319957211538462 0.05216693269230769 0.3520599262820513 0.09069020833333334 0.34724451602564105 0.1316211891025641 0.3376136987179487
18 0.2022471923076923 0.3849652211538462 0.22953450961538463 0.3721241314102564 0.24077046474358973 0.3544676282051282 0.23996789743589744 0.3247726057692308 0.23675762500000003 0.31995719551282054 0.22391653205128206 0.3191546282051282 0.10834670833333333 0.3528624935897436 0.08908507371794872 0.3592830384615384 0.08346709615384616 0.3640984487179487 0.08266452564102564 0.36891385897435897 0.09390048076923077 0.37613697115384614 0.09069020833333334 0.3809523814102564 0.1396468685897436 0.40181915384615385 0.15489566666666665 0.40021401923076927 0.2022471923076923 0.3849652211538462
18 0.5497592307692307 0.2204387371794872 0.5617977532051283 0.22204387499999997 0.577046548076923 0.2132156217948718 0.598715891025641 0.21161048717948716 0.6043338685897436 0.20278223717948718 0.6043338685897436 0.1779026217948718 0.6131621185897436 0.17388978205128205 0.6091492788461539 0.1682718044871795 0.6059390064102563 0.17308721153846154 0.598715891025641 0.17388978205128205 0.5955056185897436 0.16666666666666666 0.5666131634615384 0.16666666666666666 0.5650080256410256 0.17469234935897435 0.5561797756410256 0.1803103269230769 0.5465489551282051 0.17549491666666667 0.5497592307692307 0.2204387371794872
18 0.5842696634615384 0.23247725961538462 0.5955056185897436 0.230872125 0.6043338685897436 0.22284644230769232 0.6003210288461539 0.21562332692307692 0.5930979134615385 0.21482075961538463 0.5545746378205129 0.22766185256410254 0.5521669326923077 0.23568753205128204 0.556982342948718 0.24371321474358973 0.5778491185897436 0.24451578525641027 0.577046548076923 0.2388978076923077 0.5818619583333333 0.23809523717948716 0.5842696634615384 0.23247725961538462
22 0.6372391666666667 0.22364900961538461 0.6492776891025641 0.21401819230769228 0.6460674166666667 0.20840021474358972 0.6492776891025641 0.2043873717948718 0.6436597115384616 0.19796682692307693 0.6227929358974359 0.2035848044871795 0.6035313012820512 0.21401819230769228 0.5930979134615385 0.23247725961538462 0.5947030512820513 0.23809523717948716 0.6083467083333333 0.23649010256410258 0.6276083461538462 0.22766185256410254 0.6276083461538462 0.2244515769230769 0.6372391666666667 0.22364900961538461
22 0.33948635576923075 0.1779026217948718 0.30337078525641026 0.18111289423076923 0.2889245576923077 0.18592830448717948 0.26484751282051283 0.20840021474358972 0.2656500801282051 0.248528625 0.2857142852564103 0.30631353525641025 0.28410915064102565 0.3103263782051282 0.2881219903846154 0.32958801602564103 0.29293740064102564 0.33279828846153847 0.3170144455128205 0.3255751730769231 0.32022471794871793 0.33360085576923076 0.335473516025641 0.3368111282051282 0.3587479935897436 0.32958801602564103 0.5353130032051282 0.2653825576923077 0.5561797756410256 0.2557517403846154 0.5674157307692307 0.248528625 0.5698234358974359 0.24371321474358973 0.5489566602564102 0.21401819230769228 0.5425361153846153 0.17469234935897435 0.5353130032051282 0.16666666666666666 0.39887640384615386 0.16666666666666666 0.39325842628205127 0.17388978205128205 0.38683788141025643 0.17148207692307693 0.37239165384615386 0.18191546153846153 0.33948635576923075 0.1779026217948718
22 0.6123595512820513 0.20117709935897435 0.6171749583333332 0.2035848044871795 0.6324237564102564 0.19395398717948717 0.6380417339743589 0.19395398717948717 0.6565008012820512 0.1771000544871795 0.6516853942307692 0.17308721153846154 0.6516853942307692 0.16666666666666666 0.6067415737179487 0.16666666666666666 0.6091492788461539 0.18191546153846153 0.598715891025641 0.18592830448717948 0.598715891025641 0.20278223717948718 0.6123595512820513 0.20117709935897435
18 0.6428571442307692 0.19154628205128205 0.6524879615384616 0.18592830448717948 0.6661316217948718 0.18432316666666668 0.6765650096153846 0.18432316666666668 0.6813804166666666 0.18913857692307692 0.6845906891025642 0.18352059935897436 0.6749598717948718 0.16666666666666666 0.6500802564102565 0.16666666666666666 0.6516853942307692 0.1787051891025641 0.6396468685897436 0.18592830448717948 0.6396468685897436 0.19074371474358975 0.6428571442307692 0.19154628205128205
16 0.6356340288461538 0.5278223653846154 0.6364365961538462 0.49170679487179486 0.6300160512820513 0.4828785448717949 0.6139646858974359 0.4740502948717949 0.5955056185897436 0.46923488461538465 0.568218298076923 0.4844836826923077 0.5626003205128205 0.49331193269230766 0.5634028878205128 0.5278223653846154 0.5826645256410257 0.5430711602564102 0.5979133237179487 0.5502942756410256 0.6227929358974359 0.5446762980769231 0.6235955064102564 0.5390583205128205 0.6356340288461538 0.5278223653846154
16 0.8394863557692307 0.24531835256410256 0.8346709455128204 0.2413055096153846 0.8170144455128204 0.2388978076923077 0.8049759230769231 0.24612091987179488 0.8017656506410257 0.2557517403846154 0.8017656506410257 0.2685928301282051 0.8065810608974359 0.27421080769230766 0.8242375608974359 0.2766185128205128 0.835473516025641 0.270197967948718 0.8418940608974359 0.25334403525641025 0.8394863557692307 0.24531835256410256
16 0.9357945416666666 0.24612091987179488 0.9269662916666667 0.24612091987179488 0.9293739967948719 0.2557517403846154 0.9261637243589743 0.2758159455128205 0.931781701923077 0.2758159455128205 0.939004814102564 0.26939539743589747 0.9414125192307693 0.2557517403846154 0.9357945416666666 0.24612091987179488
16 0.5906902083333333 0.27340824038461536 0.5746388429487179 0.27180310256410256 0.5658105929487179 0.27822364743589745 0.5617977532051283 0.28624933012820514 0.5609951858974359 0.3031032628205128 0.5642054583333334 0.30952381089743586 0.5890850737179487 0.31273408333333336 0.5955056185897436 0.3087212403846154 0.598715891025641 0.2854467628205128 0.5906902083333333 0.27340824038461536
7 0 0.49812733974358975 0.02568218269230769 0.49170679487179486 0.06340288782051283 0.47324772756410255 0.20626003205128202 0.4186730865384615 0.31139646794871795 0.3745318365384615 0.4213483141025641 0.33440342307692306 0.5473515256410256 0.2806313525641026 0.5553772083333334 0.2854467628205128 0.556982342948718 0.2910647403846154 0.5617977532051283 0.2854467628205128 0.5642054583333334 0.275013375 0.5706260032051282 0.27100053525641027 0.5955056185897436 0.27260567307692307 0.6107544134615385 0.2565543076923077 0.6171749583333332 0.25414660256410254 0.6195826634615385 0.2581594423076923 0.6300160512820513 0.26056714743589743 0.6227929358974359 0.25414660256410254 0.6243980737179486 0.25013376282051286 0.6308186185897435 0.2477260576923077 0.6404494391025641 0.2493311923076923 0.6396468685897436 0.24451578525641027 0.6468699839743589 0.2405029423076923 0.6581059391025641 0.2405029423076923 0.664526483974359 0.23649010256410258 0.6661316217948718 0.23970037500000002 0.6653290544871795 0.2332798301282051 0.670947032051282 0.23006955448717947 0.7110754423076923 0.21482075961538463 0.7158908493589744 0.22926698717948718 0.7126805769230768 0.2581594423076923 0.7062600320512821 0.28223649038461535 0.7062600320512821 0.3006955576923077 0.6813804166666666 0.3713215608974359 0.6805778493589744 0.3873729262820513 0.6990369166666667 0.4066345641025641 0.7086677371794872 0.41144997435897435 0.7664526474358975 0.4058319967948718 0.772070625 0.39138576923076923 0.7736757628205129 0.37533440384615385 0.7600321025641026 0.3255751730769231 0.7592295352564102 0.30149812820512817 0.7768860352564102 0.20197966987179486 0.7728731955128205 0.1803103269230769 0.7776886025641025 0.16666666666666666 0 0.16666666666666666 0 0.49812733974358975
5 0.24077046474358973 0.4451578397435898 0.22712680448717948 0.44596040705128204 0.22231139743589742 0.45559122435897437 0.21669341987179486 0.4531835192307692 0.20385232692307692 0.454788657051282 0.2022471923076923 0.45719636217948717 0.20947030448717952 0.4620117724358974 0.3290529679487179 0.5125735673076923 0.9991974326923077 0.7846441955128205 0.9991974326923077 0.7324772596153846 0.24077046474358973 0.4451578397435898