10 0.05370327564102564 0.8122849519230769 0.05007166987179487 0.8118837083333333 0.042657971153846154 0.8182988397435897 0.04295432051282051 0.822536858974359 0.03915628525641025 0.8244404230769231 0.037079442307692306 0.8275340064102564 0.03963500641025641 0.8312864487179488 0.04780783653846154 0.831042544871795 0.05431191987179488 0.8256738044871795 0.05801191666666666 0.8270530512820512 0.059436756410256406 0.8240050576923077 0.06614600641025642 0.8215703301282051 0.0767170608974359 0.8368833044871795 0.07831741666666667 0.8410301378205128 0.07805295192307692 0.8466177500000001 0.08172329807692306 0.8522578108974358 0.07866159615384616 0.8600065993589744 0.08804724679487179 0.8583675064102564 0.09258161217948718 0.862309173076923 0.16136789102564103 0.8574991666666667 0.16255791666666666 0.8557779743589743 0.1676599551282051 0.8537832275641025 0.17452878205128203 0.8536305096153846 0.23559145512820515 0.8133250993589743 0.24351352243589744 0.8094951794871795 0.2522084326923077 0.802662858974359 0.2704554198717949 0.7918866378205128 0.30133897756410255 0.7697437339743589 0.3076994326923077 0.7670057980769232 0.30975347756410254 0.7635862115384615 0.3166063621794872 0.7585206762820513 0.3217539935897436 0.7571779326923077 0.32828087499999997 0.7521351923076923 0.33033491987179486 0.7487156057692308 0.33445895512820517 0.7467892467948718 0.33427658653846154 0.7441812371794873 0.3392715 0.7359696698717949 0.34399509294871794 0.7379325320512821 0.35114432371794874 0.737105016025641 0.3679049358974359 0.7238119679487179 0.3729841794871795 0.7214912211538462 0.37352219871794873 0.7198156217948718 0.40915215064102567 0.6999615769230769 0.41147975320512825 0.7004540064102565 0.4124121634615385 0.6997336153846154 0.41094858653846156 0.6975427884615385 0.41106941987179485 0.6945859807692307 0.4122138525641026 0.6922127852564103 0.4151022724358974 0.6913556185897436 0.41659550000000006 0.6892856282051282 0.4313408044871795 0.6846509903846154 0.43500206089743587 0.6807914198717949 0.4407788974358975 0.6790770833333334 0.44440434615384616 0.6731453557692308 0.4512702403846154 0.6698259743589744 0.4574186762820513 0.6687408461538461 0.5820289615384616 0.576818016025641 0.5849857692307692 0.5769388493589743 0.5930970641025641 0.5711301282051282 0.6007683782051282 0.5637141923076923 0.6028064807692308 0.5553817916666667 0.6097801987179486 0.5473594487179487 0.6102042371794872 0.5440538397435898 0.6016051346153847 0.5335169038461539 0.5830208237179487 0.5207298461538462 0.5506145352564102 0.5023574038461539 0.5370136666666666 0.5046188493589744 0.5228747724358974 0.5085558974358975 0.512087080128205 0.5135689871794872 0.4985545993589744 0.516808435897436 0.4931562051282051 0.5145651666666666 0.4967103365384615 0.5044887756410257 0.4965051698717949 0.5015547628205128 0.4948067724358975 0.5006907403846154 0.43606723717948714 0.5133156891025641 0.41358908653846155 0.5198014455128206 0.3805649166666667 0.5253866762820513 0.37136163461538463 0.5296337788461538 0.3570175769230769 0.5306368141025641 0.30924809935897435 0.5408566858974359 0.254621125 0.5748153525641025 0.20295095833333332 0.6088948525641025 0.19302042948717948 0.6167963621794872 0.18977635897435896 0.621937141025641 0.1888302403846154 0.6318311634615384 0.19325971794871796 0.6436424519230769 0.1887572307692308 0.6495264166666667 0.17076785897435898 0.6593018365384615 0.1655221858974359 0.6639273878205127 0.10787686538461538 0.6922004038461538 0.0937470641025641 0.7056370801282051 0.08678020192307692 0.7090726057692307 0.08535535897435897 0.7121205993589743 0.08137495192307694 0.7114161538461539 0.07393846153846154 0.7175052820512821 0.06879082692307693 0.7188480288461538 0.061285942307692305 0.7239591570512821 0.05901987499999999 0.729031548076923 0.06217499358974359 0.7366732083333333 0.05894686538461538 0.7467268044871794 0.05014483012820513 0.7473423012820513 0.04595925961538462 0.7437038397435897 0.038301653846153846 0.7419461442307692 0.033085634615384614 0.7423108846153846 0.030666846153846156 0.7405144487179487 0.031524016025641026 0.7434028685897436 0.030092320512820514 0.7510376762820513 0.02543935256410256 0.7641392628205128 0.03305136538461538 0.7652449583333334 0.035372108974358975 0.7703241987179487 0.03846569551282051 0.7724010448717948 0.042856435897435895 0.778973516025641 0.0462623108974359 0.7902011955128205 0.051008701923076924 0.7924900576923077 0.05230585256410256 0.7969856858974359 0.05472463782051282 0.7987821217948718 0.05825135256410256 0.8070529903846154 0.05687210576923077 0.8107529871794872 0.05370327564102564 0.8122849519230769
18 0.4151115096153846 0.6540090993589743 0.42928005128205127 0.6458112371794872 0.4398625801282051 0.6378641378205128 0.4410298076923077 0.6358169455128205 0.44083149679487177 0.6282961185897437 0.4372706666666667 0.5961131730769231 0.42764796474358974 0.5849926217948718 0.4249487692307692 0.5838709871794872 0.4215132403846154 0.576904125 0.4127705064102564 0.5689979967948718 0.4130053205128205 0.5676711923076924 0.40652179807692307 0.5592794903846154 0.39791584294871796 0.5533293717948718 0.3869526314102564 0.5511476346153846 0.38452699358974357 0.5539380160256411 0.3781050032051282 0.5511111282051282 0.37249459294871795 0.5505206634615385 0.3623657564102564 0.550901342948718 0.34587646474358974 0.5540199615384616 0.3410776282051282 0.5556659102564102 0.3333379294871795 0.5621038397435897 0.30637323717948717 0.5793863782051282 0.29809551602564105 0.5874999070512821 0.2934266025641025 0.5956886762820514 0.2894484358974359 0.6090706730769231 0.2857984967948718 0.6365163173076923 0.2860652019230769 0.6450151474358975 0.2895235256410256 0.6523080128205129 0.31921914423076925 0.6928188942307693 0.32652109615384617 0.6988601987179488 0.33085029807692307 0.6998678525641026 0.34470877884615386 0.696605608974359 0.358498875 0.6923653557692308 0.36385852884615383 0.6893698108974359 0.37504746794871796 0.6807251121794872 0.3858351602564103 0.6757120256410256 0.39422686217948716 0.6692285 0.39760771153846153 0.6660437307692307 0.4004801891025641 0.6602737467948717 0.4151115096153846 0.6540090993589743
18 0.48410549358974353 0.5725272467948718 0.492620266025641 0.5771733653846154 0.49333380448717945 0.5826925897435897 0.5054186474358975 0.5821751314102565 0.5071170448717949 0.5830391538461539 0.5083389551282051 0.591143592948718 0.5113641506410256 0.5922424326923077 0.5175581762820513 0.5918093044871794 0.5291802435897436 0.5893586346153846 0.5332586858974359 0.5867802724358975 0.5347291185897436 0.5843842820512821 0.5339175416666666 0.5821478653846154 0.5423023910256409 0.580251157051282 0.5488976602564103 0.576186423076923 0.5483574038461538 0.5637755769230769 0.5519274775641025 0.558612 0.5560971057692308 0.5573376474358974 0.5569155352564102 0.5549872467948719 0.5504479551282052 0.5515083621794872 0.5471879423076923 0.5517363237179487 0.5426763717948718 0.548120657051282 0.540029625 0.5430642115384615 0.5405448461538461 0.541062608974359 0.5389216955128205 0.5365897756410256 0.5325452980769231 0.5344148942307693 0.5280861762820513 0.5268644166666666 0.5218078205128205 0.5214067275641026 0.5062874455128205 0.5149573237179487 0.4816481217948718 0.5186458461538462 0.47186122756410254 0.5239165480769231 0.4643563429487179 0.5290276762820513 0.46575153205128206 0.5302404967948718 0.4733179519230769 0.5306941858974359 0.4749183076923077 0.534841016025641 0.47903549038461535 0.5375014743589743 0.4889385993589744 0.5479472243589744 0.4920253301282051 0.5546108814102564 0.48887929807692304 0.5564688493589743 0.477211641025641 0.5582675224358974 0.480116 0.5623231666666667 0.47834236217948717 0.5650679551282051 0.47984468269230773 0.5724975961538461 0.4818918717948718 0.5736648237179488 0.48410549358974353 0.5725272467948718
22 0.4967943653846154 0.6040719006410257 0.5016843846153847 0.6037299551282052 0.5064148269230769 0.6011060032051282 0.5115693173076923 0.5951764455128206 0.5125997660256411 0.5911732435897437 0.5107486538461539 0.5834403974358974 0.500489891025641 0.5772782564102564 0.5009891762820513 0.5703638397435897 0.49945720512820513 0.5671950128205128 0.49819879166666664 0.5679381987179487 0.4946424294871795 0.5639281442307692 0.4964388621794872 0.5615093589743589 0.4957937147435897 0.5569681346153846 0.4824778717948718 0.5398815256410257 0.47317432051282055 0.5333249903846154 0.46214272115384614 0.5301652532051282 0.43964863141025645 0.5317381923076924 0.40996880128205127 0.5429862788461539 0.4001522564102564 0.5525177948717949 0.4010094262820513 0.5554062115384616 0.4075909903846154 0.5605151057692307 0.415424108974359 0.5694676282051282 0.4323647019230769 0.5915423012820512 0.438333 0.6019356057692308 0.4387364807692308 0.6123904423076924 0.43732072435897434 0.6249380673076923 0.438337467948718 0.6301084935897436 0.44187103525641025 0.6337925480769231 0.4448050448717949 0.6335873846153846 0.45547875961538464 0.6269442852564102 0.4609820448717949 0.6213179326923076 0.47531701282051286 0.6108152660256411 0.4967943653846154 0.6040719006410257
16 0.621386169871795 0.586842108974359 0.611615217948718 0.5970256282051282 0.6079243108974358 0.6051460128205128 0.6083346442307692 0.6110140352564103 0.6133249358974359 0.6214757275641026 0.6184360641025641 0.6289806153846154 0.6222728397435897 0.6323158685897436 0.625624032051282 0.6333919102564103 0.6351464615384615 0.633708826923077 0.6464881217948718 0.631932951923077 0.6541822275641025 0.6248430224358974 0.6597379583333334 0.6152818557692308 0.6587052724358974 0.605198608974359 0.6509701923076923 0.5929632788461539 0.6432282596153847 0.5853147628205128 0.6369658461538461 0.5847698878205129 0.621386169871795 0.586842108974359
16 0.755776342948718 0.5410815448717948 0.7476491057692308 0.541977451923077 0.7385142147435898 0.5472025641025642 0.7299242019230769 0.5461652564102564 0.7205385512820514 0.5478043525641026 0.7134280576923077 0.5538706891025641 0.7116019711538462 0.5605502884615385 0.7119370608974359 0.5700271217948718 0.7154409807692308 0.5779719903846153 0.7199069583333334 0.5809356538461539 0.7318025801282051 0.5823969967948718 0.7409078205128206 0.5814327019230769 0.7464566955128205 0.5764583493589743 0.7566083333333333 0.5764036698717948 0.7640151762820513 0.5745753525641025 0.768351233974359 0.5709961923076923 0.7735353685897436 0.5608058173076923 0.7716386634615384 0.5524209711538461 0.767293516025641 0.5465005000000001 0.7628047403846154 0.5432108333333333 0.755776342948718 0.5410815448717948
16 0.6211515032051282 0.5413227596153846 0.6296275416666667 0.5407300576923076 0.638488875 0.531592935897436 0.6389357115384615 0.5286133301282051 0.6345449743589744 0.5220408557692308 0.6327325993589744 0.519546826923077 0.6279634166666667 0.5169319615384615 0.6175313717948718 0.5176614423076923 0.6108152660256411 0.5246829871794871 0.611847951923077 0.5347662307692307 0.6161247083333333 0.5397086987179487 0.6211515032051282 0.5413227596153846
16 0.653833733974359 0.5308475128205128 0.6525981185897436 0.5319167019230769 0.65263 0.5417423301282052 0.6568383685897435 0.5457067980769231 0.6706672019230769 0.5467053589743589 0.6754204455128205 0.5444074102564103 0.6781174070512821 0.5314425993589743 0.6754022692307692 0.5254081474358975 0.6722858878205128 0.5230053044871794 0.6669330865384615 0.5214140352564102 0.6643478749999999 0.521922407051282 0.6624602532051282 0.5230371858974359 0.662923032051282 0.5249704006410256 0.6585573269230769 0.5328103750000001 0.6566013173076923 0.5329471506410257 0.653833733974359 0.5308475128205128
17 0.28786133012820514 0.7362886634615384 0.2877017564102564 0.734006657051282 0.2901501923076923 0.7315422756410256 0.28770860897435896 0.729419842948718 0.2850162692307692 0.7237113910256411 0.2801103076923077 0.7191405192307692 0.27595438461538463 0.7112412435897435 0.25973641987179485 0.7041854326923077 0.25410320833333333 0.7032689583333334 0.2512603814102564 0.7047781346153846 0.24983554166666666 0.707826125 0.2454083012820513 0.7101012788461539 0.24515754166666667 0.706515266025641 0.2431787403846154 0.7063260416666667 0.23772790064102564 0.7080175833333333 0.2348098301282051 0.7131355673076923 0.2270313942307692 0.7143346762820513 0.22432534294871795 0.7177998557692308 0.22466728846153844 0.7226898782051282 0.222355625 0.7271102628205128 0.2164420096153846 0.7268685961538461 0.2143720192307692 0.7253753653846154 0.21450879487179486 0.7273313717948718 0.21133997115384615 0.7288633397435897 0.209438641025641 0.73915175 0.2124569871794872 0.7448374038461539 0.21038923076923077 0.7574306217948718 0.21092039743589744 0.7603418365384615 0.21296758974358973 0.761509064102564 0.21155869230769228 0.769469875 0.21686589743589743 0.770409141025641 0.23151316025641025 0.7690573076923076 0.23568278846153845 0.7677829519230769 0.23743363141025645 0.7647121634615385 0.2420432435897436 0.7650450192307692 0.2731775641025641 0.746488125 0.2778396185897436 0.7428861666666666 0.2792872564102564 0.7401641762820512 0.28786133012820514 0.7362886634615384
17 0.5415107692307692 0.7516389006410257 0.5391535192307693 0.7554072884615385 0.5385515769230769 0.7842777724358974 0.5428283301282051 0.7892202403846154 0.5506911025641026 0.7939119487179487 0.5685231378205129 0.7959409647435898 0.5851582916666667 0.8042779871794872 0.5994795512820513 0.8029489519230769 0.6025571955128205 0.8001129807692308 0.5999697467948718 0.786534907051282 0.5956542564102565 0.7763536217948718 0.5797531955128205 0.7597753782051282 0.5735204326923077 0.7549696923076923 0.5657260512820513 0.7512559903846154 0.5536936538461539 0.7478386346153846 0.5415107692307692 0.7516389006410257
17 0.5512769487179487 0.8069747980769231 0.5559390064102564 0.803372842948718 0.553891814102564 0.8022056153846153 0.5458101698717949 0.8037535224358974 0.5402840897435898 0.809053875 0.5402772371794872 0.8136406891025642 0.5472075961538462 0.8190527884615384 0.5522503333333334 0.8255796698717948 0.5520155192307692 0.826906467948718 0.5571335 0.8298245384615385 0.6008176762820513 0.826769842948718 0.6022197211538461 0.8233958493589743 0.6004529391025641 0.8215538237179487 0.5924237403846154 0.8191669230769231 0.5845085224358975 0.8184100256410256 0.5864029967948718 0.8127084294871795 0.5855914198717949 0.8104720128205128 0.5518993012820512 0.8111900192307692 0.5512769487179487 0.8069747980769231
17 0.7482555160256411 0.5412798557692308 0.739492217948718 0.547134173076923 0.7380217884615384 0.5495301634615384 0.7467804615384616 0.562349108974359 0.7472819807692308 0.5695211378205128 0.7459483237179487 0.5738731378205129 0.7470403108974358 0.5754347532051282 0.7520215160256409 0.5763968173076923 0.7618015544871795 0.5757129294871794 0.7680480288461539 0.5713449903846154 0.7730429391025642 0.5631334198717949 0.7731706314102564 0.5555897980769231 0.7697578974358975 0.5489489358974359 0.7658983269230769 0.5452876794871795 0.7551015448717948 0.5408011346153846 0.7482555160256411 0.5412798557692308
17 0.7835913493589743 0.5312742403846153 0.7864341762820513 0.5297650705128205 0.7897010416666667 0.5249502916666666 0.7877587435897436 0.515913439102564 0.7828527820512821 0.5113425705128205 0.777128391025641 0.5091220929487179 0.7699791570512821 0.5099496121794872 0.766833125 0.5118075833333333 0.7644462243589744 0.5198367788461539 0.7655541474358974 0.5263112115384616 0.7714609134615384 0.5311396987179487 0.7835913493589743 0.5312742403846153
17 0.6506649038461538 0.5323794807692307 0.650840423076923 0.5395743044871795 0.6542303589743589 0.5458891666666666 0.6579303525641026 0.5472684134615385 0.6694315865384615 0.5477745512820513 0.6723428012820513 0.5472433846153846 0.6763756538461538 0.5440130192307693 0.6785049423076923 0.5369846217948717 0.6784662051282051 0.5317458044871796 0.6775634423076924 0.5282053814102564 0.6729378878205129 0.5229597115384615 0.6658866955128205 0.5205044198717949 0.6564326570512821 0.5211655128205128 0.651626967948718 0.5273982756410256 0.6506649038461538 0.5323794807692307
11 0.21908936538461538 0.5445404358974358 0.21400550000000002 0.5655344423076922 0.21437933012820515 0.5802500929487179 0.2161461153846154 0.5820921217948718 0.22115011538461538 0.5833801858974359 0.2421053846153846 0.5832252307692308 0.25100546153846154 0.5793269230769231 0.25944275641025644 0.5734954038461538 0.2573271730769231 0.5713501698717949 0.2423311121794872 0.5723987980769231 0.23735676282051285 0.5668499230769231 0.23973457692307695 0.5493210961538462 0.23313022115384613 0.5438861955128206 0.22977902243589746 0.5428101538461538 0.22128018910256408 0.5430768557692307 0.21908936538461538 0.5445404358974358
11 0.30898810256410253 0.5746171923076923 0.3074789326923077 0.5717743653846153 0.30964696153846155 0.5699847852564103 0.29421091666666666 0.5694262019230769 0.2760004358974359 0.5713547916666667 0.2689651826923077 0.5738123173076922 0.26271871153846155 0.5781802564102564 0.26255228205128206 0.5804850641025642 0.26720748717948717 0.5814699198717949 0.30490966025641025 0.5771955512820514 0.30898810256410253 0.5746171923076923