16 0.3389963685897436 0.5527098782051282 0.33932711538461535 0.5621812307692308 0.34071334935897435 0.564421798076923 0.340151391025641 0.567057391025641 0.34152621474358974 0.5689713621794872 0.340299657051282 0.571303173076923 0.3408585032051282 0.5873064903846154 0.35492608012820515 0.615590939102564 0.3596809391025641 0.6206568397435898 0.36334195192307694 0.6224909743589744 0.36696874999999995 0.6233453141025641 0.37031456410256414 0.6255174487179487 0.3748869423076923 0.6253577788461538 0.3759465737179487 0.6276097532051282 0.37759097115384616 0.6278793237179487 0.3766567948717949 0.6292199358974359 0.37770502243589743 0.6311453076923077 0.3866828461538462 0.6354097467948717 0.3934315096153846 0.6413870160256411 0.3987027019230769 0.6425109262820513 0.41832141025641023 0.6424798205128205 0.4199886153846154 0.6434025897435898 0.42037224038461535 0.6450241762820513 0.41948368910256406 0.6476711762820513 0.4235169166666667 0.6508002980769231 0.43795566987179485 0.6522580673076923 0.46137950961538465 0.6488241185897435 0.4688456506410256 0.647255407051282 0.47678250961538465 0.6404383141025641 0.4823232756410256 0.6399178301282051 0.4891134070512821 0.6377187307692308 0.4941222852564103 0.6313308846153846 0.4992452115384616 0.628209016025641 0.5041514423076924 0.6188817820512821 0.5052183301282052 0.6119775993589744 0.5089664358974358 0.6069417628205128 0.5122510769230769 0.5979981538461538 0.5175523397435897 0.5906191057692307 0.5173128333333333 0.5837605384615384 0.5240988173076924 0.5720786891025641 0.5249946282051282 0.5602755288461538 0.5276831025641026 0.5529877211538462 0.527455 0.5464557564102563 0.5230837692307693 0.5430114391025641 0.5196238974358974 0.5375733205128206 0.5159742916666666 0.5360657820512821 0.5130877820512821 0.5283186634615384 0.5083899519230769 0.5248857532051282 0.5076569166666667 0.522622375 0.5053251121794872 0.5213958173076924 0.5052566794871794 0.5194362275641026 0.5012690705128205 0.5176134967948718 0.5008056121794872 0.5137057243589743 0.4990699743589744 0.5108233653846154 0.4940455416666667 0.507401858974359 0.4926479102564103 0.5048346923076923 0.49031609935897436 0.5036081346153847 0.4895830705128205 0.5013447564102564 0.4876120737179487 0.5010865897435897 0.48558405128205134 0.4991954294871795 0.48550421794871795 0.4969092403846154 0.47740354487179487 0.4896712019230769 0.47701991987179493 0.4880496153846154 0.4706092596153846 0.48238754166666664 0.4585023141025641 0.4821563333333333 0.457271608974359 0.47500538461538466 0.4562575961538462 0.47405980448717944 0.44416205128205133 0.4741551923076923 0.43832890384615386 0.47566687820512815 0.431774125 0.4752417852564103 0.4305247596153846 0.4769203974358974 0.4303920480769231 0.48248397115384617 0.42815148076923076 0.48387019871794873 0.3912458685897436 0.48515897115384615 0.38769891025641023 0.48659082051282054 0.38760041346153845 0.4931341923076923 0.38665483333333334 0.4941482019230769 0.3752124871794872 0.4942207820512821 0.37319898076923075 0.4740173076923077 0.3735670512820513 0.46582953846153846 0.37156909615384615 0.4554354166666667 0.37152347756410253 0.45412902564102564 0.37047940064102564 0.461686407051282 0.36863385897435896 0.46502082051282057 0.368345625 0.4754947756410256 0.3674342596153846 0.47748858012820516 0.3714415737179487 0.49860341987179485 0.3692238141025641 0.5006428461538461 0.36867326602564104 0.5036050416666666 0.3626731891025641 0.5097005064102564 0.35966952243589745 0.5173263205128205 0.3541215 0.5270029615384616 0.34780622756410257 0.5334364294871795 0.3472556794871795 0.536398625 0.34015449999999997 0.5484184807692307 0.3389963685897436 0.5527098782051282
16 0.38019647115384614 0.43093639423076924 0.3812561025641026 0.4331883717948718 0.384476467948718 0.43176792628205124 0.38467760576923077 0.4281639391025641 0.38970929487179484 0.42242928846153843 0.39802977564102565 0.41723378205128203 0.3998182884615385 0.41226637499999996 0.4014056602564103 0.4109029583333333 0.4114617756410256 0.4085898108974359 0.42530021474358976 0.4022206217948718 0.4324511602564102 0.40098991666666667 0.4527458782051282 0.4015891955128205 0.4594945416666667 0.40756646153846154 0.463425125 0.40775620192307693 0.46438210897435894 0.40706878846153843 0.46366048397435894 0.4051320064102564 0.46665274358974357 0.39717959935897434 0.4683126955128205 0.40725852564102566 0.48071617307692305 0.41598129166666664 0.47883641666666665 0.41833590705128204 0.47922004166666665 0.41995749679487177 0.4857291987179487 0.41907619871794877 0.4883990096153846 0.4206179519230769 0.49332079487179487 0.4211000705128205 0.49600201282051276 0.4229684198717949 0.502253 0.42405811538461535 0.503209983974359 0.4233707019230769 0.5031187435897436 0.4207579166666666 0.4985121506410256 0.41993779487179483 0.5016983012820513 0.4175375544871795 0.49874750961538455 0.41731360256410255 0.49704608974358977 0.4154110384615385 0.4985878397435897 0.41274122756410253 0.4977521602564103 0.4075384615384615 0.5042271025641026 0.40567736858974357 0.5025142756410257 0.40344820833333334 0.4979761153846154 0.40458767307692306 0.4955758782051282 0.4014015256410256 0.4972617435897436 0.39349473397435897 0.49909587820512824 0.3898337243589744 0.4967298557692308 0.3876273717948718 0.494857358974359 0.38082583333333336 0.4938433461538462 0.37988025 0.4853745993589743 0.3808299807692308 0.4820173782051282 0.3783312467948718 0.47821950320512824 0.3725779326923077 0.470650717948718 0.3712072564102564 0.46161586538461535 0.3653098269230769 0.4448224935897436 0.36197230128205127 0.44302620192307696 0.36203502884615385 0.42954080128205124 0.3644679326923077 0.41533014743589747 0.36954213141025644 0.41153642307692306 0.3732715737179487 0.40672869230769226 0.3760554358974359 0.39914124358974357 0.38351432051282053 0.3954843782051282 0.39116294230769233 0.3929514262820513 0.3935403717948718 0.3870654006410256 0.40290182051282053 0.38315036858974355 0.41252143589743595 0.3837164743589743 0.4193685961538462 0.38089114102564103 0.4227372243589744 0.38095957051282053 0.4246968108974359 0.3833826185897436 0.42853615705128206 0.38019647115384614 0.43093639423076924
16 0.9298158044871795 0.41043527884615383 0.937300608974359 0.40003701282051285 0.9410217532051283 0.38486522435897436 0.9403530064102563 0.3750786794871795 0.9381995288461539 0.3695949391025641 0.9273378012820512 0.35820236217948714 0.9190816025641027 0.3558746987179487 0.905972048076923 0.3550245096153846 0.9040941089743589 0.35509008974358974 0.8984602884615385 0.35528682692307695 0.8910283621794872 0.35783533333333334 0.886232032051282 0.3609457916666667 0.8780141987179487 0.3690806858974359 0.875606701923077 0.3750506955128205 0.8731577339743589 0.3891970641025641 0.8735226987179487 0.39964821474358975 0.874605141025641 0.40255338141025643 0.8807462243589743 0.40985985256410257 0.8894202628205128 0.414788891025641 0.9035666346153846 0.417237858974359 0.9221485256410256 0.41560797756410256 0.9263372756410256 0.41382671794871795 0.9298158044871795 0.41043527884615383
16 0.7566398942307693 0.33931152243589746 0.7500695641025641 0.32907707371794875 0.746678125 0.32559854166666663 0.7413841217948718 0.3238214358974359 0.7345027467948718 0.3234077435897436 0.7328697564102564 0.3234647692307692 0.7247047980769231 0.3237498942307692 0.7172842788461539 0.3266249967948718 0.711645016025641 0.33368885576923074 0.7052540576923076 0.347318891025641 0.7057631378205128 0.35253306089743586 0.7103738782051282 0.3628359391025641 0.7161883621794872 0.3701538141025641 0.7205481955128205 0.37327153205128205 0.7336577467948718 0.37412172435897434 0.7440518653846154 0.37212376923076923 0.7495242019230769 0.36964369230769234 0.7554102275641026 0.3602822435897436 0.7582656282051282 0.34841065384615383 0.7566398942307693 0.33931152243589746
16 0.6833906314102564 0.33925347115384613 0.6822584230769231 0.32555915384615386 0.6724791346153847 0.31707174679487177 0.6655293333333333 0.31469846153846154 0.6638146891025641 0.31475833974358974 0.6550895897435898 0.31539002564102564 0.6441107051282051 0.3193703782051282 0.6409473653846154 0.3224238141025641 0.637909483974359 0.32906983333333334 0.6376782756410256 0.3411767788461538 0.6388861698717948 0.34767452884615385 0.6450158525641025 0.35465440064102566 0.6493870833333333 0.35809871474358973 0.6537012916666667 0.3599100416666667 0.6647942307692307 0.3591956698717949 0.6735325480769231 0.35660154487179485 0.678982076923077 0.3534682756410256 0.6822667211538462 0.3445246634615385 0.6833906314102564 0.33925347115384613
16 0.49938203205128207 0.3231164294871795 0.5005515608974359 0.3191516282051282 0.5003576762820513 0.3135994583333333 0.4977407435897436 0.3042079423076923 0.4880070737179487 0.29702692628205124 0.484706875 0.2961611826923077 0.48209408974358975 0.29625242307692307 0.4743127564102564 0.2981591378205128 0.47016962500000004 0.30124678846153846 0.46736709935897436 0.3052686121794872 0.46654697756410257 0.30987520512820516 0.46759934935897435 0.3212833365384616 0.46899698397435896 0.3238505 0.47066418910256413 0.32477326923076927 0.4784797403846153 0.3238463525641026 0.4801811602564102 0.32574891666666667 0.479440875 0.33264169871794874 0.4817498717948718 0.3332150576923077 0.4859956474358974 0.33306679166666664 0.49438456089743593 0.329830875 0.49938203205128207 0.3231164294871795
18 0.5038476538461538 0.6195463846153846 0.5104511570512821 0.6026389615384615 0.5166295673076923 0.592286314102564 0.5191853301282051 0.5905620801282051 0.5196104262820512 0.5840073044871795 0.5236052916666666 0.576673875 0.524254342948718 0.5671683076923077 0.526817358974359 0.5562879198717949 0.5261942275641025 0.5478077692307692 0.5227115480769231 0.5417164519230769 0.5229012852564102 0.5377858685897435 0.5209074807692308 0.5368744999999999 0.5242947724358975 0.5308702756410256 0.5241008846153846 0.5253181057692308 0.5199536025641026 0.518923 0.5152215544871794 0.5145102948717949 0.5116476346153846 0.5058061923076923 0.5018797564102565 0.4976453814102564 0.49757695192307694 0.49616065705128204 0.4908625032051282 0.49116318269230763 0.4842621057692308 0.4894316955128205 0.4803543333333333 0.48989515384615384 0.47051801923076925 0.47977475641025646 0.4591969807692307 0.4739571602564102 0.4526308012820513 0.473205467948718 0.43337290384615385 0.4742049647435898 0.40482613782051285 0.4807607820512821 0.3909420833333333 0.4858235737179487 0.37585427884615386 0.49387137500000006 0.3741528557692308 0.4919688076923077 0.3737236121794872 0.4890408301282051 0.37325185576923076 0.4661675416666667 0.37152347756410253 0.45412902564102564 0.36800347115384613 0.46569682692307696 0.36734301923076923 0.4748757948717949 0.36753690705128206 0.4804279647435898 0.371035141025641 0.49632863782051284 0.367355467948718 0.503324064102564 0.36261616346153847 0.508067516025641 0.3565175897435897 0.5207063525641026 0.3505631314102564 0.5281082115384615 0.3469290801282051 0.536410032051282 0.3406822403846154 0.5448030897435897 0.3386697724358974 0.5527212852564103 0.34014828205128206 0.5856963076923076 0.3556363044871795 0.6172011185897436 0.35935434294871793 0.6206682467948718 0.38573726923076923 0.6364237596153846 0.393173342948718 0.6433580096153846 0.4097655737179487 0.6502995192307692 0.4274817147435897 0.6519698301282052 0.4324377147435898 0.6534317467948717 0.4412558685897436 0.6531238108974359 0.46790007371794873 0.6482694166666666 0.47495977884615387 0.6444259230769231 0.482414516025641 0.6425306153846153 0.4964084711538462 0.6312510512820513 0.5038476538461538 0.6195463846153846
18 0.489214983974359 0.40652860256410256 0.48847054807692314 0.403938625 0.48273589423076924 0.39890693910256414 0.48045696474358973 0.3898306153846154 0.4760743237179487 0.3860597019230769 0.4785046282051282 0.3807428878205128 0.48016043269230774 0.3813390608974359 0.4817021826923077 0.3786692467948718 0.4762941314102564 0.37362615705128205 0.47307376602564105 0.37504659935897433 0.4694355641025641 0.37386566346153843 0.46871393910256415 0.3719288814102564 0.4696367083333334 0.37026167628205126 0.46666310897435903 0.36938452564102564 0.46195387179487174 0.36562501923076923 0.45269506730769227 0.3626783782051282 0.4379753333333333 0.36253840705128204 0.42403425 0.36596821153846154 0.41533014743589747 0.36954213141025644 0.40481472115384615 0.3774302596153846 0.39601211858974356 0.38754755128205126 0.38645782692307695 0.4042310224358974 0.37938360576923075 0.4263868301282051 0.37901553525641024 0.43457459935897436 0.3775079967948718 0.43822420512820515 0.3846817596153846 0.43764669551282054 0.38537642628205127 0.42944752243589746 0.40013348397435894 0.41192837179487174 0.4236672211538461 0.40227764743589745 0.43080676282051283 0.40072034294871794 0.45308388141025635 0.401904391025641 0.46370610256410255 0.4064384038461538 0.467241657051282 0.40467995512820515 0.48069336217948716 0.415328092948718 0.488554532051282 0.4157075705128205 0.48676187179487185 0.4111922179487179 0.489214983974359 0.40652860256410256
16 0.34588289423076923 0.2817162275641026 0.3418081891025641 0.28676346474358977 0.34121616987179487 0.2979020224358974 0.3426252051282051 0.3007957884615385 0.34901305448717945 0.30580466666666667 0.35564766987179486 0.3085159487179487 0.35924024679487176 0.3083904935897436 0.3659619519230769 0.30423180448717946 0.3687375192307692 0.29007402564102563 0.3656270576923077 0.2852776987179487 0.36123301282051284 0.2811801891025641 0.3552858141025641 0.2794258878205128 0.35267302564102565 0.2795171282051282 0.34588289423076923 0.2817162275641026
17 0.1867538846153846 0.7064827532051282 0.1854018717948718 0.7052219807692308 0.1859980448717949 0.7035661762820512 0.18928683653846154 0.7041053237179487 0.19248438782051283 0.7020316826923076 0.2003300032051282 0.6926018044871795 0.20827411538461535 0.6766285512820512 0.20903721794871793 0.6703889679487179 0.20510248397435896 0.6607164775641026 0.19853215384615383 0.6504820288461538 0.19449892307692307 0.6473529038461538 0.16420822435897436 0.6320608493589744 0.14972384615384615 0.6292966891025641 0.14026390064102565 0.6299540352564102 0.1260076282051282 0.6337218397435898 0.11962392628205129 0.6381957211538462 0.11395044871794872 0.644279782051282 0.09423428205128205 0.6789759294871794 0.09007249038461539 0.690893141025641 0.08991696474358975 0.6958035192307692 0.09178946474358975 0.7026050576923076 0.09908141987179486 0.7147762884615384 0.10246145512820513 0.717928217948718 0.12046272756410256 0.7277634935897436 0.14562634935897437 0.7366946570512821 0.15348751923076923 0.7370741314102565 0.1563926891025641 0.7359916891025641 0.16202469230769231 0.7380839935897436 0.16821865705128206 0.7375406987179487 0.17338720512820513 0.7357252275641025 0.18001766666666666 0.7289537532051282 0.18757815705128206 0.7113589166666667 0.1867538846153846 0.7064827532051282
17 1 0.5677806057692307 0.9939638846153847 0.5618835737179487 0.9866418589743591 0.5582153044871795 0.9675737019230769 0.555284217948718 0.9613683333333333 0.5555009166666667 0.9516958397435897 0.5594356474358975 0.9382410256410256 0.5674264198717949 0.9213761153846155 0.5807682243589743 0.905943048076923 0.5976569871794871 0.9058331506410255 0.6038737596153846 0.9083173717948717 0.6188288525641026 0.9110898301282051 0.6233099871794872 0.913759641025641 0.6248517403846154 0.9183434230769231 0.6250186666666666 0.9361124423076924 0.6188392179487179 0.9487813493589744 0.6164348301282051 0.9769486378205128 0.6177401826923077 0.9875594519230768 0.6219475961538462 1 0.634176060897436 1 0.5677806057692307
17 0.8649129294871793 0.28419208333333335 0.8611078012820513 0.2875949262820513 0.8580357019230769 0.29326114743589743 0.8558106891025642 0.30445673076923074 0.8564338205128206 0.31293688141025644 0.8625635 0.3199167532051282 0.8689171346153847 0.32394583653846154 0.8741883269230769 0.32506974679487183 0.8891776346153847 0.3235653173076923 0.8953145705128205 0.32138903525641027 0.9016412467948718 0.3152821634615385 0.9055334679487179 0.30500934935897434 0.9070482596153846 0.2922035865384615 0.9028895737179488 0.2854818814102564 0.8968625384615385 0.28144139423076925 0.8873113493589744 0.2794859551282051 0.8726372371794872 0.2806523782051282 0.8649129294871793 0.28419208333333335
17 0.5251812564102564 0.5749838589743589 0.521197798076923 0.5826438846153846 0.520749891025641 0.5885454647435897 0.5255203044871795 0.6034207211538462 0.5266867275641025 0.6180948333333333 0.536868298076923 0.6193742692307692 0.557770592948718 0.618644342948718 0.5635923365384615 0.6168060608974358 0.5641656955128206 0.6144970641025641 0.5630148269230769 0.6096323044871794 0.5606031794871795 0.6061195608974359 0.557974842948718 0.5964014455128205 0.5548643814102564 0.5916051153846154 0.5427646923076923 0.58221775 0.5287738397435897 0.5748584038461538 0.5251812564102564 0.5749838589743589
17 0.668699923076923 0.30248886858974355 0.6672266025641026 0.30711827243589745 0.6647164615384615 0.31014889743589746 0.6647848942307693 0.3121084871794872 0.6768503685897436 0.3205160576923077 0.6812558173076924 0.32494016987179486 0.6832423653846154 0.3350076955128205 0.693063125 0.3353187371794872 0.7007418141025641 0.3304726378205128 0.7066693108974359 0.3129348301282051 0.7020813814102564 0.30328514423076924 0.6959402948717949 0.2959786730769231 0.689632282051282 0.2932559871794872 0.6749581698717949 0.29442241025641025 0.668699923076923 0.30248886858974355
17 0.49804766666666667 0.4909122724358974 0.5019139711538462 0.4986251762820513 0.5046252532051282 0.49199056410256414 0.5071467980769231 0.48928653846153847 0.5067289583333333 0.486685157051282 0.5085973108974359 0.4840039391025641 0.5075604903846154 0.4824051602564103 0.5006677083333333 0.481664875 0.4989890961538461 0.4804155064102564 0.4987381858974359 0.4732303461538461 0.5041306891025641 0.4684640833333334 0.5021482884615385 0.46787931410256406 0.4996682115384615 0.4624069807692308 0.4977231346153846 0.444163092948718 0.49277853846153846 0.4430277788461539 0.4898961794871795 0.4447634166666667 0.4853352083333334 0.4452496826923077 0.48462913782051287 0.45312225641025644 0.4830531698717949 0.45481227564102567 0.4719602307692307 0.4555266442307692 0.4722225480769231 0.4630384070512821 0.47457716666666666 0.46491816025641025 0.47572803846153844 0.4697829198717949 0.4774294615384615 0.471685483974359 0.4833082307692308 0.47148019230769234 0.4863274487179487 0.4736637371794872 0.4862631698717949 0.48118690384615387 0.49152295512820515 0.48198421474358977 0.4928977788461539 0.48389818589743594 0.49244987500000004 0.48979976602564107 0.49804766666666667 0.4909122724358974
17 0.38587615064102565 0.2845705865384615 0.3859031121794872 0.2947065384615385 0.38909341025641025 0.3017890544871795 0.39283425320512816 0.305909375 0.3961344519230769 0.30677512179487176 0.4078691826923077 0.30571134294871793 0.41168571794871794 0.30263509615384615 0.4143855961538462 0.29567388782051285 0.41312067307692313 0.2875431442307692 0.41128238782051285 0.28172140064102563 0.40691115705128206 0.27827708333333334 0.4016399647435897 0.27715317307692305 0.3925066153846154 0.27779911217948716 0.3889710608974359 0.2795575608974359 0.38587615064102565 0.2845705865384615
17 0.5132878557692307 0.2905851602564103 0.5105724262820512 0.2877370192307692 0.5032846185897436 0.2850485448717949 0.49450067948717946 0.28633627564102565 0.489996733974359 0.28845553525641027 0.48779037820512816 0.2908215576923077 0.4860246762820513 0.29644216346153845 0.48777171474358977 0.2996511185897436 0.49073391346153844 0.30020166987179486 0.4954659583333333 0.304614375 0.49790041346153846 0.30878031730769234 0.4973270512820513 0.3110893173076923 0.49867906730769235 0.31235008974358974 0.5002363717948718 0.3194896314102564 0.5025681794871796 0.3207161891025641 0.5087051153846154 0.31853990064102566 0.5127798173076923 0.3134926634615384 0.51603025 0.3035692564102564 0.5157565256410256 0.2957308974358974 0.5132878557692307 0.2905851602564103
17 0.6049582948717949 0.256319282051282 0.6040583365384615 0.2586396858974359 0.6046244423076923 0.26548684615384616 0.6117339166666667 0.2724325032051282 0.6156987147435897 0.27360203525641025 0.6267574391025641 0.2719078717948718 0.6292903878205128 0.2695304423076923 0.6341395961538462 0.25857021474358977 0.6333039166666666 0.25336745512820513 0.6305428653846155 0.24921291346153845 0.6278388397435898 0.2466913685897436 0.6212156314102564 0.2443066858974359 0.6153482692307692 0.2448385737179487 0.6105177243589743 0.24696923717948716 0.6049582948717949 0.256319282051282
17 0.5376520833333333 0.24853277564102563 0.536452483974359 0.26100053525641026 0.5378501217948718 0.26356770192307694 0.5418833493589743 0.2666968237179487 0.545206358974359 0.268215766025641 0.5507585288461538 0.26802187820512824 0.5559498878205128 0.2668596025641025 0.5601044262820513 0.26409854807692307 0.5620940801282052 0.25552716025641026 0.5591733589743589 0.2468002467948718 0.5568073365384616 0.24459389102564102 0.5515019262820513 0.2424901858974359 0.5440015705128205 0.24307909935897434 0.5401394166666666 0.2448489519230769 0.5376520833333333 0.24853277564102563
17 0.47848491666666665 0.25844685576923077 0.47990535897435893 0.26166721794871795 0.4832625833333334 0.2641659551282051 0.49373653846153853 0.26445418910256413 0.498251891025641 0.26266152884615385 0.5020228044871795 0.2582788846153846 0.5025733557692308 0.2553166923076923 0.5007122628205128 0.2488417532051282 0.4976132083333334 0.24437202243589745 0.49361418910256416 0.2422226923076923 0.4877126121794872 0.24177478846153846 0.48222887179487184 0.24392826282051283 0.4781883846153846 0.24995529807692307 0.47848491666666665 0.25844685576923077
17 0.46667452564102563 0.4727150480769231 0.4671338365384615 0.46714006410256415 0.4652385288461539 0.4596853301282051 0.46694720833333336 0.4524317371794872 0.46523023397435903 0.4407198205128205 0.4666807403846154 0.43543722115384614 0.4660876762820513 0.418454108974359 0.4643935128205128 0.4073953878205128 0.45243068269230774 0.40192719871794874 0.43048016666666666 0.40073175 0.41560490705128206 0.4055021602564102 0.4118339967948718 0.4098847980769231 0.4011018717948718 0.41156756089743585 0.3983563717948718 0.41722237500000003 0.3997239391025641 0.42829250320512824 0.398778358974359 0.42930651282051285 0.3873474198717949 0.42970568910256407 0.3860752435897436 0.43073110576923074 0.38536916666666665 0.4386036794871795 0.37595484294871795 0.4405674198717948 0.372017 0.4495338365384616 0.3698262019230769 0.4617092147435898 0.3668225352564103 0.4693350288461538 0.36672403846153845 0.47587840064102566 0.37232183012820513 0.4769909070512821 0.37335865064102564 0.4785896826923077 0.3735753461538462 0.4847950512820513 0.36904858974358973 0.4862611153846154 0.3681372275641026 0.48825491987179487 0.3693223108974359 0.49409947435897433 0.371619907051282 0.4943462371794872 0.3832291794871795 0.489689875 0.3896128782051282 0.4852159967948718 0.41903679487179485 0.4756865801282051 0.44832799358974357 0.4717207403846154 0.461471766025641 0.4735507243589744 0.46667452564102563 0.4727150480769231
22 0.47216967307692304 0.4708881698717949 0.4745585064102564 0.47374772115384617 0.4746497467948718 0.47636050641025646 0.4773309615384615 0.47822885576923074 0.48045283012820517 0.48335178205128204 0.4894648717948718 0.48859601923076923 0.5009455801282051 0.4989859903846154 0.5052027628205129 0.49916432051282056 0.5061597467948717 0.4984769102564103 0.5054267147435898 0.49621353205128205 0.5073064711538462 0.49385891346153843 0.5077087564102565 0.4866509423076923 0.5092733173076923 0.4846343269230769 0.508042608974359 0.47748337820512826 0.5112287564102564 0.47508313782051287 0.5097626923076923 0.4705563814102564 0.51098925 0.46822457692307695 0.5092193974358974 0.4643624198717949 0.5061773685897436 0.4615256794871795 0.5065796538461539 0.45431770833333335 0.5045516346153845 0.45242654807692306 0.5044489871794872 0.44948716346153844 0.5020943685897437 0.44760741025641027 0.5046273205128206 0.44522998076923076 0.5043421955128204 0.4370650224358974 0.4989455448717949 0.43234853205128204 0.4977604583333334 0.4265039775641026 0.48743061858974357 0.4209787628205128 0.4739446987179487 0.4093508269230769 0.4699799006410256 0.4081812948717949 0.4667709423076923 0.4099283365384615 0.4613628878205128 0.4048852467948718 0.45407508012820513 0.40219677243589746 0.43898312820512825 0.40076181730769234 0.43081816987179483 0.4010469423076923 0.4217418461538462 0.403325875 0.4001676987179487 0.4129081666666667 0.3932448525641025 0.42067083974358976 0.38859678846153844 0.4280270769230769 0.3762700352564103 0.44022941346153843 0.37232078846153843 0.4488692371794872 0.36712632371794873 0.4686704262820513 0.36790186858974355 0.49087911217948715 0.3693679326923077 0.4954058685897436 0.372960516025641 0.49528041346153845 0.38576213141025645 0.4873124487179487 0.39800179166666666 0.4819800801282051 0.4278093269230769 0.4740722532051282 0.4411428333333333 0.47197165384615386 0.4522471762820513 0.4715838814102564 0.45951217307692305 0.47361915384615383 0.46683419551282046 0.4772874262820513 0.46844437820512824 0.4765772019230769 0.46771134935897435 0.47431382692307694 0.4685884967948718 0.4713402275641026 0.47216967307692304 0.4708881698717949
11 0 0.44528761858974353 0.02467503205128205 0.4381195352564103 0.03402092628205128 0.4341962051282051 0.056711733974358976 0.42849887500000006 0.07771252243589744 0.4212255833333333 0.11915214102564103 0.40931458974358975 0.1297816217948718 0.40469243910256414 0.1319765673076923 0.4019998205128205 0.13216630448717948 0.39806923717948717 0.12930260897435897 0.39097531089743587 0.12591116987179488 0.387496782051282 0.09665728846153847 0.3738035064102564 0.08464883974358973 0.3670289230769231 0.08910716666666667 0.36360326923076924 0.0991062564102564 0.3596571314102564 0.10100882051282052 0.35795570833333334 0.10426340064102564 0.3575150608974359 0.1068077564102564 0.35546422756410256 0.10743814423076924 0.3547882243589744 0.10404670512820513 0.3513096923076923 0.10208711217948717 0.3513781217948718 0.08882203846153845 0.3554383108974359 0.07628999358974359 0.3617618782051282 0.07301260576923077 0.36154933012820517 0.061764147435897435 0.36717408333333335 0.05620472115384615 0.376524125 0.058289766025641024 0.38004827564102567 0.064924375 0.3827595576923077 0.0859448685897436 0.39477837499999996 0.09589108333333334 0.398682 0.09633173076923077 0.4019365801282051 0.08465402884615385 0.40463334615384616 0.07789810897435898 0.4078122403846154 0.06850659615384616 0.4104291762820513 0.06070245192307692 0.4116826891025641 0.043913224358974365 0.4178279262820513 0 0.43076071153846157 0 0.44528761858974353
7 0.9777593685897435 0.15403071474358976 0.9770377403846154 0.1520939358974359 0.9743907403846154 0.1512053814102564 0.9740185192307692 0.1499103942307692 0.9015136955128205 0.1524423173076923 0.9006365480769231 0.15541591666666668 0.9014266025641025 0.15931228525641025 0.9129487852564102 0.16152589743589743 0.9273191089743589 0.16102407371794872 0.9344358461538462 0.15881357371794871 0.9364296474358974 0.15972493589743592 0.9449098012820512 0.1591018076923077 0.9524899903846153 0.16079908012820512 0.9726934647435898 0.1587855737179487 0.981116592948718 0.15652945192307693 0.9810709711538461 0.1552230576923077 0.9777593685897435 0.15403071474358976
7 0.6613654551282051 0.27037233653846154 0.6540061057692308 0.2843631858974359 0.643430548076923 0.30925723717948717 0.6432978333333333 0.3148208141025641 0.6443688717948718 0.31739938141025636 0.6453486666666667 0.3173651666666667 0.6526893493589743 0.31220387499999996 0.6554804711538461 0.3078554519230769 0.6575499647435897 0.30157025 0.6609942756410256 0.297199016025641 0.6673250993589743 0.3005749038461539 0.6683619198717948 0.3021736794871795 0.6736175608974359 0.29348823397435897 0.6771759262820513 0.29238298717948713 0.6811293237179488 0.29322591987179486 0.6905778653846154 0.2922419775641026 0.6914311602564103 0.2604935096153846 0.6923197179487179 0.2578465064102564 0.6928754423076924 0.1894848141025641 0.693581516025641 0.1816122435897436 0.695358625 0.1763182371794872 0.7070705448717949 0.17460126282051283 0.7217788717948718 0.17441463461538462 0.7295031794871795 0.1708749294871795 0.7373985673076923 0.17223419871794873 0.7437138365384615 0.16580072756410255 0.7496040128205128 0.16592203846153847 0.7539638397435897 0.16903975000000002 0.761745173076923 0.16713304166666665 0.7644606057692308 0.16998118589743588 0.7680189711538461 0.1688759326923077 0.7739433621794871 0.16997703525641025 0.7788423333333333 0.16980595833333334 0.7852830608974359 0.16696507051282053 0.789866842948718 0.167132 0.7927720128205128 0.1660495608974359 0.7973557948717949 0.16621648397435898 0.8010396153846154 0.1687038173076923 0.8120641217948718 0.16602985576923077 0.8228988910256411 0.16728648076923078 0.8418187852564103 0.16597178846153846 0.8483849679487179 0.166723483974359 0.8512787307692309 0.1653144455128205 0.8584524871794872 0.1647369358974359 0.8613348461538461 0.1630012980769231 0.870513814102564 0.16366175 0.8754698173076924 0.16512366666666667 0.8790167756410258 0.1636918173076923 0.8888147275641026 0.16334966666666667 0.8978340224358974 0.1594377403846154 0.8977427820512821 0.15682495512820513 0.8954223782051282 0.1559249967948718 0.8966147211538461 0.15261339423076922 0.6755076634615385 0.1603346217948718 0.6746305160256411 0.16330822115384616 0.6717709679487179 0.1656970576923077 0.671535608974359 0.16832124679487181 0.667844532051282 0.17499007692307694 0.6668346698717948 0.18352725 0.6653271346153846 0.18717685897435898 0.6664863044871795 0.21100713141025643 0.6650440865384615 0.2352552403846154 0.6661192724358974 0.2473165673076923 0.6655500576923077 0.2591083205128205 0.6612171891025641 0.2661265576923077 0.6613654551282051 0.27037233653846154
16 1 0.634171375 0.9909280833333333 0.6247729294871796 0.9825464262820512 0.6188526891025641 0.9713508461538461 0.6166276730769231 0.9435671794871795 0.6169439102564103 0.9364276378205127 0.6185012147435897 0.9332528942307692 0.6212280512820513 0.9280843461538462 0.6230435224358974 0.9141204551282051 0.6258201282051282 0.9090203365384616 0.6295951923076922 0.9079835160256411 0.6279964134615384 0.9076413653846154 0.618198467948718 0.9049674038461538 0.6071739583333333 0.9008315288461538 0.601105451923077 0.8978081602564103 0.5894391538461539 0.8901896025641025 0.5772793301282052 0.884071326923077 0.5706260576923077 0.8807369134615385 0.5687805160256411 0.8631762948717949 0.5621998237179486 0.8559341057692308 0.5608177435897436 0.8237035192307692 0.5648862275641026 0.8169019807692307 0.5667587275641025 0.8098422724358975 0.570602217948718 0.8034585737179487 0.5750760961538461 0.7918078269230769 0.5879088205128205 0.7865864006410256 0.5975740576923076 0.7857320641025641 0.6012008557692308 0.7860628108974359 0.6106722051282052 0.7900659711538461 0.6223042916666667 0.7910727275641026 0.6324060256410257 0.7975176025641025 0.6390478942307692 0.8020827211538462 0.6480443814102563 0.8040537179487179 0.6483025480769231 0.8128303974358975 0.6561709775641026 0.8150937788461539 0.6554379423076923 0.8179191121794872 0.6520693141025641 0.8164074262820513 0.6462361634615384 0.8130730128205128 0.6443906282051283 0.8136121570512821 0.6411018333333334 0.8145919551282051 0.6410676185897436 0.8192099519230769 0.6422143397435897 0.8216101891025641 0.6454004903846154 0.8226926314102564 0.6483056570512821 0.8230804038461539 0.6594099999999999 0.825503451923077 0.6632493461538461 0.8278238557692308 0.6641493044871795 0.833083641025641 0.6649466185897436 0.8448297756410256 0.6642094391025641 0.8679384198717949 0.6611134871794871 0.8821946987179488 0.6573456826923076 0.8861594967948718 0.6585152179487179 0.8830003044871796 0.6710514070512821 0.884546205128205 0.6778643525641025 0.8891113269230769 0.6868608397435897 0.8952067916666667 0.6928609166666667 0.9028025384615385 0.7043675416666667 0.9088980032051281 0.7103676217948718 0.9186016025641026 0.7260515929487179 0.9301621506410257 0.7387277564102563 0.9364359487179488 0.7404706474358974 0.9541634967948718 0.7424675641025641 0.972464407051282 0.7421554743589743 0.9961692211538462 0.7374037275641026 1 0.7351568493589743 1 0.634171375