11 0.2905283269230769 0.8025723557692308 0.043643208333333336 0.7236605160256411 0.009451711538461539 0.7103994743589743 0.007045474358974359 0.7104835032051282 0.011947089743589743 0.8508473846153846 0.39133060256410257 0.8375990192307692 0.2905283269230769 0.8025723557692308
11 0.7705485512820512 0.38267485576923077 0.7678622211538462 0.37473808974358974 0.7356670128205128 0.37265014423076925 0.6783552628205128 0.36421176602564104 0.3949207948717949 0.3195016121794872 0.3940907083333333 0.31872754166666667 0.3901083173076923 0.3196696666666667 0.3901923461538461 0.3220759070512821 0.39705713141025645 0.33468509935897434 0.39902540705128203 0.3450561121794872 0.3910148012820513 0.3686245128205128 0.3991476314102564 0.37155273717948717 0.5510309038461538 0.39756809615384614 0.5669324423076924 0.39299751602564104 0.594949201923077 0.3904130352564103 0.6269585352564102 0.4101747371794872 0.746450532051282 0.42848759294871797 0.7617460544871795 0.42955957692307695 0.7662504294871795 0.42056864743589745 0.7705485512820512 0.38267485576923077
11 0.08460523717948717 0.47087311858974357 0.09143182371794871 0.45939192628205133 0.11006552564102563 0.4410739583333333 0.13771816346153845 0.4280624455128205 0.1480891730769231 0.4260941698717949 0.16432682371794874 0.4311485352564102 0.17478186538461538 0.4315864967948718 0.21962446474358976 0.45090005128205124 0.30074395833333334 0.38221658974358974 0.2962854166666667 0.3695233653846154 0.27940355448717946 0.3460211698717949 0.27674523076923074 0.338886483974359 0.2762130576923077 0.32364697756410254 0.27180161858974355 0.32380102884615386 0.26108558653846153 0.32738747115384614 0.14130841987179488 0.41589121153846154 0.1176661794871795 0.4287626762820513 0.11459790705128206 0.432885108974359 0.09955446474358974 0.4390318397435898 0.10121464423076923 0.4405799807692307 0.09734429166666667 0.44473042307692306 0.09175774358974359 0.44572856730769234 0.08877350320512821 0.4522572371794871 0.07926058974358974 0.4558016666666666 0.07234997435897436 0.46487662179487177 0.059852817307692305 0.47494972115384615 0.0002672403846153846 0.5163803108974359 0.004776727564102565 0.6455150769230769 0.08337794551282052 0.5737073269230769 0.08243581730769231 0.569724939102564 0.07004050961538462 0.5597180480769232 0.06743820512820513 0.5541875192307693 0.06253151602564103 0.5286610288461538 0.06271739102564103 0.5109872692307693 0.07597842948717948 0.4767957756410256 0.08460523717948717 0.47087311858974357
17 0.24557365384615382 0.5270873974358974 0.24279310576923074 0.49345608653846157 0.23891256730769234 0.4743182211538462 0.23035959935897438 0.45935880448717953 0.1812545192307692 0.43296658012820516 0.1512974935897436 0.4259821314102564 0.146485016025641 0.42615018589743586 0.12817723717948717 0.43080479487179485 0.10840534615384616 0.4395258205128205 0.095162125 0.45123108653846156 0.07061595833333333 0.4842105544871795 0.06130929807692308 0.516657842948718 0.06264355128205128 0.5318693429487179 0.06832431410256411 0.5565657467948718 0.07751130769230768 0.5666846762820513 0.14749845833333333 0.5931507403846153 0.16614234935897437 0.5981210833333334 0.17737145833333332 0.5977289551282051 0.2119907275641026 0.5772466442307692 0.24220746794871795 0.5456752692307693 0.24557365384615382 0.5270873974358974
16 0.4895330673076923 0.4302318301282051 0.47193315384615386 0.4091638846153846 0.45234713782051283 0.40021115384615386 0.4480159102564103 0.40036240384615385 0.40903485576923077 0.4017236506410256 0.38754676923076925 0.4072923782051282 0.37734381410256407 0.4140731314102564 0.3621425032051282 0.43869569551282045 0.3611825544871795 0.45719953846153844 0.3679556762820513 0.5131770352564102 0.38475351282051284 0.5342729935897436 0.3929983814102564 0.5404095352564102 0.44034906730769235 0.5395590673076923 0.4802849807692308 0.5333461346153846 0.4864775416666666 0.526705423076923 0.4985545576923077 0.5046011346153846 0.5010244487179487 0.46034672756410255 0.4895330673076923 0.4302318301282051
16 0.7736066698717949 0.6082272019230769 0.7717504294871795 0.6010645032051283 0.7403649294871795 0.5531740064102565 0.712944 0.5268276153846154 0.7056132467948718 0.5238713814102564 0.687911483974359 0.522883423076923 0.6837406730769231 0.5230290705128205 0.6614708782051283 0.5246098108974359 0.6272615608974359 0.5338350000000001 0.6114440480769231 0.5408118173076922 0.587037923076923 0.5778016826923077 0.5738329038461538 0.6135973365384616 0.5758011794871795 0.6239683525641025 0.6079607467948718 0.6710287596153847 0.6290210641025641 0.6992033846153846 0.6388700897435898 0.705283907051282 0.7286469519230769 0.700542717948718 0.7389619487179487 0.6969702788461538 0.7489408333333334 0.6837728878205128 0.7709025192307692 0.6227766634615385 0.7736066698717949 0.6082272019230769
16 0.38933425 0.3204997564102564 0.3630413173076923 0.28046199679487177 0.34041504166666664 0.27643377884615383 0.33319633012820515 0.2766858621794872 0.3007312147435897 0.28986542948717947 0.28450375320512816 0.30809936858974357 0.27933734615384614 0.3211287019230769 0.2781533269230769 0.33321591025641023 0.28100770833333333 0.34596515384615384 0.30389625961538463 0.38050039102564104 0.3179517467948718 0.39205542628205126 0.33089705128205127 0.39481559615384615 0.35006292628205127 0.39173713782051284 0.3846821955128205 0.37125482692307693 0.39090276602564106 0.3654161987179487 0.39896938782051283 0.3434519519230769 0.39880133333333334 0.3386394807692308 0.38933425 0.3204997564102564
16 0.6480748685897435 0.43995352243589747 0.6179115897435897 0.4040662051282051 0.5925709711538462 0.3912991442307692 0.5873574583333333 0.3914812051282051 0.5590236858974359 0.39648592628205126 0.5275847275641026 0.4160541217948718 0.5169158012820513 0.43248783333333335 0.5074410833333334 0.46012265384615386 0.5066211858974359 0.482636891025641 0.5109956987179487 0.4929238782051282 0.5352643333333333 0.5209864647435898 0.5624331826923077 0.5401141442307692 0.5935742275641025 0.5350113878205128 0.6299096923076923 0.517681375 0.6375383557692308 0.5061721730769231 0.6431707307692307 0.4834898782051282 0.6492970833333334 0.4519567019230769 0.6480748685897435 0.43995352243589747
17 0.6489049551282051 0.440727592948718 0.6179115897435897 0.4040662051282051 0.5925709711538462 0.3912991442307692 0.5873574583333333 0.3914812051282051 0.5590236858974359 0.39648592628205126 0.5283587980769231 0.4152240288461538 0.5131574871794872 0.43984659615384614 0.5066950224358974 0.4617548205128206 0.5056510480769231 0.4778524230769231 0.5101656121794872 0.4921498044871795 0.5319439775641026 0.5178901858974359 0.5616310993589744 0.5401421506410257 0.5911959999999999 0.5358974935897436 0.6291356185897435 0.5185114647435898 0.6353281826923077 0.5118707564102564 0.6431987403846154 0.4842919583333333 0.6493531025641025 0.453560858974359 0.6489049551282051 0.440727592948718
17 0.8011447147435897 0.5229445224358974 0.8025426217948718 0.4939856378205128 0.7725754070512821 0.4637128782051282 0.7381038173076923 0.4424310448717949 0.7267346602564103 0.4388127756410256 0.7251305 0.43886879487179487 0.686994814102564 0.4506402692307692 0.6506313429487179 0.4671681987179487 0.640550608974359 0.5004455801282052 0.6367184551282051 0.5286864134615384 0.6415589423076923 0.5293204358974359 0.6653972467948718 0.5220635256410256 0.7047551506410257 0.5222952307692308 0.7120578942307692 0.5244493846153846 0.7411390032051282 0.5523439166666666 0.7580768814102564 0.5774502724358975 0.7654076346153846 0.5804065064102564 0.7826332403846153 0.5677591121794872 0.7947102596153847 0.5456548237179487 0.8011447147435897 0.5229445224358974
16 0.7708923333333333 0.5994883557692308 0.7370165673076924 0.5492756474358974 0.7080474935897436 0.5245894326923076 0.6782865352564103 0.5232195352564103 0.6730730160256411 0.523401592948718 0.6336221762820513 0.532006766025641 0.613794266025641 0.5391236314102564 0.587037923076923 0.5778016826923077 0.5738329038461538 0.6135973365384616 0.5758011794871795 0.6239683525641025 0.6079607467948718 0.6710287596153847 0.6265027884615385 0.696079092948718 0.6396721698717949 0.7052558974358974 0.7286469519230769 0.700542717948718 0.7373858012820512 0.6978283750000001 0.7481947724358974 0.6854050576923076 0.7709305256410257 0.6235787435897436 0.7736346762820513 0.6090292788461539 0.7708923333333333 0.5994883557692308