3 0.16949558012820512 0.5576762916666667 0.16573546794871793 0.5721903525641026 0.1652551794871795 0.5906606185897436 0.17447427243589742 0.612975032051282 0.2086672403846154 0.640472358974359 0.22875640384615387 0.6417270801282051 0.28471752243589743 0.6287099198717949 0.3129472596153846 0.5904907147435897 0.31641322756410256 0.5591252884615384 0.3039843461538461 0.5368669038461539 0.28361504807692306 0.5195632596153846 0.2689889358974359 0.5093835833333333 0.2472668685897436 0.5065519807692308 0.21925129166666665 0.5110544455128204 0.20338445833333332 0.5217663814102564 0.16949558012820512 0.5576762916666667
3 0.7546630288461539 0.37408101602564103 0.7761609903846154 0.36407348397435896 0.7870310576923076 0.3430137916666667 0.7952976923076923 0.3107618782051282 0.7609366442307692 0.2736351987179487 0.7408754935897436 0.2739853685897436 0.7025401730769231 0.28508949038461534 0.6931489391025641 0.29889915384615384 0.6840798557692308 0.33116507371794873 0.685950875 0.34638353525641025 0.7113589583333333 0.37644227243589745 0.7546630288461539 0.37408101602564103
3 0 0.4396458269230769 0.01980053205128205 0.44309642307692304 0.07629796794871795 0.41481877884615387 0.07990400320512821 0.3914778108974359 0.06496974038461538 0.36364432371794875 0.0502175641025641 0.3462426346153846 0.02351273717948718 0.33386571794871794 0.0042540352564102565 0.3342018814102564 0 0.33522544871794874 0 0.4396458269230769
10 0.16879117948717948 0.5633074198717949 0.1660436185897436 0.5898441666666667 0.17279934935897437 0.6089908173076923 0.20455696474358975 0.6349252692307693 0.22944679487179487 0.6352935064102565 0.28784326602564103 0.6238392179487179 0.31213080769230767 0.5897022788461539 0.31584889423076923 0.5727808782051282 0.31559677243589745 0.5583368493589743 0.3048288173076923 0.539260233974359 0.27224073717948716 0.5117348942307692 0.2545028878205128 0.5072283653846154 0.2144786346153846 0.5135458269230769 0.17973128205128205 0.5462599615384616 0.16879117948717948 0.5633074198717949
10 0.6833194294871795 0.33358641666666666 0.685950875 0.34638353525641025 0.7105565096153846 0.37645627884615385 0.7202278846153846 0.37869553525641025 0.7498483493589744 0.37416505448717946 0.7737816634615385 0.36572039423076924 0.7862146025641026 0.3422253525641026 0.7944812371794872 0.3099734391025641 0.765835358974359 0.27836583653846153 0.7528981762820514 0.2729728205128205 0.7041310608974359 0.28425903205128206 0.6931489391025641 0.29889915384615384 0.6870515224358974 0.3174674647435897 0.6833194294871795 0.33358641666666666
10 0.8067117852564102 0.5048137403846155 0.7982630608974359 0.5266338525641026 0.7976146891025641 0.535474766025641 0.8061153782051281 0.5626178621794872 0.8387594807692307 0.5933529871794873 0.8525271217948719 0.6003368878205128 0.902362814102564 0.604283141025641 0.9159623782051282 0.6016376923076923 0.958636141025641 0.5631663653846154 0.9597507980769231 0.5350527403846154 0.9553323717948717 0.511851842948718 0.9340905961538462 0.49054997435897435 0.8991792211538462 0.4678813333333333 0.8646320224358975 0.4660762852564102 0.8398822564102565 0.4737325096153846 0.8067117852564102 0.5048137403846155
10 0.5273869038461538 0.22955039743589745 0.5400579583333334 0.2196969391025641 0.5466216538461538 0.18185591666666667 0.5399219519230769 0.16591905128205128 0.4741634006410257 0.1694749423076923 0.47043130448717946 0.18559389743589744 0.4723863685897436 0.20562703205128208 0.4969219711538462 0.23168754487179485 0.5114220256410257 0.23464520833333333 0.5273869038461538 0.22955039743589745
10 0.427693391025641 0.3123622916666667 0.4469240801282051 0.3104212403846154 0.46433977884615385 0.2964715096153846 0.4761383525641026 0.2826198269230769 0.4813772916666667 0.2608557371794872 0.4804207724358974 0.25204283653846155 0.47217220512820507 0.23934376923076925 0.44359635897435895 0.21174839743589743 0.4211839006410257 0.21535036858974357 0.39281409294871794 0.24554511217948716 0.38902597115384613 0.25845428205128207 0.390911 0.2744751891025641 0.427693391025641 0.3123622916666667
10 0 0.4404737147435897 0.017407201923076925 0.44394088782051283 0.055658480769230766 0.42802208974358974 0.07391864423076923 0.4164656923076923 0.07932566666666666 0.4043309551282051 0.07910155769230769 0.39149181730769234 0.0649837467948718 0.36444676923076924 0.05023157051282051 0.3470450801282051 0.02593408012820513 0.3346261474358974 0.00666136858974359 0.3341598621794872 0 0.3353899455128205 0 0.4404737147435897
3 0.39281409294871794 0.24554511217948716 0.3890399775641025 0.25925672756410256 0.3884196185897436 0.26970253205128203 0.39255791025641024 0.2768545128205128 0.42689094551282053 0.3123762980769231 0.4493174102564102 0.30957677243589743 0.46355133653846153 0.29728796153846154 0.47770122435897433 0.28018447435897437 0.4813772916666667 0.2608557371794872 0.48040676602564103 0.251240391025641 0.46724547435897434 0.2330082403846154 0.45007195512820514 0.21484612500000003 0.44199146794871796 0.21177641025641028 0.42357723076923076 0.21450590064102565 0.4156508173076923 0.22026308974358974 0.39281409294871794 0.24554511217948716
3 0.5122244711538462 0.23463120192307693 0.5297942403846154 0.229508375 0.5400579583333334 0.2196969391025641 0.5466496666666667 0.1834608076923077 0.545679141025641 0.17384546474358972 0.5399219519230769 0.16591905128205128 0.4725585096153846 0.16950295512820515 0.4724564006410256 0.20963925961538463 0.4920652724358974 0.2293642467948718 0.5042140160256411 0.23557371474358973 0.5122244711538462 0.23463120192307693
11 0.6870393397435898 0.45472774679487177 0.7050853429487179 0.47688808653846154 0.7245681538461539 0.4893910608974359 0.7647885 0.4943078461538462 0.7759807243589744 0.4917044134615385 0.7965781891025642 0.47609376282051286 0.8114604903846153 0.45496404166666665 0.8122810032051282 0.4099990512820513 0.7974587916666667 0.3885851314102564 0.7780039935897436 0.37768704807692305 0.7465825384615384 0.37101129807692307 0.7072346730769231 0.3700927371794872 0.6880279358974359 0.41939211217948713 0.6870393397435898 0.45472774679487177
11 0.9971697948717949 0.3794803269230769 0.9714495032051281 0.37752120833333336 0.9442924006410257 0.38521945192307694 0.9292000032051282 0.394312483974359 0.9049124583333334 0.4284494262820513 0.909540983974359 0.463687016025641 0.9251096153846154 0.48187714423076916 0.960767407051282 0.5013219967948718 0.9992568012820513 0.4990447820512821 0.9971697948717949 0.3794803269230769
11 0.5615879935897435 0.16554086858974357 0.5505498461538462 0.17697120512820513 0.5443824006410256 0.19152728846153846 0.5407483493589743 0.21326336538461538 0.549925423076923 0.2331704391025641 0.5662264647435897 0.24733433012820513 0.5799240737179486 0.25030600000000003 0.6047018525641026 0.2442546698717949 0.6180212788461539 0.2255602980769231 0.6241186923076923 0.2069919871794872 0.6173489551282051 0.18704289102564103 0.6041176314102564 0.16479850961538461 0.5615879935897435 0.16554086858974357
11 0.7067304294871796 0.3412046826923077 0.6875137467948718 0.34394818269230765 0.6884142403846154 0.3495512980769231 0.6999286217948718 0.36540412499999997 0.7176104455128206 0.3667008653846154 0.7254107980769231 0.35372166346153844 0.7196115865384615 0.34338791346153846 0.7067304294871796 0.3412046826923077
8 1 0.6350388685897436 0.9807282692307692 0.6791708621794872 0.976011641025641 0.6848720256410257 0.9703805128205127 0.6841676282051282 0.9630324391025641 0.6770716762820513 0.9590202083333335 0.6771417083333333 0.9306544615384615 0.6615830256410257 0.9112837083333333 0.6554996185897436 0.4886951153846154 0.4501629551282051 0.4870201891025641 0.44617873717948714 0.4909623846153846 0.44209647435897437 0.5012821282051282 0.4354948173076923 0.6972632756410256 0.2586928141025641 0.6971512211538461 0.2522732467948718 0.6865373365384615 0.24202353525641024 0.6776544006410256 0.23896782692307694 0.6743465705128205 0.23340673076923077 0.6637747083333334 0.22556435897435897 0.6629722596153845 0.22557836538461537 0.6423327724358975 0.23878167628205127 0.639995467948718 0.24283592628205128 0.5798079615384615 0.289639858974359 0.4444806057692308 0.40036522115384615 0.43028870192307694 0.4150613717948718 0.42405122115384614 0.42560522115384614 0.42258639743589743 0.43365769551282046 0.4254699647435898 0.4608988397435898 0.4313111923076923 0.47363992628205126 0.44193908653846153 0.4846920833333333 0.4549182884615385 0.49249243589743585 0.7157850897435898 0.6300152019230769 0.7457977467948718 0.6479532115384615 0.7610862371794872 0.650094419871795 0.7684763333333333 0.6595977115384616 0.956450673076923 0.7598636794871795 0.9839299326923077 0.7706216923076923 1 0.7722661538461538 1 0.6350388685897436