7 0.4197980320512821 0.6639475705128205 0.4329674102564103 0.6731243717948718 0.4514432467948718 0.6732822435897436 0.4607881025641025 0.6649253365384615 0.46875287820512823 0.6630410865384615 0.4717651314102564 0.6573144935897436 0.4812500352564103 0.6529679871794871 0.6849068653846154 0.48283547756410256 0.6876950448717949 0.47069225000000003 0.6679587948717949 0.43444081410256413 0.6847362532051282 0.40896015384615386 0.6819098782051283 0.3970129903846154 0.6693185032051282 0.38139154166666667 0.5669757179487179 0.30225051923076923 0.5606431121794871 0.30488083012820516 0.5554206858974359 0.3163060064102564 0.5506464070512821 0.3405644487179487 0.46894635576923077 0.3466297051282051 0.4472698365384616 0.30080933653846154 0.437336782051282 0.29232257692307695 0.31823946794871794 0.3543016794871795 0.306544391025641 0.3643467724358974 0.30057590384615385 0.3774041121794872 0.30174210256410255 0.3878031346153846 0.30689068910256406 0.3972600288461538 0.2820644294871795 0.42221870512820514 0.2796021730769231 0.4206985737179488 0.2661348782051282 0.4259872083333333 0.25532590705128205 0.4384105256410257 0.24888126282051282 0.43783252243589743 0.24340675641025641 0.4420389807692308 0.24554308974358974 0.4572224711538462 0.25755645512820513 0.47928856410256404 0.273328141025641 0.4939958942307693 0.3564312115384615 0.597097451923077 0.4197980320512821 0.6639475705128205
17 0.3723403814102564 0.5467523301282051 0.37593064102564105 0.5345810929487179 0.3707820544871795 0.5251241955128205 0.35863883012820513 0.5223360192307692 0.3562325897435898 0.5224200448717949 0.3446215384615384 0.5348713717948718 0.3433534903846154 0.5445523461538462 0.3532865416666667 0.5530391057692308 0.365317733974359 0.5526189679487179 0.3723403814102564 0.5467523301282051
21 0.35926266346153846 0.49420722435897435 0.3553643044871795 0.49755558653846155 0.35022590705128204 0.5113869999999999 0.35855480128205125 0.5199297788461538 0.36416935576923076 0.5197337147435898 0.37564036217948715 0.5032719935897436 0.3648772179487179 0.49401115705128207 0.35926266346153846 0.49420722435897435
16 0.35926266346153846 0.49420722435897435 0.3508599294871795 0.5065465128205128 0.3511120128205128 0.5137652275641026 0.3593568782051282 0.5199017692307693 0.3672656346153846 0.5164133621794872 0.37564036217948715 0.5032719935897436 0.3648772179487179 0.49401115705128207 0.35926266346153846 0.49420722435897435
21 0.3570346698717949 0.5223920352564102 0.3495358653846154 0.5146233269230769 0.34632754487179485 0.5147353621794871 0.32027906730769234 0.527690858974359 0.32376747435897435 0.5355996121794872 0.33616278525641025 0.5456065064102564 0.34008915384615385 0.5430602211538461 0.34301737820512823 0.534927391025641 0.3570346698717949 0.5223920352564102
21 0.36748970833333333 0.5228299935897436 0.3570906858974359 0.5239961955128205 0.34542361858974363 0.5348433621794871 0.34492964102564105 0.5436942467948719 0.35890109615384613 0.5528430416666666 0.37082025320512824 0.5492145865384616 0.3767887403846154 0.5361572435897436 0.37321630128205124 0.52584225 0.36748970833333333 0.5228299935897436
17 0.832802673076923 0.6246303493589743 0.8249779423076924 0.6305249967948718 0.822049717948718 0.6386578269230769 0.8217518044871795 0.6531232628205128 0.8234960128205128 0.6570776442307693 0.8301927371794872 0.6648743621794871 0.8408998589743589 0.6725310352564102 0.8473725128205128 0.6739111217948718 0.8650182596153846 0.6732949166666666 0.8713228557692307 0.6698625256410257 0.876685326923077 0.6624477467948717 0.8785313814102563 0.6463221314102564 0.8775332371794872 0.6407355865384615 0.8708085032051281 0.6321367884615384 0.8568650512820514 0.6237900737179487 0.8471560705128206 0.6217199455128205 0.832802673076923 0.6246303493589743
17 0.8323265160256411 0.610995 0.8226735544871795 0.6105290320512821 0.8115844903846153 0.6149315608974358 0.8069400705128205 0.6199120897435898 0.8047579038461539 0.62641275 0.804151891025641 0.6320553141025641 0.8052620705128205 0.6408501826923076 0.8120148173076923 0.6502510576923077 0.8161652596153847 0.6541214070512821 0.8210337564102564 0.6555575128205128 0.8218078237179487 0.6547274230769231 0.8208937083333333 0.6515471153846154 0.8212476410256411 0.6386858365384616 0.8249499326923078 0.6297229198717949 0.8303964326923077 0.6247143782051282 0.8463820032051282 0.6225500352564103 0.8487322211538463 0.6208618493589744 0.8420635064102564 0.6138672083333333 0.8323265160256411 0.610995
17 0.8855158333333333 0.6163651057692308 0.8750047724358974 0.6143229871794872 0.8637756634615383 0.6147151185897436 0.8574710673076924 0.6181475096153846 0.8543747852564102 0.6214678621794872 0.8674881474358974 0.6290405064102564 0.8766471314102565 0.638357358974359 0.878419342948718 0.6431138141025641 0.8774874102564103 0.6624197371794872 0.8815538237179488 0.6638838525641025 0.8903486858974359 0.6627736698717949 0.8943030641025641 0.6610294647435898 0.9005236346153845 0.6551908365384616 0.9035078782051281 0.6486621666666667 0.9038337980769231 0.6349988076923078 0.8995433108974359 0.6271180608974358 0.8920445032051282 0.6193493493589743 0.8855158333333333 0.6163651057692308
21 0.8551488557692307 0.6206377756410256 0.8503363782051283 0.6208058301282051 0.8412614230769231 0.6138952179487179 0.8299202756410258 0.6110790288461538 0.8202953269230769 0.6114151378205128 0.8115844903846153 0.6149315608974358 0.8054759583333334 0.6239785064102564 0.8052620705128205 0.6408501826923076 0.8120148173076923 0.6502510576923077 0.8408998589743589 0.6725310352564102 0.8658203365384615 0.6732669070512821 0.8775154166666667 0.6632218173076924 0.8895466057692308 0.6628016762820513 0.8950771346153846 0.6601993782051282 0.902789826923077 0.6510964102564102 0.904113891025641 0.6430196025641026 0.9020895961538462 0.6310444294871795 0.8912424262820513 0.619377358974359 0.8822795064102564 0.6156750641025641 0.8629735833333333 0.6147431282051282 0.8551488557692307 0.6206377756410256
21 0.8288457403846154 0.557311705128205 0.8282957403846154 0.5645584294871795 0.8333883108974359 0.5724111666666667 0.8496259615384616 0.5774655384615385 0.914706423076923 0.5784051089743589 0.922037173076923 0.5813613429487179 0.9299179198717948 0.5770708525641026 0.9312699967948718 0.5697961217948718 0.9311019423076923 0.5649836442307693 0.9212249038461539 0.5581010416666666 0.8977125224358974 0.5516945961538462 0.8849352724358974 0.5537469006410257 0.8735661153846155 0.5501286314102564 0.835784358974359 0.5490388269230769 0.8288457403846154 0.557311705128205
16 0.8615909423076923 0.5521529326923077 0.8552023205128205 0.5531790833333333 0.84353525 0.5640262532051282 0.8438153429487181 0.5720470480769231 0.849597951923077 0.5766634583333333 0.870508032051282 0.5775393782051282 0.8728302435897436 0.5750491121794872 0.8729600993589742 0.5557711987179487 0.8615909423076923 0.5521529326923077
16 0.8295917980769232 0.5556795384615385 0.8299839294871796 0.5669086506410256 0.8341623782051283 0.5715810769230769 0.842267201923077 0.5737072243589744 0.8450833878205128 0.5623660769230769 0.8559483782051283 0.5515469166666667 0.8365864391025641 0.5490108205128206 0.8295917980769232 0.5556795384615385
16 0.8759723525641027 0.5500446057692308 0.8607328461538462 0.550576782051282 0.8600147948717949 0.5530110288461538 0.871383951923077 0.5566292980769231 0.8817269551282052 0.5538589391025641 0.8759723525641027 0.5500446057692308
16 0.900976858974359 0.553186717948718 0.8889176602564103 0.5528047756410256 0.8731001474358974 0.5597815961538462 0.8745184294871794 0.5773993301282052 0.8978907660256409 0.5797953814102564 0.9010430641025641 0.5780791858974359 0.9014250064102564 0.5660199839743589 0.9075335384615385 0.5569730384615384 0.900976858974359 0.553186717948718
16 0.9237151698717949 0.5604232532051282 0.9115439358974359 0.5568329935897436 0.9036631891025642 0.561123483974359 0.9013689871794872 0.5644158269230769 0.901873153846154 0.5788532564102564 0.920433016025641 0.581417358974359 0.9291438493589743 0.5779009423076923 0.9295538012820512 0.5666438205128205 0.9237151698717949 0.5604232532051282
13 0.7823251378205128 0.5589362403846153 0.8102120384615384 0.5756296730769231 0.8346105256410257 0.5844143461538461 0.9803750801282052 0.5961883429487179 0.989916 0.5934459935897436 0.9872296698717948 0.5855092275641025 0.9343942852564103 0.5672778461538461 0.9312139775641026 0.5681919615384615 0.9269616858974359 0.5844016025641026 0.9205450512820513 0.5846256762820513 0.8318681794871795 0.5748734230769231 0.789375798076923 0.5538716826923077 0.7676916442307692 0.5538258493589744 0.7823251378205128 0.5589362403846153
5 1 0.8041724391025641 0.8524039871794872 0.7949970897435897 0.6026110192307692 0.7707946955128205 0.5905518205128205 0.7704127564102564 0.5867374871794871 0.7761673557692308 0.5863835576923078 0.7890286346153845 0.590590016025641 0.794503141025641 0.8017431314102564 0.8160395833333334 0.8581407660256409 0.8212976506410257 1 0.8163438173076923 1 0.8041724391025641
5 0.03985688461538461 0.7302171987179487 0.031230076923076923 0.7361398557692308 0.02398335576923077 0.7355898557692307 0.012950310897435898 0.7415965384615385 0.0726963076923077 0.7507529679487179 0.3086578621794872 0.7698169615384616 0.3205770128205128 0.7661885064102564 0.32328116346153846 0.7516390416666666 0.32150895192307694 0.7468825833333333 0.31260205128205126 0.7447844487179487 0.174112233974359 0.7343625288461538 0.054816301282051276 0.7216642275641026 0.043643208333333336 0.7236605160256411 0.03985688461538461 0.7302171987179487
5 0.37873667628205127 0.7529147243589743 0.3786628365384615 0.7737967916666667 0.3932403108974359 0.7773030256410256 0.4334563108974359 0.7791108814102564 0.43596439743589743 0.7589468621794873 0.43341811217948717 0.7550204903846154 0.38830560576923073 0.750974451923077 0.37873667628205127 0.7529147243589743
5 0.5340803493589744 0.7860367596153847 0.5333240993589744 0.7643806153846153 0.490617826923077 0.7602505512820513 0.48580535256410257 0.7604186057692308 0.4835111506410256 0.7637109519230769 0.4868875256410256 0.7684113910256409 0.48310120192307693 0.7749680705128206 0.48340930448717945 0.7837909423076923 0.5293238878205129 0.7878089711538462 0.5340803493589744 0.7860367596153847