17 0.12470689743589744 0.479364641025641 0.24909478205128208 0.48588353205128204 0.2529733557692308 0.4118759455128205 0.12858547115384616 0.4053570544871795 0.12470689743589744 0.479364641025641
16 0.008389548076923076 0.3285117307692308 0.06074146153846154 0.33125537820512824 0.06289958333333333 0.2900759391025641 0.010547673076923078 0.2873322916666667 0.008389548076923076 0.3285117307692308
16 0.4179853044871795 0.37119059615384614 0.5135684166666667 0.37619989423076927 0.5153951346153846 0.3413440384615385 0.4198120224358974 0.33633474038461536 0.4179853044871795 0.37119059615384614
13 0.40614923076923076 0.37306970512820514 0.4150247948717949 0.3539655 0.4069577948717949 0.3423524326923077 0.3952448974358974 0.34934933653846156 0.38727949038461534 0.3629559198717949 0.38968375641025643 0.37266889743589743 0.3832880833333333 0.3799083012820513 0.3887303493589743 0.3834081955128205 0.528833423076923 0.38921728846153847 0.5402287532051282 0.3870378108974359 0.544974766025641 0.38318219871794873 0.5417728365384615 0.3772496730769231 0.5401787115384615 0.35900962179487184 0.5372649166666666 0.3551086025641026 0.5271945448717948 0.3545486891025641 0.5220836698717949 0.3595850608974359 0.5263226538461538 0.3706639871794872 0.526953217948718 0.38117447435897434 0.40614923076923076 0.37306970512820514
17 0.7019168974358975 0.5242497564102564 0.8623468108974359 0.5326575320512821 0.8664421217948719 0.45451437179487175 0.7060122051282052 0.4461065961538462 0.7019168974358975 0.5242497564102564
17 0.8243016217948718 0.3959364935897436 0.8539559487179488 0.39749061217948717 0.8552849294871796 0.37213215384615383 0.8256306025641026 0.37057803525641025 0.8243016217948718 0.3959364935897436
17 0.8487415641025641 0.3934762564102564 0.8695316538461538 0.3945658173076923 0.8707165641025642 0.3719563974358975 0.8499264711538461 0.37086683333333337 0.8487415641025641 0.3934762564102564
17 0.9290820769230769 0.39229409935897436 0.9453839423076923 0.3931484423076923 0.9466654583333334 0.3686956442307692 0.930363592948718 0.3678413012820513 0.9290820769230769 0.39229409935897436
16 0.8288239839743589 0.3705243846153846 0.8570516987179487 0.3720037371794872 0.8576149615384616 0.3612560480769231 0.8293872467948719 0.3597766955128205 0.8288239839743589 0.3705243846153846
16 0.8621297211538461 0.38023021474358976 0.8813088557692308 0.38123534935897435 0.8821732820512821 0.3647411282051282 0.8629941474358974 0.36373599358974357 0.8621297211538461 0.38023021474358976
16 0.8949116121794872 0.39111408974358974 0.9269623269230769 0.39279379807692305 0.9283874967948719 0.36559997756410256 0.8963367788461539 0.3639202724358975 0.8949116121794872 0.39111408974358974
8 0.8167724262820513 0.24096971794871797 0.8061989551282052 0.3047091538461538 0.799706608974359 0.32124596474358974 0.7938511282051283 0.3563005576923077 0.7936025192307692 0.37637926923076925 0.7966823814102564 0.37895168589743594 0.8159176217948717 0.3799597628205128 0.8281076570512821 0.3773839391025641 0.8294131666666666 0.36780832051282053 0.8346840096153846 0.3592441858974359 0.836535560897436 0.3392494807692308 0.8457649262820512 0.30115702884615386 0.8455515032051283 0.28989447115384614 0.8490513974358975 0.28445220833333335 0.8569718493589744 0.24066547115384615 0.8185013685897435 0.2386493173076923 0.8167724262820513 0.24096971794871797
17 0.9466790576923076 0.4003328141025641 0.9737205993589745 0.40175 0.9749722948717948 0.3778662435897436 0.9479307499999999 0.3764490544871795 0.9466790576923076 0.4003328141025641
17 1 0.38619392628205124 0.9907311506410256 0.3857081666666667 0.9892576794871795 0.4138236762820513 1 0.414386657051282 1 0.38619392628205124
16 0.9995389935897435 0.5218894711538461 0.9314302179487179 0.5183200416666667 0.9282635961538462 0.5787427403846154 0.996372375 0.5823121698717949 0.9995389935897435 0.5218894711538461
16 0.9571428974358974 0.3736488525641026 0.9885123685897437 0.375292858974359 0.9898543685897436 0.3496859455128205 0.9584849006410255 0.3480419423076923 0.9571428974358974 0.3736488525641026
16 0.9758230673076923 0.4051070128205128 0.9884622275641026 0.4057694006410256 0.989792048076923 0.3803949134615384 0.9771528878205127 0.37973252243589745 0.9758230673076923 0.4051070128205128
16 0 0.7649267724358975 0.021403346153846155 0.7660484743589744 0.026283695512820515 0.6729258653846154 0 0.6715483942307693 0 0.7649267724358975
8 0.10308619230769231 0.14540784615384614 0.056559028846153846 0.1437731314102564 0.08165545833333333 0.3243067051282051 0.08899808974358973 0.3375502275641025 0.09912315384615385 0.3437065480769231 0.11743091987179487 0.34707702564102566 0.13101046794871796 0.33332264743589746 0.10308619230769231 0.14540784615384614
10 0.28733427884615387 0.5094821826923077 0.3071291923076923 0.5611507756410256 0.3182271474358974 0.579413125 0.3275087435897436 0.5863289134615385 0.5121234423076922 0.5140298557692308 0.5968588429487179 0.47667983012820514 0.6878345705128205 0.42760180128205133 0.6908270224358974 0.41650725641025643 0.6785915705128206 0.4046146474358974 0.6513382403846154 0.38791663782051283 0.594980032051282 0.3745153237179487 0.44718065064102563 0.4037382884615385 0.37455127884615386 0.4401154262820513 0.3280309294871795 0.46902051282051277 0.28733427884615387 0.5094821826923077
9 0.5403984807692307 0.5725722307692308 0.5369405865384616 0.5772130288461538 0.526031092948718 0.6473642147435897 0.5304686891025642 0.68536925 0.5420320897435897 0.7100853493589744 0.7077884647435898 0.8136052884615385 0.7305690160256411 0.823639532051282 0.7482433205128205 0.8237621346153846 0.7912955544871795 0.7536881378205128 0.7948794551282051 0.7466429391025641 0.7921356185897436 0.7376587756410257 0.7390150608974358 0.6778142980769231 0.6764903076923077 0.6287283461538461 0.5613206634615384 0.572061375 0.5534319871794872 0.5692369391025641 0.5403984807692307 0.5725722307692308
9 0.46561672435897433 0.6040145480769231 0.4667019871794872 0.5526365673076923 0.4431619775641026 0.5417588557692308 0.4367082275641026 0.5422242980769231 0.34066825961538466 0.5805892147435897 0.33400449679487176 0.585062 0.34008021794871796 0.5918097692307692 0.42129076282051287 0.6370529871794872 0.42778651282051283 0.6357860737179487 0.46561672435897433 0.6040145480769231
9 0.48240555448717953 0.6056980833333333 0.47751273717948717 0.6070490000000001 0.4753637596153846 0.6173840833333333 0.47532857371794873 0.6487253525641026 0.5057037692307692 0.6671943141025641 0.5145619230769231 0.6668548814102564 0.5203368076923077 0.648673125 0.5200779711538461 0.6229421346153846 0.48240555448717953 0.6056980833333333
9 0.49674116025641024 0.5775172724358973 0.4901228044871795 0.5964584903846154 0.493034657051282 0.6022367820512821 0.5063655961538461 0.6085611153846154 0.5208306217948718 0.5932458044871795 0.5220067115384616 0.5708046923076923 0.5142020416666667 0.5663773173076923 0.49674116025641024 0.5775172724358973
9 0.4598838429487179 0.6213948333333333 0.45254461858974354 0.6234212115384615 0.43487372115384615 0.6385685096153846 0.42724047435897433 0.6462051634615384 0.43107980128205126 0.6496210512820513 0.457654266025641 0.6486027532051282 0.46275709615384614 0.6432444935897436 0.4651160929487179 0.6289020705128205 0.4598838429487179 0.6213948333333333
5 0.4791644935897436 0.6368713429487179 0.47988195512820514 0.6385162820512821 0.48388929807692305 0.638726298076923 0.4846487628205128 0.6395697692307692 0.48380529166666664 0.640329233974359 0.4773515416666667 0.6407946762820513 0.4764660641025641 0.6423556121794872 0.4762980512820513 0.645561483974359 0.4770575192307693 0.6464049551282052 0.47613003846153845 0.6487673557692307 0.4801793878205128 0.648175907051282 0.48477817948717944 0.652435266025641 0.48718258333333336 0.6525612756410256 0.4880680608974359 0.651000342948718 0.4849461923076923 0.649229391025641 0.48578966346153846 0.6484699294871795 0.4889955384615385 0.6486379423076922 0.4912739326923077 0.6511683557692307 0.4903884551282051 0.6527292884615384 0.4909379070512821 0.6575801025641026 0.4932163044871795 0.660110516025641 0.49722364423076926 0.660320532051282 0.4995440448717949 0.6620494775641026 0.5027499166666667 0.6622174903846153 0.5042688493589744 0.6639044326923077 0.5048602980769231 0.6679537756410256 0.5072227019230768 0.6688812564102564 0.5062952211538462 0.6712436570512821 0.5079821666666666 0.6697247275641026 0.5095851025641026 0.6698087339743589 0.5153633942307692 0.6668968846153847 0.513886467948718 0.6644084711538462 0.5156574166666666 0.6612866057692307 0.5157834262820513 0.6588821987179487 0.5150239583333334 0.6580387307692308 0.5163714711538462 0.6476616442307692 0.5124481346153846 0.6458486891025641 0.5149365448717949 0.6443717628205129 0.5151045576923077 0.641165891025641 0.5168335064102564 0.6388454935897436 0.5160740384615384 0.6380020192307693 0.5162420512820513 0.6347961442307692 0.5154825865384616 0.6339526762820513 0.5098723076923077 0.6336586538461538 0.5091128461538462 0.6328151826923076 0.508311375 0.6327731794871795 0.5066244326923077 0.6342921057692308 0.5081853653846153 0.6351775833333334 0.5089028301282051 0.6368225224358974 0.5040100128205128 0.6381734423076924 0.49920120192307693 0.6379214230769231 0.4984417371794872 0.6370779487179486 0.4960373301282051 0.6369519391025641 0.49519385897435897 0.637711407051282 0.49198798717948716 0.6375433942307692 0.4912285192307692 0.6366999198717949 0.49038504807692307 0.6374593878205128 0.4815688974358974 0.6369973525641026 0.4808094326923077 0.6361538782051281 0.4791644935897436 0.6368713429487179
5 0.9156287051282052 0.6661748205128205 0.755461048076923 0.6553697788461539 0.7039990641025641 0.6558874487179488 0.6969118589743589 0.6531050128205128 0.687210233974359 0.6542039134615385 0.6849318365384616 0.6516735 0.6319509198717949 0.6505042275641026 0.6276075544871795 0.6567059583333333 0.6303513910256411 0.6656901217948717 0.6283284262820512 0.6736207980769231 0.6186688012820513 0.6739182275641026 0.6149134807692308 0.6688994038461539 0.5872821185897436 0.659414608974359 0.5832327724358974 0.6600060608974359 0.5731497115384615 0.6530482756410256 0.5635320897435897 0.6525442371794872 0.5575403782051281 0.6441935256410256 0.5496517019230769 0.6413690897435897 0.5367862083333333 0.6414985064102564 0.5360267403846154 0.6406550352564102 0.5307138942307693 0.6500206346153846 0.5304232788461538 0.6709008173076924 0.5335031442307692 0.673473233974359 0.5375944903846154 0.6720803141025641 0.5631154679487179 0.6758288205128204 0.6210312019230769 0.6748457083333333 0.6328432115384616 0.6794830961538462 0.6535553814102564 0.6829795833333333 0.7129060384615384 0.6852863525641025 0.7282599455128206 0.6836800064102564 0.7385110224358974 0.6874319198717949 0.9895806249999999 0.6965715705128205 0.9910507371794872 0.6685201794871795 0.9156287051282052 0.6661748205128205
5 0 0.6613706826923077 0.22839913782051283 0.6679311153846154 0.3626643814102564 0.6669309647435897 0.400333391025641 0.6689051121794872 0.4117219615384616 0.6662872820512821 0.46132898717948717 0.6704944166666666 0.4951166666666667 0.6698541442307693 0.4929222820512821 0.6657207948717949 0.48579307051282056 0.663739826923077 0.4859610833333333 0.6605339551282051 0.47469852564102566 0.6607473782051282 0.4732215961538462 0.6582589647435898 0.4683707852564103 0.6588084166666667 0.4653329262820513 0.6554345320512821 0.4573602435897436 0.6542130288461538 0.4504830544871795 0.6474232564102564 0.46182961858974364 0.6456068942307692 0.459677233974359 0.6406720737179488 0.4460942788461538 0.6391565544871795 0.44208693269230775 0.6389465384615384 0.4297708878205128 0.6439267692307692 0.43525515705128204 0.6466251955128205 0.4279159294871795 0.6486515737179487 0.4199012467948718 0.6482315416666667 0.41762285576923075 0.645701125 0.42576354487179485 0.6437167532051282 0.4226416762820513 0.6419458044871795 0.42361116025641027 0.6387819326923077 0.4011700480769231 0.6376058429487179 0.25256238141025644 0.6362470032051282 0 0.6269158814102564 0 0.6613706826923077
8 0.8174067884615385 0.3781355192307692 0.8240285512820512 0.3744642051282051 0.871575125 0.21863309935897435 0.8258494262820514 0.2170403878205128 0.7932333205128206 0.36400992628205125 0.7933627371794872 0.3768754262820513 0.8174067884615385 0.3781355192307692