6 0 0.807854782051282 0.3623204294871795 0.8268431923076923 0.26495450961538464 0.7831643173076923 0.025886487179487182 0.6830353044871794 0 0.6702983653846154 0 0.807854782051282
6 0.779744592948718 0.40670117307692305 0.7777602211538461 0.3985604807692308 0.7458695000000001 0.3936744807692308 0.6895112916666667 0.38027316666666666 0.41105212500000005 0.31103020833333334 0.41029266025641026 0.3101867371794872 0.4062433141025641 0.3107781891025641 0.40611730448717953 0.313182592948718 0.411857 0.32634210897435895 0.41291389423076924 0.3368452051282051 0.40287965064102566 0.35962575320512824 0.4107263237179487 0.3632516570512821 0.5597642435897436 0.4024055192307692 0.576003625 0.39923824038461536 0.6041390256410256 0.39910541346153844 0.6343042051282051 0.4215817147435897 0.7517454294871795 0.4502392980769231 0.7668893205128204 0.45264029487179486 0.7721601666666666 0.44407616346153844 0.779744592948718 0.40670117307692305
6 0 0.5971938685897437 0.07853930128205129 0.537115842948718 0.07794784615384616 0.5330665 0.06647186217948718 0.5220173621794871 0.06436148076923076 0.5162810737179486 0.06169824038461538 0.49042407371794877 0.06342377884615386 0.47283376923076925 0.07961433974358974 0.4399281602564103 0.08872451602564102 0.43477991666666665 0.09652577564102564 0.42393738782051277 0.11668508653846153 0.40731316025641023 0.14536652564102565 0.3967612467948718 0.1558696185897436 0.3957043525641025 0.17160496153846155 0.4021546923076923 0.1819820480769231 0.40350220512820517 0.22497072115384617 0.4266505544871795 0.3117676891025641 0.36529848076923077 0.3084324006410256 0.35226497115384614 0.2936631282051282 0.327380858974359 0.29163675 0.32004163461538465 0.2924348108974359 0.3048137371794872 0.2880267371794872 0.30458272115384616 0.27703890064102565 0.30722155128205125 0.15000391346153846 0.3849492371794872 0.1253298173076923 0.39571116666666667 0.12191392628205129 0.3995504935897436 0.1063920064102564 0.40436271153846154 0.10791093910256411 0.40604965705128204 0.10369358012820513 0.40984698076923076 0.09804129807692308 0.41035442948717954 0.09449939743589744 0.41659816346153844 0.08471376602564103 0.4192999967948718 0.07703851602564103 0.4277381217948718 0.06371098717948719 0.43668369230769233 0.0007412371794871795 0.47276339743589746 0 0.48690704166666665 0 0.5971938685897437
11 0.244181 0.5048096057692307 0.2443421955128205 0.4710639326923077 0.24214440064102563 0.45166067948717953 0.23492777564102565 0.4360127467948718 0.18830978846153845 0.40544116346153847 0.1590754935897436 0.3958723653846154 0.1542666826923077 0.39562034615384617 0.13562289423076923 0.39866161538461536 0.11516615384615385 0.40562621794871795 0.10095314743589744 0.41613272115384614 0.07362603525641026 0.4468473525641025 0.06152682051282051 0.4783600416666667 0.06153022756410257 0.49362994551282047 0.06503694230769232 0.518727483974359 0.07330705128205128 0.5296086057692307 0.14072121153846154 0.5620737403846154 0.15886096153846152 0.5686500897435897 0.17008151923076925 0.5692381346153846 0.20635419871794872 0.5518510352564103 0.23920758333333333 0.5230333621794871 0.244181 0.5048096057692307
10 0.49565359294871797 0.4295850673076923 0.47995684294871793 0.40706335897435897 0.461225641025641 0.39643766025641025 0.45689771153846154 0.39621084294871795 0.41794635256410256 0.3941694871794872 0.3960546891025641 0.3978442147435898 0.3852995769230769 0.40370991666666667 0.3680101153846154 0.426913907051282 0.36544110256410256 0.4452636698717949 0.3673096923076923 0.5016184711538462 0.3822049743589743 0.5240981794871795 0.3898836314102564 0.5309299583333333 0.43712825641025643 0.5342096121794871 0.4774536955128205 0.5315009647435898 0.48420146794871793 0.5254252403846154 0.4981590448717949 0.5044576474358974 0.5044765608974359 0.460586907051282 0.49565359294871797 0.4295850673076923
10 0.7631328910256411 0.6316617564102563 0.761907983974359 0.6243645320512821 0.7348158493589744 0.5739208493589744 0.7097955032051282 0.5452848205128205 0.7027502980769231 0.5417009166666666 0.6852020032051283 0.5391739102564103 0.6810343685897435 0.5389554935897436 0.6587115448717948 0.5385892756410257 0.6238283782051283 0.5447978237179487 0.6074629839743589 0.5503695064102564 0.5799258557692308 0.5850914807692308 0.5636512852564103 0.6196000256410257 0.5647081794871794 0.6301031217948718 0.5926437852564103 0.6797873429487179 0.6111683782051283 0.709690282051282 0.6204499775641025 0.7166060641025641 0.7102984326923077 0.7197074871794872 0.7208855352564103 0.7170476538461538 0.731976673076923 0.7047702019230769 0.7591709615384615 0.6459201730769231 0.7631328910256411 0.6316617564102563
10 0.40539984294871795 0.31153765384615384 0.38269648397435896 0.2693606698717949 0.36050739102564106 0.26337577243589744 0.3532941794871795 0.2629977435897436 0.31980392948717945 0.2732976378205128 0.30204902243589743 0.2900478717948718 0.2957666955128205 0.30257734294871796 0.29353371153846153 0.31451536217948717 0.2952660641025641 0.3274648653846154 0.3150575705128205 0.3638635576923077 0.32805248397435893 0.3765996378205128 0.3407079615384615 0.3804775608974359 0.36006921153846155 0.379081233974359 0.39634189743589743 0.3616941314102564 0.4030476634615385 0.3564198782051282 0.41299790064102565 0.3352422692307693 0.4132499198717949 0.33043346153846154 0.40539984294871795 0.31153765384615384
10 0.6527447948717948 0.4530875929487179 0.6258240801282051 0.41470793589743593 0.6016926153846154 0.399780875 0.5964830737179487 0.39950785576923076 0.5678209294871795 0.40202408333333334 0.534796125 0.41877772756410253 0.5227355064102565 0.43421904807692313 0.5108883076923078 0.46092292948717944 0.5081092852564103 0.4832800384615385 0.5115705833333333 0.4939091442307692 0.533301048076923 0.523980092948718 0.5586994262820513 0.545402907051282 0.5901667083333333 0.5430336891025641 0.6278743141025641 0.528936467948718 0.6364770416666666 0.5181359423076923 0.644064875 0.4960308557692308 0.6529162147435897 0.46515161858974363 0.6527447948717948 0.4530875929487179
11 0.6535042564102564 0.4539310641025641 0.6258240801282051 0.41470793589743593 0.6016926153846154 0.399780875 0.5964830737179487 0.39950785576923076 0.5678209294871795 0.40202408333333334 0.5356395961538462 0.4180182596153846 0.5183501314102564 0.44122224679487176 0.5100028333333333 0.46248386538461533 0.5075598333333333 0.47842922435897434 0.5108111185897436 0.4930656698717949 0.5302631891025641 0.5206062083333334 0.5578979551282052 0.5453609038461539 0.587720298076923 0.5437091474358975 0.6270308397435898 0.5296959326923076 0.6337786153846153 0.5236202115384615 0.6440228717948718 0.4968323237179487 0.6528322083333333 0.4667545544871795 0.6535042564102564 0.4539310641025641
11 0.7979990224358975 0.5491037019230769 0.8019155416666667 0.5203768525641025 0.7747008044871795 0.4876074743589744 0.7422152243589744 0.46340222756410254 0.7312046826923078 0.45880683974358977 0.7296017467948718 0.4587228333333333 0.6905852275641026 0.4671257692307692 0.652919625 0.48042151923076926 0.639976935897436 0.5126936794871795 0.633698016025641 0.5404930512820513 0.6384648237179487 0.5415465384615386 0.6628448974358974 0.5363948878205128 0.7020328365384615 0.5400559775641026 0.7091200448717948 0.5428384102564103 0.7356593237179487 0.5731613814102564 0.7503445833333333 0.5996484326923077 0.7573897884615385 0.6032323365384615 0.7756521378205128 0.5921343782051282 0.7896097179487179 0.5711667852564103 0.7979990224358975 0.5491037019230769
10 0.7611905224358975 0.6227195961538461 0.7318199903846153 0.5697454935897436 0.7051127019230768 0.5426283942307693 0.6755843846153846 0.5386698717948718 0.6703748397435897 0.5383968525641025 0.6303241282051282 0.5435309102564103 0.6099513974358974 0.5488925769230769 0.5799258557692308 0.5850914807692308 0.5636512852564103 0.6196000256410257 0.5647081794871794 0.6301031217948718 0.5926437852564103 0.6797873429487179 0.6089319871794873 0.7063583974358973 0.6212514423076924 0.7166480673076924 0.7102984326923077 0.7197074871794872 0.7192405961538462 0.7177651153846154 0.731091201923077 0.7063311346153847 0.7591289583333333 0.646721641025641 0.7630908878205128 0.6324632243589744 0.7611905224358975 0.6227195961538461