17 0.9323298044871796 0.3436883525641026 0.9284576442307693 0.35178284615384614 0.9208814006410256 0.3776011858974359 0.9218239134615385 0.38561164102564105 0.9499655480769231 0.38833118589743587 0.9756298141025641 0.38708052564102563 0.9973798974358974 0.39151701923076926 0.9960912756410257 0.3176919903846154 0.9910093846153847 0.3177806955128205 0.9720319006410256 0.3189146378205128 0.9488450096153846 0.3241355096153846 0.9323298044871796 0.3436883525641026
17 0.9723879551282051 0.43128508974358976 0.9980662275641026 0.43083687500000006 0.9975199647435897 0.3995414807692308 0.9806265769230769 0.3974282852564103 0.9477543044871795 0.39960745192307695 0.934042689102564 0.39583333653846153 0.9324377980769231 0.3958613493589744 0.9276651442307693 0.3983527307692308 0.9285656346153845 0.4039558461538461 0.9514683333333332 0.42843947756410256 0.9723879551282051 0.43128508974358976
8 0.2429017628205128 0.47532324679487176 0.2347512435897436 0.46824129807692305 0.23058493910256408 0.4594844262820513 0.22958639743589743 0.4482641891025641 0.22629257371794873 0.44350554166666667 0.2286158717948718 0.43864884615384614 0.22591439102564104 0.4218395 0.21220277564102566 0.4180653846153846 0.2145400801282051 0.4140111346153846 0.22411340705128205 0.41063326923076926 0.22235443910256408 0.4018343782051282 0.22552220192307693 0.39937101282051285 0.21485228846153845 0.3859115192307692 0.2003983173076923 0.339607766025641 0.19914765384615385 0.3139435 0.19590985576923076 0.31239463782051285 0.19430496794871796 0.31242265064102565 0.16147471474358974 0.3170091570512821 0.15188738461538462 0.3195845769230769 0.14876163782051283 0.3244552788461538 0.16694770833333333 0.3546400769230769 0.18295054487179488 0.3977060320512821 0.18310461858974358 0.4065329391025641 0.18734095512820512 0.4193020416666667 0.1946330032051282 0.4231882083333333 0.20165486217948717 0.45758133333333334 0.2125208685897436 0.4822750705128205 0.21177445192307692 0.48549885897435896 0.2206293717948718 0.4869496794871795 0.24135289743589744 0.4785610448717949 0.2429017628205128 0.47532324679487176
5 0.9209573173076924 0.47392271794871793 0.9423292179487179 0.45669316987179487 0.9414847532051283 0.45429983974358973 0.9366700769230769 0.45438388141025643 0.9310809679487179 0.45608681730769224 0.8819596185897436 0.4930653076923077 0.8763705096153845 0.4947682435897436 0.8724423205128204 0.49965295512820507 0.8502119487179487 0.5136867275641026 0.8423275544871794 0.5218512532051282 0.8359500096153846 0.5243706474358975 0.7804791282051282 0.5654734166666666 0.760726125 0.5834773974358974 0.6972868108974358 0.6279300192307692 0.43119466346153845 0.8348526730769231 0.456070483974359 0.8344184647435898 0.741099185897436 0.6087033910256411 0.9209573173076924 0.47392271794871793
5 0.5164861666666667 0.7547002371794872 0.5948778108974359 0.6931301217948718 0.6250065833333333 0.6717342724358975 0.6321865801282051 0.6692008717948718 0.6354383814102564 0.6715521858974359 0.6196695961538462 0.6878812371794871 0.43118065705128206 0.8340502275641026 0.45687293269230767 0.8344044583333332 0.4623780032051282 0.8278868429487181 0.5669422147435897 0.7482006923076923 0.6444893974358974 0.6842372435897436 0.6532462692307692 0.6800709423076923 0.7791403621794871 0.5807479038461538 0.8164211153846154 0.5552137596153847 0.8528153814102564 0.5248789487179487 0.8980085384615385 0.4927851730769231 0.9438920865384615 0.45425782051282054 0.9382469519230769 0.4527509743589744 0.9286596217948718 0.45532639423076926 0.9278011506410255 0.45213061858974357 0.9229864743589744 0.452214657051282 0.9189742435897436 0.45228469230769225 0.9109497852564103 0.4524247596153846 0.9030093653846154 0.4573795 0.8443987339743589 0.5025505288461538 0.8245336762820512 0.5141349423076923 0.776200766025641 0.5502969775641026 0.7563357115384616 0.5618813878205129 0.7492397628205129 0.5692294647435897 0.6429585993589744 0.6425240576923077 0.3862576858974359 0.8356370512820512 0.41193595833333335 0.8351888365384615 0.44516246153846156 0.8073173878205129 0.47609367948717946 0.785907532051282 0.4958466794871795 0.7679035512820512 0.5164861666666667 0.7547002371794872
17 0.8709697916666667 0.2773333974358974 0.8644801858974359 0.27343322115384616 0.8588630641025642 0.27353126923076926 0.8501762275641025 0.28170980448717947 0.8511047371794871 0.28891780769230774 0.858396782051282 0.2928039807692308 0.867195673076923 0.2910450128205128 0.8726867339743589 0.2837249519230769 0.8709697916666667 0.2773333974358974
8 0.6852505384615385 0.30626123717948717 0.6898691185897436 0.2949429519230769 0.6907217083333334 0.2058294262820513 0.685062564102564 0.20352013461538462 0.6570890096153846 0.21042993910256408 0.6675827211538462 0.30576693589743587 0.6852505384615385 0.30626123717948717
16 0.9563792339743589 0.29590983333333337 0.946707858974359 0.2936705769230769 0.9451029711538461 0.29369858974358976 0.9299405352564103 0.29877939102564105 0.932642016025641 0.31558873717948716 0.9495073878205128 0.31609704487179485 0.9574618141025641 0.31194474358974356 0.9596590512820514 0.29986603525641026 0.9563792339743589 0.29590983333333337
17 0.7892183493589743 0.2843792051282051 0.7894004358974359 0.29481100641025637 0.795087592948718 0.29872518910256407 0.7943691826923077 0.3035538685897436 0.8048570096153846 0.3065815673076923 0.8105721794871794 0.312100641025641 0.8137539487179487 0.3104397243589744 0.8128954775641025 0.3072439455128205 0.8039144967948718 0.2985711153846154 0.8094195641025641 0.29205349679487175 0.8101379711538461 0.2872248173076923 0.8027758910256411 0.2793264166666667 0.7963563205128205 0.2794384711538462 0.7892183493589743 0.2843792051282051
17 0.7517835192307692 0.3010864455128205 0.7565281634615385 0.29699017628205127 0.7539807564102564 0.28900773397435897 0.7483076089743589 0.285896 0.7410855961538462 0.2860220608974359 0.737129391025641 0.2893018782051282 0.7348481121794872 0.29656591025641027 0.734904141025641 0.2997756955128205 0.7405632820512821 0.30208498397435896 0.7517835192307692 0.3010864455128205
16 0.8042926794871794 0.3202371538461538 0.8034342083333333 0.31704137820512823 0.8097277147435897 0.3097073108974359 0.7967765224358975 0.30351184935897435 0.7943691826923077 0.3035538685897436 0.7879916378205127 0.3060732628205128 0.7841054679487179 0.3133653108974359 0.7922699967948719 0.3212497051282051 0.7995200224358974 0.32272853525641026 0.8042926794871794 0.3202371538461538
16 0.09858212820512821 0.587810951923077 0.0915001826923077 0.595961467948718 0.09166826282051282 0.6055908205128205 0.1008033173076923 0.6230905576923077 0.12173694551282051 0.6267386153846154 0.13685736217948719 0.6192504711538461 0.1447277467948718 0.6102835000000001 0.145390125 0.6022450320512821 0.13949286858974358 0.5862941570512821 0.1281465705128205 0.5800706858974359 0.12306467948717949 0.580159391025641 0.11050676602564102 0.5811812788461539 0.09858212820512821 0.587810951923077
16 0.31098225320512823 0.5239017051282051 0.31589497756410256 0.5294347852564102 0.32154011538461535 0.5309416314102564 0.3399123301282051 0.5258048012820513 0.3453753782051282 0.5168798493589744 0.34519328846153846 0.506448048076923 0.34101298076923076 0.49688873076923074 0.3296806891025641 0.4914677051282051 0.32566845833333335 0.4915377371794871 0.3137018012820513 0.49576006730769234 0.30670389743589743 0.508725266025641 0.31098225320512823 0.5239017051282051
17 0.04929676282051282 0.569406657051282 0.06905970833333333 0.5979585512820512 0.07394441987179487 0.6018867371794872 0.07795664743589743 0.6018167051282051 0.08824837820512821 0.5936101602564102 0.09110799358974359 0.5734929807692308 0.08618126282051282 0.5671574551282051 0.07484897115384616 0.5617364262820512 0.0708367435897436 0.5618064615384615 0.058011612179487186 0.5628330160256411 0.04925474038461538 0.5669993205128205 0.04929676282051282 0.569406657051282
17 0.15458526602564104 0.577201125 0.16674801923076923 0.5842130384615385 0.17556091666666665 0.583256516025641 0.18989289102564103 0.5765848269230769 0.1953559391025641 0.567659875 0.19183800641025642 0.5500620897435897 0.18532038782051283 0.5445570224358974 0.17321366666666668 0.5407548942307693 0.16759654487179487 0.540852939102564 0.15564389743589743 0.545877717948718 0.14784354487179488 0.558856923076923 0.15458526602564104 0.577201125
17 0.4294821923076923 0.4608288076923077 0.4391955865384615 0.46547540064102566 0.4503878108974359 0.46287197115384615 0.4551324487179488 0.45877569871794865 0.45562674999999997 0.4411078814102565 0.4450548846153846 0.43326550641025646 0.43983898717948716 0.4333565512820513 0.4346230833333334 0.43344759615384615 0.4267106794871795 0.44000723076923076 0.42447142307692304 0.4496786025641026 0.4294821923076923 0.4608288076923077
7 0.42147173717948716 0.46177132051282055 0.4212476314102564 0.4489321826923077 0.4119444967948718 0.42180309615384615 0.42060332051282057 0.4120196666666667 0.9985284487179488 0.4573175897435897 0.9960492564102563 0.3152846506410256 0.9815351955128205 0.31152454166666665 0.9782693814102564 0.30837078525641026 0.9805646666666666 0.30190919871794875 0.9565753269230769 0.30714407692307694 0.9463816442307692 0.3209677435897436 0.9302486826923078 0.3164332051282051 0.9260123461538461 0.3036641025641026 0.8739374006410257 0.309389217948718 0.8658709198717949 0.3071219455128205 0.8428521057692308 0.32197216987179483 0.8378833557692307 0.3132293044871795 0.7809096923076922 0.31422378205128204 0.7373535 0.3021410096153846 0.5698944102564102 0.3195124519230769 0.5393734487179487 0.3184398141025641 0.5153841121794872 0.3236746923076923 0.5074857115384616 0.33103677243589746 0.45788813461538463 0.34073209615384614 0.4498636762820513 0.3408721634615385 0.4377289391025641 0.33546514423076923 0.4154145256410256 0.34468424038461537 0.41471012820512815 0.3503153653846154 0.4028135032051282 0.35854992948717945 0.38042905769230767 0.36375679487179485 0.36691353846153846 0.3712169230769231 0.3606620480769231 0.3809583269230769 0.34951184294871795 0.38596909935897433 0.34956787179487175 0.38917888461538463 0.3690506826923077 0.40168185576923077 0.3887955641025641 0.47518473397435895 0.393270016025641 0.5015954166666666 0.3837206442307692 0.5523315993589744 0.38805502884615384 0.5707178237179488 0.39130683012820516 0.5730691346153847 0.4401439807692307 0.565795157051282 0.4470438429487179 0.5472128365384615 0.44338584294871797 0.521590592948718 0.4291419711538461 0.4873235288461538 0.42147173717948716 0.46177132051282055
16 0.9204892115384615 0.3551326987179487 0.9121285897435897 0.3360140641025641 0.8950811282051282 0.3250739615384615 0.8509465993589743 0.32584433333333335 0.8254364070512821 0.3359219006410256 0.805711419871795 0.3555307724358974 0.8034861698717949 0.36600458974358974 0.8029078333333333 0.378857733974359 0.811860798076923 0.3859256730769231 0.9162348044871794 0.38731458012820513 0.9204892115384615 0.3551326987179487
16 0.640957875 0.3439581282051282 0.6291873141025641 0.35941470192307695 0.627848548076923 0.3746891891025641 0.632873326923077 0.38664183974358973 0.6323370064102564 0.4019023205128205 0.6381082019230769 0.4106311762820513 0.6750907532051281 0.4139990993589744 0.6878318397435897 0.40815786858974357 0.7120172756410257 0.414157233974359 0.689931032051282 0.39046203525641027 0.6929026987179487 0.3767644294871795 0.7030263493589743 0.3589285256410256 0.7019297596153846 0.34209116666666667 0.6825309903846154 0.3344028717948718 0.6601045256410256 0.33720239743589747 0.640957875 0.3439581282051282
16 0.7717145480769231 0.3392676891025641 0.7346199455128205 0.3294802019230769 0.7144987083333333 0.372374016025641 0.7138643397435898 0.382017375 0.7251686185897436 0.3858335096153846 0.7805514006410257 0.3856694871794872 0.7868869262820513 0.3807427596153846 0.7872131442307693 0.35344558974358975 0.7717145480769231 0.3392676891025641
16 0.876742810897436 0.424124983974359 0.9036758012820513 0.40358760576923075 0.9035917628205129 0.3987729326923077 0.8946948237179487 0.3949147756410256 0.8079886378205128 0.39402016346153845 0.8048068685897436 0.39568108333333335 0.8057073621794871 0.40128419871794874 0.8156168461538461 0.4171650384615385 0.832580266025641 0.4232904647435897 0.876742810897436 0.424124983974359
16 0.7361606858974359 0.4177492596153846 0.7465924871794872 0.4175671730769231 0.7512110641025641 0.4062488878205128 0.7446094102564103 0.3959291474358974 0.7148488782051282 0.39243516346153845 0.7173822756410256 0.39961516025641025 0.7361606858974359 0.4177492596153846
10 0.9340268621794872 0.25696816346153845 0.9223403397435899 0.27723941346153846 0.9211836634615386 0.30294569871794874 0.9252939423076924 0.3084927852564102 0.9325439679487179 0.3099716153846154 0.9331503205128205 0.29872336538461536 0.9418931858974359 0.2937546153846154 0.9580961794871795 0.3023013878205128 0.9631629775641025 0.316661375 0.9960212435897435 0.3136797596153846 0.9939622499999999 0.1957201987179487 0.9546003782051281 0.19399919551282052 0.9538679647435898 0.1980254294871795 0.9380291474358975 0.21034225320512823 0.9333965576923077 0.22085809294871794 0.9340268621794872 0.25696816346153845
22 0.9268767051282052 0.39916918269230767 0.9277351762820513 0.40236495833333336 0.9482305352564103 0.4268906153846154 0.9611397051282051 0.4306787371794872 0.998080233974359 0.4316393205128205 0.9975059583333333 0.398739032051282 0.9878906121794873 0.3997095608974359 0.9613118461538462 0.39455466346153845 0.9581440833333332 0.3970180256410257 0.9501056153846154 0.3963556474358974 0.9477543044871795 0.39960745192307695 0.9372384647435898 0.3949748653846154 0.9324237916666667 0.39505890705128205 0.9268767051282052 0.39916918269230767
22 0.9208814006410256 0.3776011858974359 0.9209934551282052 0.3840207564102564 0.9298903942307692 0.38787891025641025 0.9716175865384614 0.3871505608974359 0.9973798974358974 0.39151701923076926 0.9960772692307693 0.31688954166666666 0.9904601474358975 0.3169875897435897 0.9616281153846153 0.3207016153846154 0.9480565705128206 0.32495196153846156 0.9292460833333334 0.3509663942307692 0.9208814006410256 0.3776011858974359
18 0.7571304519230769 0.33149535256410256 0.7491059935897436 0.3316354198717949 0.7450377371794872 0.3284956698717949 0.7345779262820512 0.32707286217948717 0.7244962948717949 0.34731609935897434 0.7180207019230769 0.3442183717948718 0.7140504935897436 0.3466957435897436 0.7229194166666667 0.3489490064102564 0.7114149871794871 0.3796520576923077 0.707458782051282 0.382931875 0.7075008012820513 0.38533921153846157 0.7106825705128205 0.38367829166666667 0.7139763942307693 0.38843694230769227 0.7100201923076923 0.39171675961538466 0.7035866185897436 0.3910263685897436 0.7068244166666666 0.3925752307692308 0.706049983974359 0.3941941314102564 0.6931968397435897 0.3936157948717949 0.6914238685897436 0.38401445512820515 0.6929026987179487 0.3767644294871795 0.697647342948718 0.37266815705128203 0.6960004294871794 0.3702888301282051 0.7008151057692308 0.37020479166666664 0.699970641025641 0.36781145833333334 0.7047292884615385 0.3645176346153846 0.7052515993589744 0.3484547115384616 0.7124035801282051 0.34431641987179484 0.7068144711538462 0.346019358974359 0.6841498878205129 0.3351773044871795 0.675322983974359 0.3353313782051282 0.6729716730769231 0.3385831826923077 0.6665100833333333 0.33628789743589743 0.646518967948718 0.3406502980769231 0.6338479134615385 0.35050375641025644 0.6354948269230769 0.35288308012820513 0.6299897596153846 0.3594006955128205 0.6269480544871795 0.3690860737179487 0.6288330801282052 0.3851069807692308 0.6385184615384615 0.3881486826923077 0.6314505192307692 0.39710164743589743 0.6315205544871795 0.4011138814102564 0.6373057564102564 0.4106451826923077 0.6429649006410256 0.4129544743589743 0.6766956442307692 0.4139710865384615 0.6838896474358974 0.4122401314102564 0.6918160544871795 0.4064829423076923 0.699150125 0.41277644871794866 0.718506875 0.418057407051282 0.7192392884615385 0.4140311730769231 0.7070345192307693 0.40461192307692306 0.7053175705128205 0.39822036538461536 0.7084573205128205 0.3941521121794872 0.7329509038461538 0.4178052852564102 0.7482113846153846 0.4183416057692308 0.7569122275641025 0.410965516025641 0.7543788333333333 0.4037855256410256 0.7486916762820512 0.39987133974358974 0.7493680608974359 0.3926353205128205 0.7606443237179488 0.3948465641025641 0.7624593173076922 0.4068552403846154 0.7673160128205128 0.40917853846153845 0.7752564326923077 0.4042237948717949 0.7766652307692308 0.3929615384615385 0.7901527371794872 0.383896516025641 0.7989796442307692 0.38374244230769233 0.8103539551282051 0.3915708076923077 0.802371516025641 0.39411821153846155 0.8032720096153846 0.39972132692307694 0.8197411314102564 0.42351457371794876 0.8847812756410257 0.42478736538461537 0.8870905673076924 0.4191282243589744 0.8974383237179487 0.4141314583333333 0.9068855897435898 0.4035315801282051 0.909941298076923 0.3946486474358974 0.9043101698717948 0.39394424679487183 0.9090548108974358 0.3898479807692308 0.9186421442307693 0.3872725608974359 0.920727326923077 0.36877428205128204 0.9196027211538461 0.35033203205128205 0.9129310352564102 0.33600005769230773 0.8975024743589745 0.3258343878205128 0.8846073108974358 0.3228487115384615 0.8821999711538462 0.32289073076923075 0.8493417083333333 0.32587234615384614 0.8261968333333334 0.33350055448717947 0.803290076923077 0.35477034615384617 0.8010788333333334 0.366046608974359 0.8027257467948719 0.3684259326923077 0.7971926634615384 0.37333865705128205 0.8004444679487179 0.37568996794871795 0.7956858173076923 0.37898379487179484 0.7892242307692308 0.37668850961538464 0.7888320416666667 0.35422002243589745 0.779823048076923 0.34394229807692306 0.7733054358974359 0.33843723076923077 0.7620291698717948 0.33622598717948715 0.7571304519230769 0.33149535256410256