10 0.023505471153846155 0.7639235128205127 0.019935701923076924 0.7631448589743589 0.011892048076923078 0.7687499070512821 0.011743782051282051 0.772995685897436 0.007767576923076924 0.7744918173076923 0.00537874358974359 0.7773513685897436 0.007528070512820513 0.7813503814102564 0.015681625 0.7819621057692308 0.02271126282051282 0.7773026378205129 0.026246820512820512 0.7790610865384615 0.027982458333333335 0.7761787275641026 0.03490945192307693 0.7744586410256411 0.04382195512820513 0.7907927083333334 0.04498008333333333 0.7950841057692307 0.044133 0.8006134647435897 0.04719369230769231 0.8066062852564102 0.04333879487179487 0.8139925897435898 0.05284436217948718 0.8133435448717948 0.0569418717948718 0.8177375865384615 0.12585411538461538 0.8201440544871794 0.12721753525641025 0.8185566826923076 0.1325001314102564 0.8171061730769231 0.13934729487179487 0.8176722788461539 0.20428852243589743 0.7839704519230769 0.21256752884615382 0.7809895961538462 0.22192897756410254 0.7751035705128205 0.24120242628205127 0.7662937115384616 0.2742313653846154 0.7475003173076923 0.28084316987179486 0.7454422307692308 0.28324340705128204 0.7422560833333334 0.2905882435897436 0.7379346153846154 0.29584802884615385 0.7371373044871795 0.30286626602564104 0.7328044326923077 0.3052665032051282 0.7296182852564103 0.3095693044871795 0.7281335608974359 0.30966054807692306 0.7255207756410257 0.3154864423076923 0.7178763012820513 0.31997898076923076 0.7203221602564103 0.32717554807692306 0.7202464743589744 0.34523384294871795 0.7087782083333334 0.35052784935897435 0.7070010993589744 0.35123807051282047 0.7053909166666666 0.3887481474358974 0.6893699807692308 0.39101152884615387 0.6901030128205128 0.39201413141025643 0.6894840320512821 0.39078757371794876 0.6871522211538461 0.3912168173076923 0.6842242435897435 0.3926030480769231 0.6819836730769231 0.3955652403846154 0.681433125 0.39726666346153844 0.6795305576923076 0.412415641025641 0.6764626121794871 0.41646027564102567 0.673006891025641 0.4223846666666667 0.6719057884615385 0.4266102884615384 0.6663855192307693 0.4337855416666667 0.6638020032051282 0.4400137179487179 0.6633655032051282 0.5735499294871794 0.5849715608974358 0.5764779102564103 0.5854008012820513 0.5851519455128206 0.5804717628205128 0.5935564102564103 0.5738983237179487 0.5964543237179487 0.5658246057692308 0.6042284006410257 0.5585751634615385 0.6049956442307692 0.5553319903846153 0.5975450608974359 0.5439539230769231 0.5803991666666667 0.5292943269230769 0.5500908493589743 0.5076351506410257 0.5363280993589743 0.5084625288461538 0.5218551282051282 0.5109000897435897 0.5106025192307693 0.5147580993589743 0.49680555769230766 0.5165652724358974 0.49167122115384615 0.5137700064102564 0.4962591506410256 0.5041203205128205 0.49636179807692304 0.5011809358974358 0.4947630192307692 0.5001441185897436 0.4350255993589744 0.5065599519230769 0.41199264102564104 0.5106605705128205 0.3785655641025641 0.5127632403846154 0.3689687564102564 0.5160250705128205 0.3545984326923077 0.51552325 0.3060223717948718 0.5206938653846154 0.2481450032051282 0.5487564294871795 0.1931956121794872 0.5772482371794871 0.18249355128205128 0.584068435897436 0.17872989423076924 0.5888419551282051 0.1767547532051282 0.5985828814102564 0.17992534615384614 0.6107924743589743 0.17483248717948718 0.6161735673076922 0.15591984935897438 0.6240150352564102 0.15021941346153847 0.6280669262820513 0.08993454487179486 0.6501594807692308 0.0744776314102564 0.6620455833333333 0.06718982371794872 0.6647340544871795 0.0654541858974359 0.6676164134615384 0.06156922115384615 0.6664997596153847 0.05353697756410257 0.6717782083333333 0.0482771858974359 0.6725755256410256 0.04027915705128205 0.6768741794871794 0.03749529487179487 0.6816819134615384 0.039834358974358976 0.6896115128205128 0.03557302884615384 0.6992726025641026 0.026754875 0.6989646634615385 0.022972554487179487 0.6949086217948718 0.015540628205128205 0.6923601185897436 0.010315057692307691 0.6921776378205128 0.008097298076923077 0.6901382115384616 0.00864784935897436 0.6931004070512821 0.006425942307692308 0.7005437371794871 0.0004289743589743589 0.7130871858974359 0.007883711538461539 0.7149824935897435 0.009660817307692308 0.7202764967948718 0.012520365384615385 0.7226653333333334 0.016200041666666668 0.7296607564102564 0.018413650641025642 0.741182939102564 0.022894785256410255 0.7439553942307692 0.023714910256410256 0.7485619871794872 0.02593266987179487 0.7506014134615385 0.02857552243589744 0.7591956121794872 0.026817073717948718 0.7627311698717949 0.023505471153846155 0.7639235128205127
18 0.39947820512820514 0.6442921602564102 0.41442603846153847 0.6376202211538462 0.42578129487179484 0.6308228301282052 0.42715611858974356 0.6289088621794872 0.427745032051282 0.6214085064102565 0.4275677403846154 0.5890296538461539 0.4191601698717949 0.5769641762820513 0.416593 0.5755665416666667 0.41390452884615386 0.568278733974359 0.40603610256410255 0.5595020544871795 0.4064083205128205 0.5582070641025642 0.4008374871794872 0.5491836185897436 0.39290063141025644 0.5423665256410256 0.3822255352564103 0.5390507756410257 0.3795215064102564 0.5415723205128204 0.37343018910256415 0.538089641025641 0.3679122307692308 0.5369159615384616 0.3577990897435897 0.5362358044871794 0.3410741474358974 0.5376137371794872 0.3361295512820513 0.5387490544871795 0.3277593044871795 0.5443426955128206 0.2991358108974359 0.5587119807692308 0.2900553397435897 0.5659158076923076 0.2845560416666667 0.5735716858974359 0.2792008685897436 0.5864645416666666 0.2727020737179487 0.613378314102564 0.27207894871794874 0.6218584647435897 0.27475601602564104 0.6294728717948718 0.30005441666666666 0.6728658653846153 0.3066848782051282 0.6796373397435898 0.3108850384615385 0.6810919967948718 0.32500859935897436 0.6792962307692308 0.3391663782051282 0.6765206634615384 0.3448097884615384 0.6741017628205128 0.3568410512820513 0.6666739871794872 0.36809366025641027 0.6628159807692308 0.3771171025641025 0.6572451442307692 0.3808123333333333 0.654431217948718 0.38427220192307693 0.6489930961538461 0.39947820512820514 0.6442921602564102
18 0.4766114038461538 0.5704685064102565 0.48459387820512817 0.5759792083333333 0.484726592948718 0.5815427852564102 0.49679932371794866 0.5822913685897435 0.4983981025641025 0.583328189102564 0.4987661730769231 0.5915159583333333 0.5016599358974358 0.5929249967948719 0.5078653044871795 0.5931416923076923 0.5196798685897436 0.5919192820512821 0.5240054807692308 0.589781358974359 0.5257183076923077 0.5875521987179487 0.5251449455128205 0.5852431987179487 0.533682125 0.5842333365384615 0.5406661442307692 0.5808802628205129 0.5414261346153847 0.5684809326923077 0.545516391025641 0.5637188173076922 0.5497963846153846 0.5628872916666666 0.5508560128205128 0.5606353141025641 0.5447875064102564 0.5564994423076923 0.5415215224358975 0.556385391025641 0.5374126057692308 0.5523179423076923 0.5353089006410257 0.5470125352564102 0.5360305256410256 0.5450757564102564 0.5348838044871795 0.5404577596153846 0.5287696762820513 0.5376282756410257 0.5251242211538462 0.5296530576923077 0.5194507403846155 0.5235689967948718 0.5046895352564102 0.5155326025641026 0.4797996346153846 0.516625407051282 0.4695154166666667 0.5208442275641025 0.4615173846153846 0.5251428814102564 0.46277815705128206 0.5264948942307692 0.47025570192307686 0.5277370064102563 0.47141383012820515 0.5320284038461539 0.4752303653846154 0.5351046474358975 0.483987342948718 0.5465283333333334 0.48636062500000005 0.5534781378205128 0.48303761858974364 0.5549970801282051 0.47124586217948716 0.5555662948717949 0.4737103846153846 0.5599033108974358 0.4716595512820513 0.5624476666666667 0.472377032051282 0.5699936410256411 0.474291 0.5713684647435898 0.4766114038461538 0.5704685064102565
22 0.4859334487179487 0.6031667019230769 0.49083242307692304 0.6033377788461538 0.4958112307692308 0.6012226666666667 0.5015572916666666 0.5958643814102563 0.5030005448717949 0.5919908205128205 0.5019678750000001 0.584106842948718 0.4924094294871795 0.5769061249999999 0.493628733974359 0.5700817756410256 0.4924363878205128 0.566770173076923 0.49110718589743585 0.5673777467948719 0.48798946794871795 0.5630179198717948 0.49002889423076923 0.5608001634615385 0.48986196474358973 0.5562163814102564 0.4784051057692308 0.5378314871794873 0.4698378621794872 0.5303383846153846 0.4591969807692307 0.5260428397435898 0.4366616955128205 0.5252558910256411 0.40596871153846154 0.5333399743589744 0.39520962820512817 0.5417931634615385 0.39576018269230767 0.544755358974359 0.4017716634615385 0.5505242243589743 0.4086260801282051 0.5602464903846154 0.4231664423076923 0.5839710096153846 0.42801564423076927 0.594931233974359 0.4273240865384616 0.6053709743589744 0.4246045032051282 0.617701875 0.42507522115384616 0.6229502564102564 0.4282043429487179 0.6269834871794873 0.43114372435897436 0.6270861346153845 0.44245336217948716 0.6215951346153846 0.4485146121794871 0.6165748525641026 0.4638688814102564 0.6076281346153847 0.4859334487179487 0.6031667019230769
16 0.6116437307692307 0.5990546891025641 0.6008618397435898 0.6081610801282051 0.5963423397435897 0.615851173076923 0.596137048076923 0.6217299423076923 0.6000064583333333 0.6326559519230769 0.6043051121794871 0.6406539839743589 0.6077722403846154 0.6443720192307693 0.6109925993589744 0.6457924615384615 0.6204297371794871 0.6471030064102564 0.6318948942307693 0.6465223878205129 0.640287951923077 0.6402755480769231 0.6468126634615385 0.6313474935897435 0.6468396185897436 0.6212115384615385 0.6404258557692308 0.6082346987179488 0.6335258205128205 0.5998188301282051 0.6273546666666666 0.5986223397435898 0.6116437307692307 0.5990546891025641
16 0.7500809807692307 0.5675924038461538 0.7419046217948718 0.5676338782051281 0.7322735993589743 0.5718755064102564 0.7238390673076923 0.569945983974359 0.7143335032051282 0.5705950288461538 0.7066278557692308 0.5758848878205128 0.7041135641025641 0.582337016025641 0.7034562211538462 0.5917969615384615 0.7061104775641025 0.6000645673076923 0.7102422051282051 0.6034788173076924 0.7219199070512821 0.6061755865384615 0.7310760673076923 0.6061683269230769 0.7371145064102564 0.6018012435897436 0.7472162467948719 0.6028079967948718 0.7547736282051282 0.6017639230769232 0.7594600544871795 0.5986576089743589 0.7656809743589743 0.5890649487179487 0.7646711153846154 0.5805277756410256 0.7609686282051282 0.5741855448717949 0.7568483076923077 0.5704446955128205 0.7500809807692307 0.5675924038461538
16 0.6161684198717949 0.5537601698717949 0.6246599775641025 0.5540567019230769 0.634427858974359 0.5458958942307692 0.6351837019230769 0.5429793205128205 0.6315040256410257 0.5359838942307693 0.6299622788461539 0.5333140833333333 0.625492548076923 0.5302150256410256 0.6150413974358975 0.5298500641025641 0.6076281346153847 0.5361311185897436 0.6076011762820512 0.5462670705128205 0.611337875 0.5516295064102564 0.6161684198717949 0.5537601698717949
16 0.6497665737179487 0.546758532051282 0.6484259647435897 0.5476927051282051 0.6474306153846154 0.557467842948718 0.6512015320512821 0.561850483974359 0.6648502307692308 0.5642890833333333 0.6698176346153846 0.5625005737179487 0.6738550128205129 0.5498886923076923 0.6717855224358974 0.5436034903846154 0.6689373782051282 0.5408880576923076 0.663780233974359 0.5387459871794872 0.6611560448717949 0.538981342948718 0.6591622371794872 0.5398927083333334 0.6594204070512821 0.5418637051282051 0.6542591153846153 0.5492043878205128 0.6522995224358974 0.5491359583333334 0.6497665737179487 0.546758532051282
17 0.26432455769230767 0.7128197211538462 0.2644043942307692 0.7105335352564103 0.26709701602564107 0.7083385865384616 0.2648906602564103 0.7059725641025641 0.262809766025641 0.7000139583333334 0.25840846474358975 0.6949553141025641 0.2551010096153846 0.6866648974358974 0.23970941666666667 0.6779525 0.23420286538461538 0.6764522179487179 0.23121785897435898 0.677655967948718 0.22948222115384617 0.6805383269230769 0.22484141666666665 0.6823382435897436 0.22496687179487176 0.6787456634615384 0.2230186891025641 0.6783506346153846 0.2174208942307692 0.6794631410256411 0.21398383653846154 0.6842480673076923 0.20612266987179487 0.6846275384615385 0.20306923397435897 0.6877908782051282 0.20289815705128206 0.6926898525641025 0.20013710256410258 0.696844391025641 0.19428114423076923 0.6959859038461539 0.19237858012820513 0.6942844807692308 0.19231014743589744 0.6962440705128206 0.1889985480769231 0.6974364134615385 0.1860322019230769 0.7074697211538461 0.18843969871794872 0.7134397307692308 0.18506692307692307 0.7257478205128205 0.1852908717948718 0.7286986121794872 0.18720484294871795 0.7300734326923077 0.18497153205128206 0.7378433621794872 0.190151483974359 0.7393322371794872 0.20485981410256413 0.7395188653846153 0.2091398044871795 0.7386873397435897 0.21120204166666667 0.7358163846153847 0.215751608974359 0.73662925 0.24865509615384612 0.7214284358974359 0.2536681185897436 0.7183335288461539 0.25539234935897437 0.7157777692307692 0.26432455769230767 0.7128197211538462
17 0.5149799423076923 0.7545994551282051 0.5122416987179488 0.7581007980769231 0.5086252692307692 0.7867502083333333 0.5123619647435897 0.7921126442307693 0.5196912467948718 0.7976005288461538 0.5372135064102564 0.8014823878205127 0.5528860737179487 0.8115125865384615 0.5672678044871794 0.8116878108974359 0.5706250288461538 0.809189076923077 0.5694710480769231 0.7954149230769231 0.5662434326923077 0.7848383205128204 0.5521623782051283 0.766688782051282 0.5464660897435898 0.7612579198717949 0.5391025961538461 0.7567498269230769 0.5274933237179488 0.7520934615384616 0.5149799423076923 0.7545994551282051
17 0.5189084455128206 0.8106530608974359 0.5239214711538462 0.8075581506410257 0.5220075000000001 0.8061833301282052 0.5138083301282051 0.8068779967948718 0.507758483974359 0.8115716794871795 0.5072722147435897 0.8161326506410257 0.513598891025641 0.8222395224358974 0.5179317596153846 0.8292577564102565 0.5175595416666666 0.8305527435897435 0.5223444647435898 0.8339898044871794 0.5661086378205129 0.8355180833333333 0.5678556794871795 0.8323091250000001 0.5662911185897436 0.8302925096153846 0.5585554038461539 0.8270794038461537 0.5507626666666666 0.8254992884615384 0.5532427403846154 0.820026951923077 0.5526693782051283 0.8177179551282051 0.5190867756410257 0.8149102435897435 0.5189084455128206 0.8106530608974359
17 0.742580625 0.5670034903846154 0.733253391025641 0.5719097211538462 0.7315405673076923 0.5741388846153845 0.7389113173076923 0.5878031378205127 0.7386604070512821 0.5949883012820513 0.7368791474358974 0.5991770512820513 0.7378019198717949 0.6008442596153847 0.7426552756410256 0.6023217275641025 0.7524532211538462 0.6026638814102564 0.7591220512820512 0.5989728012820513 0.7649479423076924 0.5913283301282052 0.7658634551282051 0.5838393782051282 0.7631635769230769 0.5768781666666667 0.7597078557692308 0.5728335320512821 0.7494391923076923 0.5672429967948718 0.742580625 0.5670034903846154
17 0.7787687596153846 0.5607462852564102 0.7817537628205128 0.5595425384615385 0.7855060128205128 0.5550956185897435 0.7845189615384616 0.5459052435897436 0.7801176634615385 0.5408466025641026 0.774656733974359 0.5380399262820513 0.7674601666666667 0.5381156153846154 0.764137157051282 0.5396345544871795 0.7609240512820512 0.5473702692307693 0.7613491442307693 0.5539250448717948 0.7667188365384615 0.5593445032051283 0.7787687596153846 0.5607462852564102
17 0.6464549711538462 0.5479508750000001 0.6458774615384615 0.5551246314102564 0.6485887467948718 0.5617592435897436 0.6521243012820513 0.5635176891025642 0.6635096217948718 0.5652232596153847 0.6664604134615385 0.5649993076923077 0.6708088365384616 0.5622081891025641 0.6736611282051282 0.5554408621794872 0.6741702083333333 0.5502266955128204 0.6736424647435897 0.5466113044871795 0.6695905737179487 0.5409108685897436 0.6628346570512821 0.5377319775641026 0.6533633044871795 0.5374012307692307 0.6479324391025642 0.5430975192307692 0.6464549711538462 0.5479508750000001
11 0.21597248076923078 0.5149332820512821 0.20872199358974358 0.5352808717948718 0.20755557051282053 0.5499549871794872 0.2091201346153846 0.5519716025641025 0.21396208012820514 0.5537756698717948 0.2348187532051282 0.5558119871794872 0.24407755769230768 0.5528653461538462 0.2530781923076923 0.5479477115384616 0.2511984358974359 0.5455930897435898 0.23617491666666665 0.5450684583333334 0.23180783012820513 0.539030016025641 0.2360048814102564 0.5218457628205128 0.2300048044871795 0.5157502948717949 0.2267844391025641 0.5143298525641026 0.2183042884615385 0.5137067211538462 0.21597248076923078 0.5149332820512821
11 0.3022348653846154 0.55424225 0.30103111858974363 0.5512572467948719 0.30337433333333336 0.5497040897435898 0.28808123717948714 0.5475350608974359 0.2697689230769231 0.5475495705128205 0.2625153301282051 0.54925825 0.2558465 0.552949326923077 0.2554400673076923 0.5552241121794872 0.2599668237179487 0.5566901762820512 0.29790925320512823 0.556380173076923 0.3022348653846154 0.55424225