17 0.7509497948717948 0.2813709679487179 0.5941267435897436 0.34386442628205127 0.5595915064102563 0.36675297435897436 0.48145625641025636 0.428907766025641 0.4007110705128205 0.5313065705128205 0.36969225 0.5629059551282051 0.36917026282051285 0.5709547532051281 0.3785813301282051 0.5874903173076923 0.4576740032051282 0.6907319230769231 0.4651167884615384 0.6968964711538462 0.47634590064102567 0.696504342948718 0.5658222980769231 0.6371657371794872 0.577461358974359 0.6255164903846154 0.6083783301282052 0.6139971025641026 0.7729853557692308 0.45245575961538465 0.8776808846153846 0.34600835897435894 0.8938243173076922 0.32536818269230766 0.8862694935897435 0.3159953141025641 0.853542108974359 0.29866785897435894 0.7509497948717948 0.2813709679487179
9 0.6176035224358974 0.6482064198717948 0.6173870801282051 0.5960152435897437 0.5620359743589743 0.6437224230769231 0.5694787628205128 0.6498869711538462 0.5743574455128205 0.6746113846153846 0.5721192596153846 0.6795078878205129 0.5803081089743589 0.6840402724358975 0.587442798076923 0.6813819487179488 0.6176035224358974 0.6482064198717948
9 1 0.6488406538461539 0.9640455737179487 0.6344966602564102 0.7622551378205128 0.5821170865384615 0.751884125 0.5840853653846154 0.7491799743589744 0.5986348301282052 0.7429161314102564 0.6952204583333333 0.7682032820512821 0.7754462115384616 0.800390858974359 0.8233086987179488 1 0.8163381955128205 1 0.6488406538461539
9 0.6501726538461539 0.5690159134615385 0.6502948782051282 0.5955125384615385 0.6585397467948718 0.6016490833333333 0.6711489391025641 0.594784298076923 0.6723889807692307 0.58430125 0.6579973814102564 0.563121266025641 0.6531568974358974 0.5624872435897436 0.6501726538461539 0.5690159134615385
9 0.6965966698717949 0.5876221634615384 0.6937244647435897 0.5973591506410256 0.6989850897435897 0.6100243653846155 0.710140358974359 0.6305143044871795 0.714980842948718 0.6311483301282051 0.7178326730769231 0.5748347211538462 0.7120500641025641 0.5702183108974358 0.6965966698717949 0.5876221634615384
9 0.7202720320512821 0.7136784743589744 0.7223599807692308 0.6814832628205129 0.7196736506410257 0.6735464967948719 0.7146651121794871 0.6680999967948719 0.6513186666666666 0.6478264935897436 0.6456761025641026 0.6472204807692308 0.6441839775641025 0.6504848173076924 0.6463305 0.6889566153846154 0.6590339134615385 0.7077863814102564 0.7143595641025642 0.7283399743589744 0.7202720320512821 0.7136784743589744
17 0.1150501185897436 0.5454097852564103 0.2646539487179487 0.5401855032051283 0.26142896794871795 0.4478340929487179 0.11182513461538462 0.45305837499999996 0.1150501185897436 0.5454097852564103
16 0 0.3913455737179487 0.02480083012820513 0.3904795064102564 0.023602035256410255 0.3561505128205128 0 0.3569747147435897 0 0.3913455737179487
13 0.39957540064102565 0.33780938782051284 0.3953231121794872 0.35401903205128205 0.3958832980769231 0.3700606185897436 0.401609891025641 0.3730728717948718 0.5513186282051282 0.35981435256410255 0.573608794871795 0.3542176153846154 0.5724425961538462 0.34381859615384613 0.5524364423076923 0.32283467628205126 0.5444156506410257 0.3231147692307692 0.5366469391025641 0.3306135769230769 0.5467760544871795 0.344714891025641 0.5445098653846154 0.3488093141025641 0.41806142628205134 0.3612555673076923 0.41744522435897435 0.34360982371794874 0.4059080128205128 0.33517908012820513 0.39957540064102565 0.33780938782051284
16 0.42456701282051285 0.35667983012820514 0.5202229935897436 0.3533394487179487 0.5190048717948718 0.31845701923076924 0.42334889102564105 0.32179740064102563 0.42456701282051285 0.35667983012820514
17 0.831450560897436 0.4595448685897435 0.9920027756410256 0.4539382628205128 0.9892718782051282 0.37573552884615385 0.8287196602564103 0.3813421378205128 0.831450560897436 0.4595448685897435
17 0.8833368878205129 0.30652527564102566 0.9130138205128205 0.3054889358974359 0.9121276089743591 0.28011114743589743 0.8824506730769232 0.2811474903846154 0.8833368878205129 0.30652527564102566
17 0.9060894198717949 0.2960017019230769 0.9268953557692308 0.295275141025641 0.9261052147435896 0.2726484871794872 0.9052992788461538 0.27337504487179487 0.9060894198717949 0.2960017019230769
17 0.9868119519230769 0.2859753685897436 0.9928195256410256 0.2857655769230769 0.9919226698717949 0.26008299999999995 0.9859150961538461 0.26029278846153847 0.9868119519230769 0.2859753685897436
16 0.8761519583333334 0.2898075769230769 0.9043049423076923 0.28882445192307693 0.9035626987179487 0.2675693525641026 0.8754097147435898 0.26855247435897434 0.8761519583333334 0.2898075769230769
16 0.9076695256410255 0.2887029455128205 0.9363117788461539 0.28770273397435897 0.9355569294871794 0.2660866987179487 0.9069146794871795 0.267086907051282 0.9076695256410255 0.2887029455128205
16 0.9517135096153846 0.28940141025641025 0.984101471153846 0.28827039743589744 0.9831278717948718 0.2603901185897436 0.9507399070512821 0.2615211314102564 0.9517135096153846 0.28940141025641025
8 0.8835144006410257 0.21410323397435896 0.8823201923076923 0.2029021314102564 0.8853324455128205 0.19717553846153846 0.8894064903846154 0.15286511217948717 0.8509066826923077 0.1542095544871795 0.8493865544871795 0.1566718108974359 0.8444085769230768 0.22109024038461536 0.8393822147435898 0.23812997115384613 0.8366042275641025 0.27356150320512823 0.8381065352564102 0.2935854775641026 0.8413988814102564 0.29587967948717947 0.8606487852564103 0.29520745833333334 0.8725679358974359 0.2915790032051282 0.873033907051282 0.28192603846153846 0.8775382788461539 0.2729351121794872 0.8776401314102563 0.2528551217948718 0.8835144006410257 0.21410323397435896