17 0.3012201346153846 0.5178880064102565 0.3018200737179487 0.4835176378205128 0.2612010608974359 0.4828086314102564 0.260601125 0.5171789967948718 0.3012201346153846 0.5178880064102565
16 0.8627073141025642 0.5808212916666666 0.8658865705128205 0.5777519102564103 0.8690104903846154 0.5778064391025641 0.8693377307692307 0.5590588942307693 0.872517 0.5559887115384615 0.8729533076923076 0.5309925192307693 0.8292103717948718 0.530228983974359 0.828392282051282 0.5770974455128205 0.8502637467948718 0.5774792147435898 0.8533339455128205 0.5806576762820513 0.8627073141025642 0.5808212916666666
16 0.7708800480769231 0.46982698076923074 0.7271371121794872 0.4690634455128205 0.726537189102564 0.5034330064102565 0.7671562019230769 0.504142016025641 0.7703346506410257 0.5010726217948718 0.7708800480769231 0.46982698076923074
17 0.4044387147435897 0.5134383397435897 0.4049840961538461 0.48219349999999994 0.37373845512820514 0.48164810576923084 0.37319307371794874 0.5128929455128206 0.4044387147435897 0.5134383397435897
16 0.9649281634615385 0.45446164743589745 0.9654735576923077 0.4232160064102564 0.9342279166666666 0.4226706121794872 0.9336825224358974 0.4539162532051282 0.9649281634615385 0.45446164743589745
16 0.9912645224358975 0.7362137916666667 0.9926279935897435 0.6581004903846154 0.927013592948718 0.656955185897436 0.9256501185897437 0.7350684871794871 0.9912645224358975 0.7362137916666667
16 0.6383415064102564 0.5425249358974359 0.639050516025641 0.501905923076923 0.5953067788461538 0.5011423717948719 0.5945977692307692 0.5417613878205128 0.6383415064102564 0.5425249358974359
17 0.6892770673076922 0.6684330608974359 0.6904223846153846 0.6028178525641026 0.6310558237179488 0.6017816057692308 0.6299105064102565 0.667396814102564 0.6892770673076922 0.6684330608974359
16 0.9165879615384614 0.5380055160256411 0.9176241955128205 0.47863976282051285 0.8426356185897436 0.47733083012820515 0.8415993846153845 0.5366965865384615 0.9165879615384614 0.5380055160256411
16 0.9953003846153846 0.5049994134615385 0.9959548493589744 0.467505125 0.9615852852564103 0.4669052019230769 0.9609308205128204 0.5043994903846153 0.9953003846153846 0.5049994134615385
16 0.6922221538461538 0.49970916346153843 0.6928766185897436 0.46221487499999997 0.6553823301282051 0.4615604102564102 0.6547278653846154 0.49905469871794866 0.6922221538461538 0.49970916346153843
16 0.4936858365384615 0.5931332532051282 0.4374448044871795 0.5921515608974358 0.4362994871794872 0.6577667692307693 0.48941659935897436 0.6586939326923077 0.49259506089743593 0.655623733974359 0.4936858365384615 0.5931332532051282
17 0.7781111858974359 0.413695032051282 0.7499902724358974 0.41320417948717947 0.7495539615384615 0.43820037179487176 0.7745501538461539 0.4386366826923077 0.7777294198717949 0.4355665 0.7781111858974359 0.413695032051282
17 0.5383021955128205 0.5439044198717949 0.5383567371794872 0.5407796955128205 0.4727415352564103 0.5396343782051282 0.4713780608974359 0.6177476762820513 0.536993266025641 0.6188929967948719 0.5373750320512821 0.5970215288461538 0.5343048525641025 0.5938422596153846 0.5351229294871795 0.5469746025641026 0.5383021955128205 0.5439044198717949
16 0.7948717948717948 0.5352564102564102 0.8076923076923077 0.5448717948717948 0.8076923076923077 0.5608974358974359 0.8044871794871795 0.5641025641025641 0.8044871794871795 0.5673076923076923 0.7948717948717948 0.5737179487179487 0.7852564102564102 0.5737179487179487 0.782051282051282 0.5705128205128205 0.7788461538461539 0.5705128205128205 0.7692307692307693 0.5576923076923077 0.7692307692307693 0.5512820512820513 0.7724358974358975 0.5480769230769231 0.7724358974358975 0.5448717948717948 0.782051282051282 0.5352564102564102 0.7916666666666666 0.5352564102564102
16 0.6914472115384616 0.6146481346153846 0.6919374487179487 0.5865625256410256 0.6848555032051282 0.5784120064102565 0.6665393108974359 0.570065391025641 0.6625270833333333 0.5699953589743589 0.6390600544871795 0.5808234070512821 0.637739358974359 0.6104998974358974 0.6643041185897436 0.6061474487179488 0.6881393814102564 0.6202092307692307 0.6914472115384616 0.6146481346153846
16 0.7342127243589743 0.41793275641025635 0.7245973814102564 0.4169622275641026 0.7132790961538462 0.42158080769230766 0.706705455128205 0.4302956602564103 0.7067754903846153 0.4262834326923077 0.699707548076923 0.41733046474358976 0.6909226634615384 0.41476905448717954 0.6893177692307693 0.4147410384615385 0.6836726346153846 0.4162478814102564 0.6763245608974359 0.4233438365384616 0.6760864455128205 0.43698541987179484 0.6816195288461538 0.441898141025641 0.6993013525641025 0.44060139743589743 0.7042981185897437 0.430253641025641 0.7090847788461538 0.43194257371794875 0.7082263044871795 0.43513834935897433 0.7137173653846154 0.44245841025641025 0.725698032051282 0.44587829487179487 0.7353553942307692 0.44444148717948717 0.7410845705128205 0.4381199647435898 0.7420971185897436 0.42609728205128206 0.7342127243589743 0.41793275641025635
16 0.4537248685897436 0.4379202243589744 0.457723092948718 0.4387927051282051 0.4665780128205128 0.4373418878205128 0.47229317948717947 0.43182281089743585 0.4732777147435897 0.42140501923076923 0.46460488141025647 0.41242404166666663 0.46059265384615383 0.4123540064102564 0.4509212788461539 0.414593266025641 0.4459525288461539 0.4233361282051282 0.44664292307692305 0.4297697019230769 0.4537248685897436 0.4379202243589744
16 0.6232930929487179 0.42643162179487176 0.627445391025641 0.4184771923076923 0.6252481538461538 0.406398483974359 0.6197010673076923 0.40228820833333334 0.6156888333333334 0.40221817628205125 0.6076643782051282 0.40207810897435897 0.602695625 0.41082097115384614 0.6033439967948718 0.4196618846153846 0.610439951923077 0.4270099583333333 0.6232930929487179 0.42643162179487176
16 0.46722232371794875 0.4004293717948718 0.4687431730769231 0.4052720608974359 0.4823707467948718 0.40631262179487176 0.4840596826923077 0.4015259583333333 0.47708978846153843 0.3869558717948718 0.4746964551282051 0.38611140705128205 0.47148667307692305 0.38605537820512825 0.46579951602564107 0.3899695608974359 0.4648429967948718 0.3987824583333333 0.47126256410256406 0.39889451282051286 0.46722232371794875 0.4004293717948718
16 0.5788043333333334 0.39996897115384616 0.5707378525641026 0.4022362435897436 0.5665855544871795 0.41019066987179487 0.5680783942307692 0.41663825 0.5744559423076924 0.41915764102564107 0.5832968557692307 0.4185092724358975 0.5836190096153846 0.4000530128205128 0.5788043333333334 0.39996897115384616
16 0.9871236955128205 0.7361993076923077 0.9831394775641025 0.7345243814102564 0.9798876730769231 0.7368756923076923 0.9822529903846154 0.7393250512820513 0.9950921282051283 0.7395491570512821 0.9961986602564102 0.6761559230769231 0.9843440576923077 0.6655140288461538 0.9571169230769231 0.6618280128205128 0.9547095833333333 0.6617859903846154 0.9426448814102565 0.6631807820512821 0.936971733974359 0.6662925192307692 0.9295676314102564 0.6765982564102564 0.9260637051282051 0.6933935961538461 0.9289373269230768 0.712708326923077 0.9399054423076922 0.7281508942307692 0.94943675 0.7339360961538463 0.9686394230769232 0.7374820416666666 0.9726656602564102 0.7367496314102564 0.9671185737179487 0.7326393525641026 0.9695679326923078 0.7302740384615384 0.9800137339743589 0.7296536762820514 0.9879821666666666 0.7330035288461538 0.9871236955128205 0.7361993076923077
7 0.5708359006410256 0.3966191217948718 0.5723987724358974 0.3990544711538461 0.5958657980769231 0.38822642307692307 0.5957496858974358 0.3488925641025641 0.5975926923076923 0.3352789967948718 0.6017029679487179 0.3297319070512821 0.6811591282051283 0.3303161314102564 0.6850873141025641 0.3352008397435897 0.6923093301282051 0.33532690064102566 0.6979824807692308 0.33221516025641024 0.734838967948718 0.33606925961538464 0.7405121153846154 0.3329575192307692 0.7517183461538461 0.3347585064102564 0.7678092884615385 0.3326313044871795 0.7742148493589743 0.33354580128205125 0.7757637147435897 0.33678360256410256 0.8143511538461539 0.33344369551282055 0.8344123012820512 0.3337938621794872 0.8511936346153846 0.3381002371794872 0.8584156506410258 0.3382262980769231 0.8584716762820513 0.3350165096153846 0.8656516698717949 0.3375499102564103 0.8697199262820513 0.3344101602564103 0.8817426089743591 0.3354227083333333 0.8856988141025641 0.33870252564102565 0.8985659615384615 0.3373217403846154 0.9040570224358974 0.3446418044871795 0.8911699839743589 0.4391343333333334 0.9119075160256411 0.4467205256410256 0.9159337564102563 0.445988108974359 0.9176086794871795 0.44200389423076925 0.9256751602564103 0.439736625 0.925997314102564 0.42128036858974355 0.9169842628205128 0.38580466346153847 0.9250466794871794 0.33778396474358974 0.9220610032051283 0.3248888012820513 0.9317323782051281 0.32264954487179487 0.9214126314102565 0.31604788782051285 0.9077990641025642 0.31420488461538465 0.9054477532051283 0.3109530801282051 0.9111769262820513 0.3046315576923077 0.8928887532051283 0.29468005128205127 0.8061825641025642 0.29557466025641027 0.7949763333333333 0.2937736730769231 0.7846425833333333 0.28797446474358973 0.7790254615384615 0.2878764166666667 0.773352310897436 0.29098815384615384 0.716364641025641 0.2907961217948718 0.7011041634615385 0.29133243910256407 0.6962474647435898 0.2936557371794872 0.6850692467948718 0.290249858974359 0.66885225 0.29959907371794875 0.6406966057692308 0.30312106730769234 0.6198750288461538 0.3003495544871795 0.6158487948717949 0.30108196794871794 0.6125409647435898 0.30664306089743587 0.5900444615384616 0.30785576282051286 0.58241625 0.3310006378205128 0.5825323653846154 0.3703345 0.5708359006410256 0.3966191217948718
5 0.6863641698717949 0.4459944134615385 0.6768468717948718 0.43940676282051283 0.6760584326923077 0.43859031089743594 0.6162152083333333 0.46403452884615387 0.5886939294871795 0.47719987820512816 0.5821623076923077 0.48350739423076927 0.5668458012820512 0.4872534967948718 0.553824576923077 0.4974611858974359 0.5545709935897436 0.5006849775641026 0.5609765576923077 0.5015994775641025 0.5811217467948718 0.497134967948718 0.585218016025641 0.4923903269230769 0.6183984391025641 0.4769156826923077 0.6274354455128205 0.4650330705128205 0.6339110384615385 0.46193533974358975 0.6515648493589743 0.46224348717948716 0.6863641698717949 0.4459944134615385
5 0.7560608557692308 0.4078791378205128 0.7592986506410256 0.4063302724358975 0.7625084358974359 0.4063863012820513 0.7778249455128206 0.4026401987179487 0.781893201923077 0.3995004487179487 0.7803303301282052 0.3970650993589743 0.7751144294871795 0.3969740544871795 0.769898532051282 0.39688300961538464 0.7577918076923077 0.4006851378205128 0.7521046538461539 0.4045993237179487 0.7391674679487179 0.4099923365384615 0.736718108974359 0.4123576538461538 0.7310589679487179 0.41466694230769224 0.7286516282051282 0.4146249230769231 0.7253998269230769 0.416976233974359 0.7269907115384615 0.41780669551282057 0.7326078333333333 0.4179047435897436 0.7373804903846154 0.4203961185897436 0.7413927211538461 0.42046615064102566 0.7486847692307693 0.416579983974359 0.7560608557692308 0.4078791378205128
5 0.7140115064102565 0.4256070448717949 0.7140395224358974 0.4240021538461538 0.7132510833333333 0.42318569871794876 0.7100413012820512 0.42312967307692306 0.7092248493589743 0.4239181153846154 0.7076199551282051 0.42389009935897437 0.7051705961538461 0.4262554198717949 0.7051425833333334 0.42786030769230765 0.7043261314102564 0.42864874679487175 0.7042701025641025 0.431858532051282 0.7034536506410257 0.4326469711538461 0.7034116314102564 0.43505431089743585 0.7042000705128205 0.43587076282051285 0.708212298076923 0.4359407948717949 0.709845205128205 0.4343639166666667 0.7106756634615384 0.43277303205128204 0.7107316923076923 0.42956324999999995 0.7140115064102565 0.4256070448717949
5 0 0.7510766185897436 0.00517198717948718 0.7511668942307692 0.0018641538461538463 0.7567279903846154 0.006580785256410257 0.7624291506410257 0.01864548717948718 0.761034358974359 0.02101080448717949 0.7634837179487179 0.02517711217948718 0.7547268461538461 0.033313621794871795 0.7484473461538461 0.0737160576923077 0.7330987628205128 0.14735493910256411 0.6990657564102565 0.37560565384615385 0.5906732211538461 0.38609347435897434 0.5876455256410257 0.46950177564102563 0.5457561346153846 0.4791451346153846 0.5451217692307692 0.48407186538461533 0.5387862435897436 0.48429597435897437 0.5259471057692308 0.4802837435897436 0.5258770737179487 0.4374459551282051 0.5427885288461538 0.3912863333333333 0.5660635224358974 0.15990987820512823 0.6695853557692307 0.06122708974358974 0.7128135064102564 0.05317461538461538 0.7142783333333333 0.04254672435897436 0.7253304871794872 0.039322932692307695 0.7260769070512821 0.03937896153846154 0.7228671217948718 0.03214294230769231 0.7235435064102564 0 0.7378658269230769 0 0.7510766185897436
10 0.5117332083333334 0.5175964294871794 0.5254028044871796 0.5162296538461538 0.5318083653846154 0.5171441538461539 0.5405372243589743 0.5229153493589743 0.5605563557692308 0.5256728557692307 0.559879967948718 0.5184368365384616 0.5442232403846153 0.4956882115384615 0.5397167115384616 0.47795036217948716 0.5407432628205128 0.46512523076923074 0.5636879807692308 0.4382342596153846 0.5624892852564103 0.41493531089743585 0.5221808365384616 0.3789133429487179 0.5189430384615384 0.38046220833333333 0.5212803461538461 0.3845164583333333 0.5147907435897435 0.38841663141025645 0.5036545480769231 0.38260341666666664 0.49644653846153847 0.38167491025641026 0.49489767307692306 0.37843711217948717 0.49332079487179487 0.37680420833333333 0.47790624038461543 0.3861674326923077 0.4793710641025641 0.39421990705128207 0.484890141025641 0.3999350769230769 0.49419733653846154 0.4185594134615385 0.49494781730769233 0.4675366314102564 0.4993843108974359 0.48928671153846154 0.492036233974359 0.49638266666666664 0.4872495737179487 0.494693733974359 0.4815203974358974 0.5010152532051282 0.4830272435897436 0.5066603878205128 0.4901231955128206 0.5140084647435897 0.4898990897435897 0.5268476025641026 0.5035826891025641 0.5246783782051282 0.5117332083333334 0.5175964294871794
17 0.7057588782051282 0.3925526858974359 0.6986069006410256 0.38841439423076923 0.6857257435897436 0.390597625 0.6832623782051283 0.3937653878205128 0.684629157051282 0.40743498397435896 0.6894018108974359 0.4099263621794872 0.7022549551282051 0.4093480256410256 0.7072377115384615 0.39980271153846153 0.7057588782051282 0.3925526858974359
17 0.41710243269230773 0.3746711217948718 0.40988041987179485 0.3745450608974359 0.40416525000000003 0.38006413461538463 0.40401117628205124 0.38889104166666666 0.40876982371794873 0.3921848653846154 0.4192156314102564 0.3915645064102564 0.4233399134615385 0.38521497435897434 0.4218750897435897 0.3771625 0.41710243269230773 0.3746711217948718
17 0.6170935737179487 0.3677270032051282 0.6082526602564103 0.368375375 0.604128375 0.37472491025641025 0.6032699038461539 0.3779206858974359 0.6079585192307692 0.38522674038461535 0.6224445673076924 0.38307152564102565 0.6241054839743589 0.3798897564102564 0.6218382115384615 0.37182327564102563 0.6170935737179487 0.3677270032051282
17 0.5585430288461538 0.3650996185897436 0.5505185673076923 0.36495955128205126 0.545633858974359 0.36888774038461536 0.5446913461538462 0.3768981923076923 0.5494219807692308 0.38179691025641027 0.5574464423076924 0.38193697756410255 0.5639360416666667 0.37803680128205125 0.5640480961538461 0.371617233974359 0.5585430288461538 0.3650996185897436
17 0.49995046474358973 0.36487957051282055 0.49904997115384614 0.3704826858974359 0.5029641538461538 0.37616984294871797 0.5117770512820513 0.3771263621794872 0.517450201923077 0.37401462500000004 0.5136340673076923 0.36271034935897434 0.5056376185897437 0.360965391025641 0.49995046474358973 0.36487957051282055
17 0.468767125 0.3579137403846154 0.4631500032051282 0.3578156955128205 0.45908174679487185 0.3609554455128205 0.45815323717948725 0.3681634519230769 0.462883875 0.3730621666666667 0.470105891025641 0.3731882275641025 0.47579304487179486 0.3692740480769231 0.4727373333333333 0.3603911153846154 0.468767125 0.3579137403846154
11 0.2692043141025641 0.43229133333333336 0.26928835256410255 0.42747666025641023 0.2629528269230769 0.42254992948717945 0.23098104487179486 0.4147676442307692 0.22781328205128204 0.41230428205128206 0.23109309935897435 0.40834807692307695 0.22871377564102566 0.40670116666666667 0.20773812820512821 0.4127565576923077 0.20199494551282052 0.41988052243589746 0.23555760897435896 0.42849326602564103 0.2330802371794872 0.4324634775641026 0.16056595833333334 0.44805423717948717 0.13968835256410256 0.44849250641025645 0.09503151282051282 0.4316592083333333 0.07975702884615385 0.43299797435897436 0.07806809294871794 0.43778463782051286 0.07332345512820512 0.43368836538461536 0.06124474038461539 0.4358856025641026 0.060386269230769236 0.4390813782051282 0.06277960256410256 0.439925842948718 0.08369922115384615 0.4370802371794872 0.0892463108974359 0.441190516025641 0.12675117307692307 0.4538855224358974 0.1475587403846154 0.4574594807692308 0.14529146794871797 0.449393 0.15493483012820514 0.4487586346153846 0.15479476282051283 0.4567830961538461 0.15962344230769232 0.45606469230769225 0.1620728012820513 0.4536993717948718 0.17170215384615384 0.45386745512820514 0.2587024807692308 0.4361214775641025 0.2692043141025641 0.43229133333333336