14 0.11602713141025642 0.879412641025641 0.7612209294871796 0.879412641025641 0.7612209294871796 0.02921884294871795 0.11602713141025642 0.02921884294871795 0.11602713141025642 0.879412641025641
16 0.7151162788461538 0.17166070512820514 0.6841085256410256 0.1348389967948718 0.6705426346153847 0.12902504487179486 0.6182170544871796 0.14065295192307692 0.5930232564102564 0.16197078205128204 0.5910852724358975 0.18522659615384615 0.6220930224358974 0.2375521762820513 0.6298449615384616 0.2375521762820513 0.6375969006410256 0.2181723301282051 0.6821705416666667 0.1832886121794872 0.7151162788461538 0.17166070512820514
16 0.6395348846153847 0.26274597435897434 0.6414728685897436 0.27049791346153845 0.6782945737179487 0.2588700064102564 0.6782945737179487 0.23367620833333333 0.6550387596153846 0.24142814423076922 0.6395348846153847 0.26274597435897434
16 0.5310077532051282 0.2530560512820513 0.5639534871794871 0.2743738814102564 0.5775193814102564 0.27049791346153845 0.5813953493589744 0.2608079903846154 0.5736434102564102 0.2530560512820513 0.5891472852564102 0.23367620833333333 0.5891472852564102 0.21623434615384612 0.5639534871794871 0.16972271794871796 0.5310077532051282 0.15421884294871793 0.503875967948718 0.15615682692307692 0.47674418589743595 0.16778473397435897 0.46124031089743595 0.18716458012820514 0.47480620192307693 0.22592426923076922 0.4515503878205128 0.2298002371794872 0.4496124038461538 0.24724209935897434 0.47480620192307693 0.29375372756410256 0.5174418589743589 0.2530560512820513 0.5310077532051282 0.2530560512820513
16 0.38953488461538466 0.17166070512820514 0.3972868205128205 0.18522659615384615 0.4515503878205128 0.12902504487179486 0.42635658974358975 0.12127310576923077 0.39534883653846153 0.1445289198717949 0.38953488461538466 0.17166070512820514
16 0.4244186057692308 0.35189326282051286 0.4534883717948718 0.31894752564102563 0.4186046506410256 0.31700954166666667 0.38953488461538466 0.32863744871794875 0.38953488461538466 0.43716458012820514 0.40697674358974356 0.46042039423076925 0.44767441987179485 0.42747465705128207 0.44767441987179485 0.417784733974359 0.4186046506410256 0.39646690384615385 0.4244186057692308 0.35189326282051286
17 0.8372093012820512 0.15615682692307692 0.8003875961538461 0.11739713782051282 0.7596899230769231 0.11545915384615386 0.7441860480769231 0.12902504487179486 0.7364341089743589 0.12514907692307692 0.7151162788461538 0.13677698397435897 0.7112403108974359 0.1580948108974359 0.726744185897436 0.17747465705128204 0.7635658910256411 0.17553667307692308 0.7984496121794872 0.19297853205128204 0.8391472852564104 0.1832886121794872 0.8372093012820512 0.15615682692307692
17 0.7868217051282052 0.23367620833333333 0.8197674423076923 0.2181723301282051 0.8081395352564102 0.20654442307692308 0.7945736442307693 0.20654442307692308 0.7848837211538462 0.2181723301282051 0.7868217051282052 0.23367620833333333
17 0.9534883717948719 0.1425909358974359 0.9418604647435896 0.11545915384615386 0.9031007756410256 0.0883273717948718 0.8546511634615385 0.09220333974358974 0.8294573653846155 0.12321108974358974 0.8275193814102563 0.13871496794871793 0.8488372083333332 0.21042039423076922 0.8837209294871795 0.20654442307692308 0.9282945737179487 0.1891025641025641 0.9496124038461539 0.16972271794871796 0.9534883717948719 0.1425909358974359
17 0.9573643397435898 0.06700954166666667 0.9360465128205129 0.0883273717948718 0.9341085256410258 0.09801729166666667 0.9554263557692309 0.1425909358974359 0.9534883717948719 0.1735986891025641 0.998062016025641 0.16972271794871796 0.998062016025641 0.0573196185897436 0.9573643397435898 0.06700954166666667
7 0.998062016025641 0.059257602564102556 0.998062016025641 0.03793977243589743 0.9166666666666666 0.0573196185897436 0.8217054262820513 0.09607930769230769 0.8236434102564102 0.11545915384615386 0.9127906987179488 0.09414132371794871 0.9302325576923076 0.09995527884615384 0.9379844967948718 0.08251341666666666 0.9689922467948718 0.06313357051282051 0.998062016025641 0.059257602564102556
7 0.8275193814102563 0.5108079903846154 0.8275193814102563 0.5379397724358974 0.8197674423076923 0.5398777564102564 0.8178294583333333 0.5592576025641025 0.8003875961538461 0.5883273717948718 0.8100775192307693 0.6290250448717948 0.8236434102564102 0.6445289198717948 0.8527131794871795 0.5980172916666666 0.8488372083333332 0.2588700064102564 0.8643410865384615 0.24336613141025643 0.998062016025641 0.2084824102564103 0.998062016025641 0.16584675 0.9651162788461539 0.17747465705128204 0.9476744198717949 0.16778473397435897 0.9244186057692309 0.18522659615384615 0.8934108525641026 0.18135062500000002 0.8488372083333332 0.2142963621794872 0.7945736442307693 0.23367620833333333 0.779069766025641 0.24918008333333333 0.773255814102564 0.2685599294871795 0.779069766025641 0.36545915384615385 0.7751937980769231 0.42166070512820514 0.7655038750000001 0.44685450320512826 0.8197674423076923 0.4458855096153846 0.8178294583333333 0.5088700064102564 0.8275193814102563 0.5108079903846154