17 0.5855256442307692 0.3688260448717949 0.5775469551282051 0.35964761538461537 0.5651204775641026 0.36124167307692306 0.559481342948718 0.33621732692307693 0.552471076923077 0.3308011153846154 0.5294434967948718 0.3254963653846154 0.5212934166666666 0.3187689519230769 0.5051904134615385 0.3201059230769231 0.4990886346153846 0.33692025961538463 0.507778657051282 0.3535374391025641 0.501788342948718 0.3863690865384615 0.48226590064102565 0.3837724423076923 0.47702108012820515 0.3883316955128205 0.4747672211538462 0.40295209935897436 0.47872660256410254 0.41677548076923077 0.47051658974358973 0.42851639102564104 0.45136269871794876 0.43826053205128207 0.4487660544871795 0.4577829743589743 0.46646311538461543 0.4688724807692308 0.48578840064102563 0.45667732692307694 0.47883806410256413 0.4327927916666667 0.4913502371794872 0.4299732211538462 0.5327005128205128 0.455031733974359 0.533985951923077 0.43664910576923077 0.5587532147435897 0.43468649679487176 0.5470722339743589 0.40800816025641023 0.5565676826923076 0.3778846185897436 0.5655747243589744 0.3723569487179487 0.5896564166666667 0.38019841025641027 0.5943612916666666 0.365749391025641 0.5855256442307692 0.3688260448717949
17 0.3088861057692308 0.2743599583333333 0.3098545256410256 0.2781221794871795 0.32350650961538463 0.2766138173076923 0.33174228846153847 0.28211572435897436 0.34380021474358974 0.26818088461538464 0.32855416987179487 0.257262766025641 0.32850264102564103 0.22277713141025643 0.3243718685897436 0.21140477243589742 0.31824432371794875 0.21097629166666665 0.3190671217948718 0.23443234615384617 0.3088861057692308 0.2743599583333333
17 0.5920559006410256 0.34588416666666666 0.5950810256410256 0.3202341794871795 0.5906931634615384 0.3125383461538462 0.5800063717948718 0.30686504807692305 0.564957483974359 0.31073873076923075 0.5602526057692307 0.32518774679487183 0.565351798076923 0.3403223301282051 0.5829502820512821 0.34401593910256406 0.5900333653846154 0.33958523076923075 0.5920559006410256 0.34588416666666666
17 0.6169435929487179 0.4830896057692308 0.6160009391025641 0.4965701987179487 0.6273990673076923 0.5096822435897436 0.6359776282051282 0.5102821153846154 0.6512836025641026 0.5027319102564102 0.648892516025641 0.48409218910256413 0.638462810897436 0.4747423653846154 0.6169435929487179 0.4830896057692308
17 0.49051847115384617 0.2833664294871795 0.48176852243589746 0.2852175769230769 0.4775778205128205 0.29231353846153846 0.4828484006410256 0.3049971057692308 0.4689393269230769 0.3101819935897436 0.47979751602564097 0.31340427243589747 0.4819057467948718 0.31847769871794873 0.4865249294871795 0.3052541923076923 0.4941350705128205 0.30209184294871794 0.4999198301282051 0.30742235576923077 0.4983515352564103 0.3122386955128205 0.5043933814102564 0.3138926826923077 0.5075299679487179 0.3042600064102564 0.511120798076923 0.30574259935897435 0.5069043333333334 0.2955957467948718 0.4996369743589744 0.2938560641025641 0.49051847115384617 0.2833664294871795
17 0.6200969743589744 0.3675490064102564 0.6280499006410256 0.3594846217948718 0.6284783782051282 0.35335708012820516 0.6216395 0.34548984935897437 0.6078161217948718 0.3494492307692308 0.6045081474358974 0.36153292628205125 0.6200969743589744 0.3675490064102564
17 0.19774176282051284 0.22594845192307694 0.20877133974358975 0.22671971474358976 0.2119936217948718 0.21586153205128206 0.20874557371794872 0.20947690064102562 0.19412516666666665 0.20722304166666666 0.19090288782051282 0.21808122435897437 0.19774176282051284 0.22594845192307694
17 0.2710151955128205 0.23476673397435896 0.28449578846153845 0.23570938782051284 0.28666395512820514 0.2223144903846154 0.2821047019230769 0.2170696730769231 0.2697639198717949 0.21743822115384617 0.2675957564102564 0.23083311858974356 0.2710151955128205 0.23476673397435896
16 0.5247985512820512 0.3214770576923077 0.5014024230769231 0.3038315256410256 0.49824007371794876 0.2962213878205128 0.4780320641025641 0.3034288108974359 0.47093610256410257 0.299238108974359 0.4596494326923076 0.3021433717948718 0.45853538782051284 0.31807498397435896 0.46204052243589744 0.3207830897435897 0.4794547307692308 0.31830630769230767 0.4877762019230769 0.32258270512820514 0.4828484006410256 0.3049971057692308 0.49308095192307694 0.2995551282051282 0.4991227980769231 0.30120911538461537 0.5044790769230769 0.3126671762820513 0.4975802724358975 0.32326827243589745 0.5138546666666667 0.31948028525641026 0.5184996153846154 0.32349959615384616 0.520067907051282 0.3186832564102564 0.522176141025641 0.3237566826923077 0.5247985512820512 0.3214770576923077
16 0.9248974487179487 0.44674328525641027 0.9257544070512821 0.43448819551282053 0.9199696474358975 0.4291576826923077 0.9101056474358975 0.44694044230769225 0.891808717948718 0.4444294935897436 0.890866060897436 0.45791008974358977 0.8994446185897436 0.4585099615384615 0.9012700032051282 0.45001709615384616 0.9248117532051282 0.4479687948717949 0.9264612307692308 0.44924319551282055 0.9248974487179487 0.44674328525641027
16 0.9105856602564103 0.47529853205128203 0.9305365833333332 0.4717676346153847 0.9373754615384615 0.479634858974359 0.9495448525641026 0.4817173301282051 0.9624855032051283 0.472770217948718 0.9607200544871796 0.4627947564102564 0.954935294871795 0.45746424358974364 0.9464424294871794 0.4556388621794872 0.9337588621794871 0.4609094455128205 0.9289873333333333 0.4532815128205128 0.9292853108974359 0.4544391185897436 0.9080231826923076 0.4591098301282051 0.9071662211538462 0.47136491987179485 0.9105856602564103 0.47529853205128203
16 0.6682345961538462 0.36598911538461537 0.6732223269230769 0.36510638782051286 0.678724233974359 0.3568706121794872 0.666529076923077 0.3375453269230769 0.6591760256410257 0.3370311506410256 0.6536741185897436 0.3452669262820513 0.6395079551282051 0.354128342948718 0.6374254871794872 0.3662977307692308 0.6432959455128205 0.3704027403846154 0.6691173205128205 0.37097684294871797 0.6682345961538462 0.36598911538461537
16 0.28670708653846155 0.3097540833333334 0.27462339423076926 0.306446108974359 0.2656163525641026 0.31197378205128207 0.26387666987179487 0.3192411346153846 0.27028706410256415 0.3332359070512821 0.286132983974359 0.3355754615384616 0.2927747019230769 0.3286508878205128 0.2932888782051282 0.3212978365384615 0.28670708653846155 0.3097540833333334
16 0.803863342948718 0.3988717211538461 0.7952847852564102 0.39827184935897436 0.7888144583333333 0.40274540064102565 0.7878718012820513 0.41622600000000004 0.7937422564102564 0.4203310064102564 0.8060830416666667 0.4199624551282052 0.8115849455128206 0.41172667948717945 0.8120991217948718 0.40437362499999996 0.803863342948718 0.3988717211538461
16 0.3347074807692308 0.27493406730769226 0.3335077403846154 0.29209118589743593 0.34419453205128203 0.2977644807692308 0.35171897435897437 0.29582764423076924 0.3559096794871795 0.28873167628205126 0.3541442275641026 0.27875621474358975 0.34590845192307695 0.2732543108974359 0.3347074807692308 0.27493406730769226
16 0.8487529198717948 0.3909271923076923 0.8397458782051282 0.3964548653846154 0.8402001250000001 0.40757014102564104 0.8562174326923077 0.4074586762820513 0.8593540192307692 0.397826 0.8612051634615384 0.4065759551282051 0.867161314102564 0.4094554519230769 0.8689009999999999 0.40218809615384615 0.8739744262820514 0.40007986217948716 0.8716947980769231 0.3974574519230769 0.8817559583333334 0.39446649358974356 0.8730060064102565 0.39631764102564104 0.8733487884615385 0.39141560576923073 0.8618050352564103 0.397997391025641 0.8548804615384616 0.3913556730769231 0.8487529198717948 0.3909271923076923
16 0.7387142275641025 0.3795380352564103 0.7357490352564102 0.38671969871794876 0.7401368910256411 0.39441553205128205 0.7561542019230769 0.3943040705128205 0.7604305993589744 0.38598259935897433 0.757439641025641 0.3759214423076923 0.7464957596153846 0.3739246666666667 0.7387142275641025 0.3795380352564103
16 0.7760451955128206 0.40924149679487176 0.7851379326923077 0.4024883141025641 0.7869633108974359 0.39399545192307694 0.7813499423076923 0.38621391666666666 0.7689234647435897 0.38780797756410257 0.7629930801282051 0.4021712980769231 0.7760451955128206 0.40924149679487176
16 0.7045713782051282 0.37468753525641024 0.7091905576923077 0.36146402564102564 0.7034914935897436 0.3549080032051282 0.6949129326923077 0.3543081314102564 0.6884426089743589 0.3587816858974359 0.6874142564102564 0.3734877916666667 0.7045713782051282 0.37468753525641024
16 0.6089900993589743 0.3150492916666667 0.6047736314102564 0.3049024391025641 0.5986460865384615 0.30447395833333335 0.5906931634615384 0.3125383461538462 0.5701166057692308 0.3074049903846154 0.5697738237179487 0.3123070224358974 0.590607467948718 0.31376385256410255 0.5973606474358975 0.3228565897435898 0.6074218076923077 0.3198656314102564 0.6089900993589743 0.3150492916666667
16 0.7327323076923077 0.3594157211538461 0.7321923685897436 0.34952595833333333 0.7392026346153846 0.3549421698717949 0.7278045064102564 0.3418301217948718 0.7203657596153846 0.3425414551282051 0.7187117756410257 0.3485833012820513 0.7138097371794873 0.34824051923076926 0.7158322756410257 0.3545394551282051 0.7294842628205128 0.35303108974358977 0.7327323076923077 0.3594157211538461
16 0.32464632692307693 0.27792502564102567 0.3348189423076923 0.290951375 0.338666858974359 0.2887574455128205 0.34071852243589745 0.2911176121794872 0.3399780673076923 0.2876176282051282 0.32929126923076923 0.28194433333333335 0.3320593076923077 0.25997087179487177 0.33696133974358977 0.26031365705128207 0.34590845192307695 0.2732543108974359 0.34488009935897435 0.28796041346153844 0.34918226282051285 0.29688175961538465 0.35405853205128207 0.27998172756410256 0.3470482628205128 0.27456551282051284 0.32852840705128206 0.2400199519230769 0.32927390384615385 0.21174755448717947 0.3194698365384615 0.21106198717948715 0.31904135576923076 0.21718953205128202 0.32744852243589745 0.22024041987179488 0.32824555448717946 0.22645366025641026 0.318612875 0.2233170769230769 0.3190671217948718 0.23443234615384617 0.31339382051282055 0.24511914423076922 0.32809992628205126 0.24614749358974358 0.329693983974359 0.25857397435897433 0.3210554935897436 0.2764424262820513 0.31270825320512824 0.25492321153846154 0.30880041025641025 0.2755854679487179 0.32464632692307693 0.27792502564102567
16 0.6396883173076923 0.4748280608974359 0.6311097564102564 0.4742281891025641 0.6155466955128205 0.4854549262820513 0.614689733974359 0.49771001282051286 0.6248623525641026 0.5107363653846154 0.6371174391025641 0.5115933237179487 0.6510265128205128 0.5064084358974359 0.6521405608974359 0.49047682051282054 0.6396883173076923 0.4748280608974359
16 0.19529074358974358 0.22577706089743588 0.20999684935897436 0.22680541025641027 0.21296204487179488 0.2196237532051282 0.2099710833333333 0.20956259615384612 0.19281396153846153 0.20836285256410256 0.18976307371794873 0.21677002243589746 0.19529074358974358 0.22577706089743588
16 0.7733382307692308 0.7649560288461539 0.7762177307692308 0.758999875 0.7792086891025641 0.7690610320512821 0.7869902179487179 0.7634476634615385 0.7930320673076923 0.7651016506410256 0.8035217019230769 0.7559831506410257 0.804061641025641 0.7658729134615384 0.8002994198717949 0.7668413365384615 0.8024933525641026 0.7706892564102564 0.7985597371794871 0.7741086923076923 0.805998483974359 0.7733973589743589 0.808877983974359 0.7674412083333333 0.8148341346153847 0.7703207019230769 0.815716858974359 0.7753084358974359 0.8104720416666666 0.7798676858974358 0.8173966121794871 0.7865094038461538 0.8147378365384615 0.7901681698717948 0.8167110448717949 0.7963134743589744 0.8279977115384616 0.7934082115384615 0.8350936762820512 0.7975989102564103 0.8984120320512821 0.802026560897436 0.9048362083333333 0.7864662692307692 0.9078271666666666 0.7965274262820513 0.9047430096153846 0.802469266025641 0.9110752147435898 0.8029120576923078 0.9046390512820514 0.7716744711538462 0.8985115064102565 0.7712459935897436 0.9011081474358974 0.7517235512820513 0.8905927467948718 0.743599233974359 0.8886559038461539 0.7360747916666667 0.8553957820512821 0.7362120192307692 0.8375273269230769 0.7275735256410256 0.8384100480769231 0.7325612564102564 0.8346478269230769 0.7335296762820512 0.8314854775641026 0.7259195384615384 0.8239610352564103 0.7278563814102564 0.8236182499999999 0.7327584134615385 0.8284345897435897 0.7343267083333334 0.8300028814102564 0.7295103685897436 0.833336625 0.7346694935897435 0.8244152788461537 0.7389716538461538 0.829771560897436 0.7504297115384616 0.8250666826923077 0.7648787275641026 0.8173708493589743 0.7692665865384616 0.8077381698717948 0.7661300032051281 0.8070268365384615 0.7586912564102564 0.810522907051282 0.7539616153846154 0.7976512467948718 0.7518781442307693 0.7968542179487179 0.7456649038461538 0.7964257403846154 0.7517924487179487 0.7916093974358974 0.7502241570512821 0.793631935897436 0.7565230897435897 0.7875043942307692 0.756094608974359 0.7877614807692307 0.7524180833333334 0.7777860192307693 0.7541835352564102 0.7849676794871795 0.7571487275641026 0.7847105929487179 0.7608252532051282 0.7750779134615384 0.7576886698717948 0.7718298685897437 0.7513040384615385 0.7745379743589743 0.7477989038461538 0.7914380064102564 0.7526751730769231 0.7883613525641026 0.7438395256410256 0.7945745929487179 0.7430424967948718 0.7977111762820512 0.7334098173076923 0.784684826923077 0.7435824391025642 0.7627113685897436 0.7408144006410257 0.7595490160256411 0.7332042628205128 0.7309338365384616 0.7373608012820513 0.716424891025641 0.7511242467948718 0.7120627980769231 0.7606712307692307 0.6911434551282051 0.7604399102564102 0.6771229198717948 0.7496074871794871 0.6330903044871795 0.7452969262820514 0.5999674038461539 0.7786942820512821 0.5985705032051282 0.7810595993589744 0.6869958557692307 0.7872429038461538 0.6921118782051282 0.7642021314102564 0.7005190448717948 0.7672530192307693 0.7094403878205129 0.7629508557692308 0.693312125 0.7876845801282051 0.6996283974358974 0.7881262564102564 0.7048212083333333 0.7761743621794872 0.7129712884615385 0.7829017756410257 0.7059434455128205 0.7885678493589743 0.7152509134615385 0.7855241858974359 0.7185759903846154 0.7894512019230769 0.756472391025641 0.7921011762820513 0.760594733974359 0.7886949358974359 0.7627886634615384 0.7925428525641026 0.7810598333333333 0.777810983974359 0.7733382307692308 0.7649560288461539
16 0.19138289743589743 0.2464393173076923 0.1831471217948718 0.24093741025641024 0.17063494551282052 0.24375697756410256 0.16741266666666665 0.25461516346153845 0.18205883974358975 0.274111842948718 0.1892405 0.2770770320512821 0.19938735256410256 0.2728605673076923 0.20024431089743588 0.2606054775641026 0.19138289743589743 0.2464393173076923
16 0.5800764134615385 0.7637568525641025 0.5633477692307692 0.7564295673076923 0.535075375 0.7556840705128205 0.5151244519230769 0.7592149679487179 0.5048062083333333 0.7658824551282052 0.49930430448717944 0.7741182307692308 0.5047205128205129 0.7671079647435898 0.5057823397435898 0.7745712211538461 0.5899919423076923 0.7804597275641025 0.5800764134615385 0.7637568525641025
16 0.5286223108974359 0.42026452884615384 0.5196825608974359 0.4122503942307692 0.5188855352564102 0.40603715384615385 0.5030396185897436 0.4036975993589743 0.502011266025641 0.41840370512820513 0.5286223108974359 0.42026452884615384
16 0.48773364102564104 0.4112478108974359 0.49824904487179483 0.419372125 0.48283160897435895 0.41090502564102566 0.48257451923076927 0.4145815512820513 0.48756225 0.4136988237179487 0.49308991987179485 0.4227058653846154 0.4891563076923077 0.4261253044871795 0.4913502371794872 0.4299732211538462 0.4975634775641025 0.42917619230769233 0.4967664455128205 0.4229629519230769 0.5007857564102565 0.4183180096153846 0.502011266025641 0.41840370512820513 0.4972806217948718 0.4156099038461538 0.4966549871794872 0.40694564423076923 0.48773364102564104 0.4112478108974359
16 0.5087902147435898 0.4447392564102564 0.516143266025641 0.4452534326923077 0.5178829487179487 0.43798607371794873 0.5325890512820514 0.4390144262820513 0.5337030993589743 0.4230828141025641 0.5521714262820513 0.4231427435897436 0.5455896346153846 0.41159899038461534 0.5415703269230769 0.4162439358974359 0.5356141730769232 0.4133644391025641 0.5338744903846153 0.4206317980769231 0.5301122692307693 0.42160021794871794 0.5287436634615384 0.4203733173076923 0.5036910224358975 0.429604673076923 0.5020370320512821 0.43564651923076925 0.5087902147435898 0.4447392564102564
16 0.9156170961538461 0.7379600993589743 0.9256782532051283 0.734969141025641 0.9268180673076923 0.7362803461538462 0.9298689551282052 0.7278731794871794 0.9025649807692309 0.7308899006410255 0.9011680801282052 0.7332552243589744 0.9158741858974359 0.7342835737179487 0.9156170961538461 0.7379600993589743
16 0.9326028269230769 0.7416108621794871 0.9398444166666666 0.7261077275641026 0.9335454807692307 0.728130266025641 0.9342568141025642 0.7355690128205128 0.9303231987179487 0.7389884519230769 0.9268180673076923 0.7362803461538462 0.9313773173076922 0.7415251666666667 0.9276150929487179 0.7424935833333333 0.9277265576923077 0.7585108942307692 0.9337426378205128 0.7429220641025641 0.9385778269230769 0.7424596987179487 0.9326028269230769 0.7416108621794871
16 0.9685710576923077 0.7379685 0.983705641025641 0.7328693076923077 0.9843055128205128 0.7242907435897435 0.9720504262820514 0.7234337852564102 0.9689995352564102 0.7318409551282051 0.9641831955128205 0.7302726634615384 0.9646973717948719 0.7229196089743589 0.9478102211538462 0.72666475 0.9489629166666668 0.7365973653846154 0.9452863910256409 0.7363402756410257 0.9496742499999999 0.7440361121794872 0.9410381185897437 0.7428092179487179 0.939441701923077 0.7494780865384616 0.9470518429487179 0.7463157371794872 0.9481059583333333 0.7488524519230769 0.9508997596153846 0.7441218076923076 0.9542335032051281 0.7492809326923078 0.9547476794871795 0.7419278782051282 0.966377125 0.7341205801282051 0.966060108974359 0.7562654326923077 0.9522367275641026 0.760224810897436 0.9375306282051281 0.7591964615384615 0.9545163557692308 0.7628472211538462 0.9553990833333333 0.7678349519230769 0.966428657051282 0.7686062147435897 0.9692224615384615 0.7638755737179488 0.9663171987179487 0.7525889038461538 0.971733407051282 0.7455786378205128 0.9685710576923077 0.7379685
16 0.4730191410256411 0.46317341666666667 0.4831659935897436 0.45895695192307695 0.4840229519230769 0.44670186538461537 0.47578717307692303 0.44119995833333336 0.47892375961538464 0.4315672788461538 0.46806557371794877 0.42834500000000003 0.45136269871794876 0.43826053205128207 0.44885174999999994 0.45655746474358977 0.45691613461538466 0.46451038782051285 0.47276205128205123 0.46684994230769233 0.4730191410256411 0.46317341666666667
16 0.11235887179487179 0.1965793782051282 0.1128988108974359 0.20646914423076923 0.1198233814102564 0.2131108621794872 0.13207847115384616 0.2139678205128205 0.13592638782051283 0.211773891025641 0.13686904166666666 0.19829329807692306 0.11235887179487179 0.1965793782051282
16 0.2683670192307692 0.21980354166666666 0.2675957564102564 0.23083311858974356 0.2710151955128205 0.23476673397435896 0.28572130128205125 0.23579508333333335 0.2875466794871795 0.22730222115384618 0.28333021153846155 0.2171553685897436 0.27361183653846155 0.21524429166666664 0.2683670192307692 0.21980354166666666
16 0.8848326121794872 0.4033021442307692 0.8795877916666667 0.407861391025641 0.8861695801282051 0.41940514743589746 0.8899318044871796 0.41843672435897433 0.887909266025641 0.4121377884615384 0.8954337083333334 0.41020094551282055 0.8971733942307691 0.40293359294871794 0.8848326121794872 0.4033021442307692
16 0.3979197564102564 0.2867433044871795 0.3884584711538462 0.28115570192307693 0.3783973108974359 0.2841466602564102 0.37745465705128206 0.2976272564102564 0.387173032051282 0.29953833333333335 0.3843792307692308 0.3042689775641026 0.39164658653846157 0.3060086602564102 0.3982883044871795 0.2990840865384615 0.3979197564102564 0.2867433044871795
16 0.6151949391025641 0.3672062243589744 0.621322483974359 0.3676347019230769 0.6293611025641026 0.3583448076923077 0.6228650096153846 0.34557554487179487 0.6142864487179488 0.3449756762820513 0.6064192211538462 0.3518145544871795 0.5967008493589744 0.34990347435897434 0.5964437628205128 0.35358 0.6051080192307692 0.3529543653846154 0.6035397243589744 0.3577707019230769 0.6151949391025641 0.3672062243589744
17 0.413371358974359 0.2594992596153846 0.3997193717948718 0.2610076217948718 0.39763690064102564 0.2731770128205128 0.4120002243589744 0.2791073974358974 0.4167907948717948 0.2634328717948718 0.413371358974359 0.2594992596153846
16 0.9615092564102563 0.6980666538461539 0.9529306955128204 0.6974667852564103 0.9520479711538462 0.6924790512820512 0.9483714455128205 0.6922219647435898 0.9118890384615386 0.7032173782051282 0.8760065064102565 0.7056342307692308 0.8689105384615385 0.7014435320512821 0.85246475 0.7076825352564102 0.8305769871794871 0.7036889903846154 0.8143025897435897 0.7074769807692308 0.8140455032051283 0.7111535064102564 0.8019618108974359 0.7078455288461538 0.7856874134615385 0.711633516025641 0.7304538269230769 0.7090027083333333 0.44031287499999994 0.7369002147435898 0.43452373397435895 0.7671253333333333 0.4592053012820513 0.766388233974359 0.46388441025641025 0.7346964006410257 0.46909506410256413 0.7658482884615385 0.4927225128205128 0.7625744807692307 0.49930430448717944 0.7741182307692308 0.978478189102564 0.8076253333333333 0.9860194294871795 0.6997805737179487 0.9824285993589743 0.6982979743589743 0.9863622147435896 0.6948785384615385 0.9726245288461538 0.697612407051282 0.9692907884615385 0.6924532884615384 0.9713133269230769 0.6987522211538462 0.9628204583333334 0.6969268397435897 0.9619377371794872 0.6919391121794872 0.9569500032051282 0.6928218365384615 0.9615092564102563 0.6980666538461539
5 0.49950871474358977 0.3837466762820513 0.5009913141025641 0.3801558461538462 0.4979146602564103 0.3713201987179487 0.47264162179487185 0.32768189743589743 0.4582782980769231 0.3217515096153846 0.4570527916666667 0.3216658141025641 0.4575927307692308 0.33155558012820513 0.4813831762820513 0.37878471153846155 0.4836627980769231 0.3814071185897436 0.49950871474358977 0.3837466762820513
5 0.4565727788461538 0.29330772756410256 0.44155805769230766 0.261470266025641 0.4319253814102564 0.2583336794871795 0.4306998685897436 0.25824798397435894 0.43018569551282054 0.2656010384615385 0.44836276923076923 0.3050486346153846 0.4551159487179487 0.3141413717948718 0.45651284935897435 0.31177605128205127 0.4565727788461538 0.29330772756410256
5 0.6315561762820513 0.7144021217948718 0.6611397756410257 0.7140078076923076 0.5451527564102564 0.4706804935897436 0.538570967948718 0.4591367403846154 0.518422891025641 0.4478758397435897 0.5176516282051282 0.4589054198717949 0.6315561762820513 0.7144021217948718