17 0.5785433205128205 0.36452975 0.5700952051282052 0.3557814711538461 0.5577691826923077 0.35802369230769227 0.5508281025641026 0.3333287724358974 0.5435439807692308 0.3282868717948718 0.5202703301282051 0.3241945641025641 0.5117793365384615 0.31790291025641026 0.4957683717948718 0.32008081730769233 0.49055494871794875 0.3371914519230769 0.5001027371794872 0.35333105769230766 0.4958389070512821 0.38643122115384615 0.4762073237179487 0.3848598589743589 0.47120830448717943 0.38968735576923075 0.4697227083333333 0.4044056826923077 0.47440012179487173 0.4180029006410257 0.4668158333333333 0.43015739743589737 0.4481981602564103 0.44089062179487176 0.4466267980769231 0.46052220833333335 0.46487999038461536 0.4706703269230769 0.48354054487179493 0.4574804743589744 0.47534971153846156 0.4339924262820513 0.48769717307692306 0.4305218846153846 0.5303022403846154 0.4533819487179487 0.5306238461538462 0.4349572403846154 0.5552544487179487 0.4317010993589743 0.5421932403846154 0.4056706602564103 0.5500991346153846 0.3750914519230769 0.5588045352564103 0.36909996153846153 0.5832636121794872 0.37567033974358977 0.5872058397435898 0.36099489102564103 0.5785433205128205 0.36452975
17 0.29733893269230766 0.2846713205128205 0.2985029230769231 0.28837770192307693 0.3120572596153846 0.28615691666666665 0.3205696987179487 0.2912202564102564 0.3318818076923077 0.2766734487179487 0.31608524679487177 0.2665682115384615 0.3142289487179487 0.23213253525641028 0.30950865384615384 0.22099194871794872 0.30336708333333334 0.22088474679487183 0.30541634615384616 0.24426559294871794 0.29733893269230766 0.2846713205128205
17 0.5838639423076923 0.3412775416666667 0.5855425032051281 0.3155043878205128 0.5807578878205129 0.3080487435897436 0.5697888237179487 0.3029425224358974 0.5549632916666667 0.3075984967948718 0.5510210673076923 0.3222739423076923 0.5569053525641026 0.33712091346153844 0.5746730256410257 0.3398884294871795 0.581514516025641 0.335093092948718 0.5838639423076923 0.3412775416666667
17 0.6158983044871794 0.47699242307692313 0.6156624615384616 0.49050387820512814 0.6277311987179487 0.5030014230769231 0.6363294006410256 0.5031515064102564 0.65121925 0.494810592948718 0.6478559134615385 0.4763215608974359 0.6369511698717949 0.4675303974358974 0.6158983044871794 0.47699242307692313
17 0.4791937403846154 0.2841595416666666 0.47055266346153846 0.2864660897435897 0.4667390801282051 0.2937716506410257 0.4726662435897436 0.30616199679487177 0.4590475897435897 0.31206772435897434 0.4700595352564103 0.3147173108974359 0.4724304006410256 0.3196734487179487 0.4763511891025641 0.3062263173076923 0.4837853942307693 0.30267001602564103 0.4898412051282051 0.3076904711538461 0.4885271282051282 0.3125822916666667 0.4946472564102565 0.3139178044871795 0.49727540705128204 0.30413417307692303 0.5009389102564102 0.30542680769230773 0.4961971794871795 0.2955145320512821 0.48884873076923074 0.2941575769230769 0.4791937403846154 0.2841595416666666
17 0.6130004358974359 0.36144513461538463 0.6205204038461538 0.35297557692307696 0.6206276057692308 0.34683400961538463 0.6133863621794872 0.33933548076923076 0.5997891442307692 0.34401289743589747 0.5971181153846153 0.3562531570512821 0.6130004358974359 0.36144513461538463
17 0.1838132467948718 0.2421430032051282 0.19486807371794873 0.24233596794871795 0.19751766666666667 0.23132402243589745 0.19393992628205128 0.2251181314102564 0.17922159294871795 0.22363253205128203 0.17657200641025642 0.23464447756410253 0.1838132467948718 0.2421430032051282
17 0.25744777564102567 0.2471143653846154 0.27095922756410257 0.24735020833333335 0.27242338782051284 0.23386019230769234 0.267595891025641 0.22886117628205127 0.2552913108974359 0.22987508653846156 0.25382715384615384 0.24336510256410257 0.25744777564102567 0.2471143653846154
16 0.5154213974358974 0.3204238621794872 0.49113383653846154 0.30402697115384614 0.48757753846153845 0.296592766025641 0.46777442948717946 0.30484791666666666 0.4604688685897436 0.30103433333333335 0.449349717948718 0.3045263141025641 0.4490709935897436 0.32049439743589747 0.4527130544871795 0.32301534615384614 0.46997377564102566 0.3196305705128205 0.47850765064102563 0.32346559294871796 0.4726662435897436 0.30616199679487177 0.48259995833333336 0.3001919455128205 0.48872008974358977 0.3015274615384615 0.4946686987179487 0.3126894903846154 0.4883341634615385 0.32363711538461537 0.5043880096153845 0.31900258653846153 0.5092369455128205 0.32277328846153847 0.5105510192307693 0.31788147115384613 0.5129218878205128 0.322837608974359 0.5154213974358974 0.3204238621794872
16 0.9215279006410256 0.42457885576923077 0.9217423044871794 0.4122957147435898 0.9156864935897436 0.4072752564102564 0.9067666891025641 0.42554988782051284 0.8883634198717948 0.42399996794871797 0.8881275769230769 0.4375114230769231 0.8967257756410256 0.4376615032051282 0.8981041730769231 0.42908474679487174 0.9215064615384616 0.425807173076923 0.9232203717948718 0.42699349999999997 0.9215279006410256 0.42457885576923077
16 0.9087301923076924 0.45384399038461537 0.9284689775641025 0.44927378205128204 0.9357102243589744 0.45677230769230764 0.9479719262820513 0.4582150256410256 0.9604265865384616 0.44860291346153847 0.9581414839743589 0.43873351923076925 0.952085673076923 0.4337130641025641 0.9435089134615384 0.4323346666666667 0.9311185705128204 0.43826183333333335 0.9259543653846154 0.4308940769230769 0.926312516025641 0.43203449999999993 0.9053239743589743 0.4378115865384616 0.9051095705128205 0.45009472756410257 0.9087301923076924 0.45384399038461537
16 0.6609904487179487 0.3573680544871795 0.6659251442307692 0.35622549679487175 0.6709884871794872 0.3477130641025641 0.6577986314102564 0.3290525064102564 0.65042875 0.3289238653846154 0.6453654070512821 0.33743630128205127 0.6316824326923077 0.3470269743589744 0.6302397147435898 0.35928866987179486 0.6363169647435897 0.3630808173076923 0.6621330032051282 0.3623027467948718 0.6609904487179487 0.3573680544871795
16 0.2770426955128205 0.32117769551282055 0.2648024358974359 0.31850666666666666 0.25609703525641025 0.32449815705128204 0.2547400801282051 0.33184659935897437 0.2618741217948718 0.3454866955128205 0.2778207628205128 0.34699373397435895 0.28409097756410256 0.3397310512820513 0.2842196185897436 0.3323611666666667 0.2770426955128205 0.32117769551282055
16 0.7981542628205128 0.38310733333333336 0.7895560673076923 0.3829572532051282 0.783328733974359 0.3877633044871795 0.7830928910256411 0.40127476282051283 0.789170141025641 0.40506690705128207 0.8014747243589744 0.40405299358974356 0.8065380608974358 0.39554055769230767 0.806666701923077 0.3881706698717949 0.7981542628205128 0.38310733333333336
16 0.32315496794871795 0.2838932532051282 0.3228548044871795 0.30108965064102566 0.3338238685897436 0.3061958685897436 0.3412366346153846 0.3038678846153846 0.34505022115384615 0.29656231730769234 0.3427651153846154 0.2866929230769231 0.3342526762820513 0.28162958653846154 0.32315496794871795 0.2838932532051282
16 0.8425665352564103 0.37282435576923073 0.8338611346153846 0.37881584615384617 0.8348964871794872 0.3898921153846154 0.8508860128205128 0.38894252243589744 0.8535141634615385 0.37915889102564104 0.8558207051282051 0.3877999711538461 0.8619193974358975 0.3903638012820513 0.8632763557692308 0.383015358974359 0.8682324903846154 0.3806444903846154 0.8658187403846154 0.37814498076923075 0.8757095769230769 0.3746315608974359 0.8670684967948719 0.376938108974359 0.8671542596153845 0.37202484935897434 0.8559707884615384 0.37920176923076926 0.8487081057692307 0.3729315576923077 0.8425665352564103 0.37282435576923073
16 0.7320825865384615 0.36720978846153846 0.7294973173076923 0.37453679487179486 0.7342819294871794 0.3819924391025641 0.7502714519230769 0.38104284935897437 0.7541064807692308 0.3725089711538461 0.7505930576923077 0.36261813782051283 0.739559673076923 0.361196858974359 0.7320825865384615 0.36720978846153846
16 0.770916951923077 0.3949187884615385 0.7796437916666666 0.387698983974359 0.781022189102564 0.3791222275641026 0.7750092596153846 0.371645141025641 0.7626832371794872 0.37388736538461537 0.7575126987179487 0.38854137499999997 0.770916951923077 0.3949187884615385
16 0.6977326698717948 0.3641528333333333 0.7016534551282051 0.3507056955128205 0.6956190865384615 0.3444569230769231 0.6870208878205128 0.34430684294871794 0.6807935576923076 0.34911289743589746 0.6805362756410256 0.3638526698717949 0.6977326698717948 0.3641528333333333
16 0.5991611602564102 0.30959866025641025 0.5944194262820514 0.2996863846153846 0.5882778525641026 0.2995791826923077 0.5807578878205129 0.3080487435897436 0.5599408717948717 0.3039993141025641 0.559855108974359 0.3089125705128205 0.5807364487179487 0.30927705448717946 0.5879562500000001 0.3180038974358974 0.5978470865384615 0.31449047756410253 0.5991611602564102 0.30959866025641025
16 0.7250557435897436 0.3474281185897436 0.7239989551282051 0.3375801666666667 0.7312830769230769 0.3426220673076923 0.7192143365384615 0.33012452243589746 0.7118230128205129 0.3312241923076923 0.7104875 0.3373443237179487 0.7055742403846154 0.3372585608974359 0.7079236698717949 0.3434430128205128 0.7214780032051282 0.3412222275641026 0.7250557435897436 0.3474281185897436
16 0.3132641346153846 0.2874066730769231 0.32410455769230767 0.29988277564102567 0.32783238141025645 0.2974904679487179 0.33000475320512823 0.29974002564102564 0.3290821378205128 0.296283592948718 0.3181130705128205 0.291177375 0.3197273108974359 0.2690891602564102 0.32464056410256414 0.26917492307692303 0.3342526762820513 0.28162958653846154 0.333995391025641 0.2963693557692308 0.3387585673076923 0.30505331410256414 0.34274367307692305 0.2879212403846154 0.3354595480769231 0.28287933974358975 0.3151570961538462 0.249350375 0.31442191025641025 0.22107770833333334 0.3045953974358975 0.2209061858974359 0.3044881987179487 0.2270477564102564 0.31304351282051285 0.22965446794871794 0.3141646282051282 0.23581748076923076 0.3043809967948718 0.23318932692307692 0.30541634615384616 0.24426559294871794 0.300310125 0.25523466025641023 0.31504989743589745 0.2554919455128205 0.3172921217948718 0.267817967948718 0.30960063141025645 0.28611403525641027 0.3001386025641026 0.26506117307692306 0.2973174903846154 0.28589963141025637 0.3132641346153846 0.2874066730769231
16 0.6381794807692308 0.4675518365384615 0.629581282051282 0.46740175641025644 0.6146271121794872 0.47942761217948715 0.6144127083333333 0.4917107564102564 0.6252531314102564 0.504186858974359 0.6375362724358974 0.5044012628205129 0.6511549294871795 0.49849553525641027 0.6514336538461538 0.4825274519230769 0.6381794807692308 0.4675518365384615
16 0.18135661858974358 0.24210012500000003 0.19609639102564103 0.24235740705128203 0.19868166025641026 0.23503040384615387 0.1951682371794872 0.2251395705128205 0.17797183974358974 0.22483940705128205 0.17536513141025642 0.23339472435897435 0.18135661858974358 0.24210012500000003
16 0.7868303589743589 0.7502874967948718 0.7893941891025641 0.7441888076923077 0.792907608974359 0.7540796410256411 0.8003846923076923 0.7480667115384616 0.8065048237179487 0.7494022243589743 0.816502858974359 0.739747233974359 0.8175596506410256 0.7495951891025641 0.8138532660256411 0.7507591826923077 0.816245576923077 0.7544870064102565 0.8124963141025641 0.7581076282051282 0.8198876378205129 0.7570079519230769 0.8224514679487179 0.750909266025641 0.8285501570512821 0.753473092948718 0.8296927083333333 0.7584077916666667 0.8246936923076924 0.7632352852564103 0.831956375 0.7695054967948718 0.8294927275641026 0.7732983974358975 0.8317848525641025 0.7793320096153846 0.842904 0.775840032051282 0.8502095673076923 0.7796536153846153 0.9136728685897436 0.7807613717948717 0.9192738782051282 0.7648861891025641 0.922787298076923 0.7747770224358975 0.920018342948718 0.7808721314102564 0.9263650416666667 0.7809829134615385 0.9183028493589743 0.7501249807692307 0.9121612788461538 0.7500177788461538 0.9137326378205128 0.7303861923076923 0.902806451923077 0.722823342948718 0.9004784647435897 0.7154105801282051 0.8672711057692308 0.7172883205128205 0.8489750352564102 0.7095968301282052 0.8501175865384616 0.7145315256410257 0.846411205128205 0.7156955192307692 0.8428549038461538 0.7082613141025641 0.8354421378205128 0.7105893012820512 0.8353563782051282 0.7155025576923076 0.8402481923076923 0.7168166346153847 0.8415622692307693 0.7119248173076923 0.845161451923077 0.7169023942307693 0.8364774903846154 0.7216655673076924 0.8424260961538462 0.7328275993589743 0.8384838717948718 0.7475030448717949 0.8310282275641026 0.7522876602564103 0.8212445961538462 0.7496595096153846 0.8201449198717948 0.7422681858974359 0.8233886698717949 0.7373620544871795 0.810425608974359 0.735955092948718 0.8093044967948718 0.7297920801282052 0.8091972948717949 0.7359336506410257 0.8043054775641025 0.734619576923077 0.8066549070512821 0.7408040256410257 0.8005133365384616 0.7406968237179488 0.800577657051282 0.7370118814102564 0.7907082628205128 0.7392969903846154 0.798035266025641 0.7418822596153846 0.7979709455128206 0.7455672019230769 0.7881873141025642 0.7429390512820513 0.7846095737179487 0.7367331570512821 0.7871305224358974 0.7330910961538462 0.8042625993589744 0.7370762019230769 0.8007277371794872 0.7284136858974359 0.80689075 0.7272925705128205 0.8095189006410256 0.7175089391025641 0.797042794871795 0.7283493653846154 0.7749545833333333 0.7267351217948718 0.771398282051282 0.7193009198717949 0.7430398557692308 0.7249493621794871 0.7292711185897436 0.7394532852564103 0.7254146538461539 0.7492154807692308 0.7045118717948718 0.7500793108974358 0.689943625 0.7399955128205128 0.6457457564102564 0.7379953461538461 0.6144161346153846 0.773080451923077 0.6131449391025641 0.7755156378205128 0.7017727147435898 0.777062641025641 0.7056758653846155 0.7537856923076923 0.7142311826923077 0.7563924038461538 0.7229151442307692 0.7516292275641026 0.7081034455128206 0.7771731442307692 0.7144341762820512 0.7772836474358974 0.718994358974359 0.765076358974359 0.7274853525641025 0.7713680128205128 0.7207636826923076 0.7773941282051282 0.7298991025641026 0.7738675224358974 0.7334251442307692 0.7776151346153847 0.7714083012820513 0.7782781346153846 0.7753467243589743 0.7746608141025642 0.777739032051282 0.7783886378205128 0.7952141538461539 0.762720717948718 0.7868303589743589 0.7502874967948718
16 0.1785355032051282 0.26293858333333336 0.1700230705128205 0.2578752435897436 0.15767560576923076 0.26134578205128206 0.155026016025641 0.27235773076923075 0.1706724935897436 0.29106116666666665 0.1779994967948718 0.2936464358974359 0.18791177243589743 0.28890470192307693 0.1881261730769231 0.2766215608974359 0.1785355032051282 0.26293858333333336
16 0.5937706378205129 0.7592045064102564 0.5766814391025641 0.7527627724358974 0.5484087756410256 0.7534979615384615 0.5286699871794871 0.7580681730769231 0.5187148333333333 0.7652665352564103 0.5136514967948718 0.7737789711538462 0.5186933942307692 0.7664948493589743 0.5201443621794872 0.7738923044871795 0.6045467403846154 0.7753655544871795 0.5937706378205129 0.7592045064102564
16 0.5244100512820513 0.4188758269230769 0.5150631282051281 0.41134054487179483 0.513942016025641 0.40517753525641026 0.49799537179487186 0.40367049679487177 0.49773808974358974 0.418410266025641 0.5244100512820513 0.4188758269230769
16 0.4831055192307693 0.41201141346153847 0.4940317083333333 0.41957425961538464 0.478192266025641 0.41192565064102565 0.4781279455128205 0.41561059294871794 0.483062641025641 0.4144680384615385 0.4890541282051282 0.4231734391025641 0.4853048653846154 0.42679406089743593 0.48769717307692306 0.4305218846153846 0.49386018589743585 0.4294007724358974 0.4927390705128205 0.4232377596153846 0.4965097724358974 0.41838882692307694 0.49773808974358974 0.418410266025641 0.4928677115384615 0.4158678782051282 0.4917894807692308 0.40724823717948716 0.4831055192307693 0.41201141346153847
16 0.5058860416666666 0.4443549455128205 0.5132559262820513 0.44448358653846154 0.5146128814102564 0.43713514102564105 0.5293526538461538 0.4373924262820513 0.529631375 0.4214243397435898 0.5480775288461539 0.42051763141025644 0.5409006057692307 0.40933416346153845 0.5371299006410256 0.4141830993589743 0.5310312115384616 0.4116192692307692 0.5296742564102563 0.41896771474358974 0.525967875 0.42013170833333335 0.5245369326923076 0.4189781153846154 0.5000017564102565 0.4295079743589743 0.49866623717948716 0.4356281057692307 0.5058860416666666 0.4443549455128205
16 0.9275013782051281 0.715882266025641 0.9373922115384615 0.7123688461538462 0.9385990833333333 0.7136185993589743 0.9412057948717949 0.7050632852564103 0.9140971217948718 0.7095048525641026 0.9128259294871796 0.7119400416666667 0.9275656987179488 0.7121973237179487 0.9275013782051281 0.715882266025641
16 0.9446548942307692 0.7186390576923076 0.9510751891025641 0.7027781762820513 0.9448907371794871 0.7051276057692307 0.945990407051282 0.7125189294871794 0.9422411442307693 0.7161395480769231 0.9385990833333333 0.7136185993589743 0.943426580128205 0.7186176185897436 0.9397201955128205 0.7197816121794872 0.9406697884615384 0.7357711346153847 0.9458617660256411 0.719888810897436 0.9506661314102565 0.7191740256410256 0.9446548942307692 0.7186390576923076
16 0.9803832051282052 0.7131192564102564 0.9952301762820513 0.7072349711538461 0.9953802596153847 0.6986367692307692 0.9830971185897435 0.6984223685897436 0.980490407051282 0.7069776858974358 0.9755985897435897 0.7056636121794871 0.9757272307692307 0.6982937243589743 0.9590592275641026 0.7029175384615385 0.9607301794871795 0.7127762115384615 0.9570452371794872 0.712711891025641 0.9618298493589743 0.7201675352564103 0.9531413429487179 0.7193943044871794 0.9518961346153847 0.7261375833333333 0.9593303429487179 0.7225812852564102 0.9605157756410256 0.7250593525641025 0.9630581666666667 0.7201889775641026 0.966657346153846 0.7251665544871795 0.9667859903846153 0.7177966698717949 0.9779908974358974 0.7093914358974359 0.9788332884615384 0.7315225288461539 0.9652360673076924 0.7361999423076923 0.9504963012820513 0.7359426570512821 0.9676498173076923 0.738699451923077 0.9687923717948718 0.7436341442307692 0.9798471987179488 0.743827108974359 0.9823895865384616 0.7389567339743589 0.9788976089743588 0.7278375833333334 0.9839395064102564 0.7205534615384616 0.9803832051282052 0.7131192564102564
16 0.47112876282051286 0.46463595512820516 0.48104103525641023 0.45989422435897437 0.48125543910256413 0.4476110833333334 0.47274299999999997 0.44254774038461536 0.47537115064102564 0.43276410897435896 0.46435920512820517 0.4301145192307692 0.4481981602564103 0.44089062179487176 0.4466482403846154 0.4592938942307693 0.4551177980769231 0.46681386217948717 0.4710644391025641 0.46832089743589744 0.47112876282051286 0.46463595512820516
16 0.09701031089743589 0.21728277564102563 0.09806710256410256 0.22713072756410257 0.10532978525641025 0.23340094230769232 0.11761292628205129 0.23361534294871794 0.12134075 0.23122303525641025 0.12157659294871795 0.21771158012820513 0.09701031089743589 0.21728277564102563
16 0.2540201153846154 0.23231027564102563 0.25382715384615384 0.24336510256410257 0.25744777564102567 0.2471143653846154 0.2721875448717949 0.24737164743589743 0.2735659391025641 0.23879489102564103 0.26882420512820515 0.2288826185897436 0.2590191314102564 0.22748277884615384 0.2540201153846154 0.23231027564102563
16 0.8792444391025642 0.38329408012820515 0.8742454198717948 0.3881215737179487 0.8814223397435896 0.39930504487179486 0.8851287243589744 0.3981410512820513 0.8827792980769231 0.39195659935897437 0.8901920608974359 0.3896286121794872 0.8915490192307692 0.38228016987179486 0.8792444391025642 0.38329408012820515
16 0.3868986602564103 0.29237803205128204 0.3771579102564102 0.2872932532051282 0.3672670737179487 0.2908066730769231 0.3670312307692308 0.3043181282051282 0.37683630448717953 0.30571796474358975 0.37429391666666667 0.31058834294871795 0.381642358974359 0.31194529807692306 0.3879125705128205 0.3046826153846154 0.3868986602564103 0.29237803205128204
16 0.6080871794871795 0.361359375 0.61422875 0.36146657692307693 0.621770157051282 0.35176870512820513 0.6146146762820514 0.3393569230769231 0.6060164775641026 0.3392068397435897 0.598517951923077 0.3464480833333333 0.5887128782051282 0.3450482467948718 0.5886485576923077 0.3487331891025641 0.5972681987179487 0.3476549583333333 0.5959541217948718 0.35254677243589744 0.6080871794871795 0.361359375
17 0.4009032435897436 0.26436265064102565 0.38734890705128205 0.2665834358974359 0.38590618910256413 0.27884513782051285 0.40056019871794873 0.2840156762820513 0.4045238653846154 0.2681119134615385 0.4009032435897436 0.26436265064102565
16 0.971242782051282 0.6736416826923077 0.9626445833333332 0.6734916025641026 0.9615020288461539 0.6685569038461538 0.9578170897435897 0.6684925833333333 0.9219601346153846 0.6813822692307693 0.8862532660256409 0.6856737564102564 0.8789476987179486 0.681860173076923 0.8628509743589743 0.6889513333333334 0.8407841987179488 0.6861087788461538 0.8247303557692308 0.6907433141025641 0.8246660352564101 0.6944282564102564 0.8124257756410257 0.6917572243589744 0.7963719326923077 0.6963917564102564 0.7410763525641025 0.6966552564102564 0.4527930737179487 0.7396993333333334 0.44859372756410254 0.7701860096153846 0.473202891025641 0.7681581858974359 0.47621696794871793 0.7362649006410257 0.4830508429487179 0.7671013942307692 0.5064745737179488 0.7625955032051283 0.5136514967948718 0.7737789711538462 0.9939223173076923 0.7821621314102564 0.9958090641025641 0.6740704903846153 0.9921455608974359 0.6727778525641026 0.9958948269230768 0.6691572307692307 0.982319048076923 0.6726063301282051 0.9787198653846153 0.6676287532051283 0.9810692948717948 0.6738132051282051 0.9724925352564102 0.6724348076923077 0.971349983974359 0.6675001121794871 0.9664152852564103 0.6686426634615384 0.971242782051282 0.6736416826923077
5 0.4934251602564102 0.3839317115384615 0.4947177980769231 0.38026820833333336 0.4911829358974359 0.3716056891025641 0.4636606826923077 0.32934988141025645 0.44900667307692305 0.3241793397435897 0.447778358974359 0.32415789743589746 0.44883515064102564 0.3340058525641026 0.47506477243589745 0.3799251634615385 0.477478516025641 0.38242466987179485 0.4934251602564102 0.3839317115384615
5 0.44581485897435896 0.29586379487179487 0.429154467948718 0.26485577884615386 0.4193708365384616 0.262227625 0.4181425192307692 0.2622061858974359 0.41801387820512825 0.2695760737179487 0.4382305705128205 0.30801829166666667 0.4454503717948718 0.3167451346153846 0.4467215673076923 0.3143099455128205 0.44581485897435896 0.29586379487179487
5 0.6425968237179487 0.7072231730769231 0.6721192403846153 0.7052811121794872 0.5435564134615384 0.4683575641025641 0.5363794903846154 0.45717409294871797 0.5156696762820513 0.4469830929487179 0.5154767115384615 0.4580379230769231 0.6425968237179487 0.7072231730769231