17 0.7781245384615385 0.5445915769230769 0.7781245384615385 0.5227161153846154 0.7562503076923077 0.5227161153846154 0.7562503076923077 0.5445915769230769 0.7781245384615385 0.5445915769230769
17 0.8343748461538462 0.5289664230769231 0.8093748461538463 0.5289664230769231 0.8093748461538463 0.5445915769230769 0.8125006153846154 0.5445915769230769 0.8156251538461537 0.5477161153846154 0.8281245384615386 0.5477161153846154 0.8343748461538462 0.5414658076923077 0.8343748461538462 0.5289664230769231
17 0.15937484615384617 0.45396642307692314 0.15937484615384617 0.42896642307692306 0.12812453846153846 0.42896642307692306 0.12812453846153846 0.45396642307692314 0.15937484615384617 0.45396642307692314
16 0.8593748461538462 0.5977161153846153 0.8874993846153847 0.5977161153846153 0.8906251538461538 0.594591576923077 0.8906251538461538 0.5633412692307692 0.8593748461538462 0.5633412692307692 0.8593748461538462 0.5977161153846153
16 0.6187496923076923 0.5570909615384615 0.6187496923076923 0.4977161153846154 0.5593748461538463 0.4977161153846154 0.5593748461538463 0.5570909615384615 0.6187496923076923 0.5570909615384615
17 0.015625153846153844 0.4914658076923077 0.05937484615384615 0.4914658076923077 0.06250061538461538 0.4883412692307692 0.06250061538461538 0.4508418846153846 0.015625153846153844 0.4508418846153846 0.015625153846153844 0.4914658076923077
17 0.9968754615384616 0.5633412692307692 0.9968754615384616 0.4820909615384616 0.9531245384615386 0.4820909615384616 0.9531245384615386 0.5633412692307692 0.9968754615384616 0.5633412692307692
16 0.15312453846153845 0.33834126923076924 0.15312453846153845 0.31334126923076927 0.1312503076923077 0.31334126923076927 0.1312503076923077 0.33834126923076924 0.15312453846153845 0.33834126923076924
16 0.5687496923076923 0.47896642307692305 0.5687496923076923 0.45709096153846157 0.5468754615384616 0.45709096153846157 0.5468754615384616 0.47896642307692305 0.5687496923076923 0.47896642307692305
16 0.9624993846153845 0.6133412692307691 0.9624993846153845 0.5633412692307692 0.9218754615384614 0.5633412692307692 0.9218754615384614 0.6133412692307691 0.95 0.6133412692307691 0.9531245384615386 0.6102167307692308 0.9562503076923077 0.6102167307692308 0.9593748461538462 0.6133412692307691 0.9624993846153845 0.6133412692307691
21 0.9968754615384616 0.6258418846153846 0.9968754615384616 0.46021673076923075 0.8843748461538462 0.46021673076923075 0.8843748461538462 0.6258418846153846 0.9968754615384616 0.6258418846153846
16 0.012499384615384615 0.3289664230769231 0.003124538461538461 0.3289664230769231 0.003124538461538461 0.36334126923076926 0.006250307692307692 0.36334126923076926 0.015625153846153844 0.35396642307692305 0.015625153846153844 0.33834126923076924 0.012499384615384615 0.33521673076923075 0.012499384615384615 0.3289664230769231
17 0.6343748461538461 0.4977161153846154 0.6343748461538461 0.5352167307692307 0.6375006153846154 0.5383412692307693 0.6375006153846154 0.5477161153846154 0.6593748461538461 0.5477161153846154 0.6593748461538461 0.4977161153846154 0.6343748461538461 0.4977161153846154
16 0.5374993846153846 0.5633412692307692 0.5374993846153846 0.49459157692307687 0.4937496923076923 0.49459157692307687 0.4937496923076923 0.5633412692307692 0.5374993846153846 0.5633412692307692
17 0.3687496923076923 0.4852167307692308 0.3687496923076923 0.45709096153846157 0.3406251538461538 0.45709096153846157 0.3406251538461538 0.4852167307692308 0.3687496923076923 0.4852167307692308
17 0.4093748461538462 0.4445915769230769 0.4093748461538462 0.41334126923076925 0.38437484615384615 0.41334126923076925 0.38437484615384615 0.4445915769230769 0.4093748461538462 0.4445915769230769
16 0.5437496923076923 0.4039664230769231 0.5187496923076923 0.4039664230769231 0.5187496923076923 0.4227161153846154 0.5281245384615385 0.4227161153846154 0.5312503076923077 0.41959157692307697 0.5406251538461538 0.41959157692307697 0.5437496923076923 0.4164658076923077 0.5437496923076923 0.4039664230769231
16 0.5672009871794872 0.4603646955128205 0.5561035769230769 0.45789860576923075 0.5474722564102564 0.4628307884615385 0.5462392115384616 0.47516124358974354 0.5511713942307692 0.47516124358974354 0.5524044391025641 0.48132647115384614 0.5672009871794872 0.4800934262820513 0.5709001217948718 0.47269515384615385 0.5672009871794872 0.4603646955128205
16 0.4180024647435897 0.39378023397435896 0.4254007403846154 0.3974793717948718 0.4192355128205128 0.4332376923076923 0.4266337852564103 0.438169875 0.45622688141025636 0.4394029198717949 0.4660912467948718 0.4295385576923077 0.4636251538461539 0.41720809935897435 0.44636251602564103 0.4098098269230769 0.44759556089743585 0.3987124166666667 0.43649815064102565 0.3888480512820513 0.44512947115384616 0.3740515032051282 0.43526510576923083 0.3641871378205128 0.42170160256410255 0.3654201826923077 0.4180024647435897 0.38021673076923074 0.40443896474358976 0.37898368589743586 0.38347718910256406 0.39501327884615384 0.38101109615384615 0.40734373397435897 0.3933415544871795 0.4184411442307693 0.4007398269230769 0.41720809935897435 0.4056720096153846 0.40734373397435897 0.41553637499999996 0.40241155128205125 0.4180024647435897 0.39378023397435896
16 0.34895191025641026 0.4048776442307692 0.36621455128205127 0.40241155128205125 0.36621455128205127 0.3876150064102564 0.3563501858974359 0.377750641025641 0.32675708974358975 0.3876150064102564 0.31689272435897436 0.37651759615384617 0.2983970416666667 0.377750641025641 0.2971639935897436 0.36788627564102566 0.28483353846153847 0.3666532307692308 0.28483353846153847 0.40734373397435897 0.307028358974359 0.40241155128205125 0.32059186217948715 0.4122759166666667 0.3292231826923077 0.4122759166666667 0.3378545 0.3974793717948718 0.34895191025641026 0.4048776442307692
16 0.4056720096153846 0.422140282051282 0.39087546153846153 0.4209072371794872 0.384710233974359 0.4295385576923077 0.38347718910256406 0.4394029198717949 0.38964241666666666 0.44926728525641024 0.4056720096153846 0.45050033333333334 0.4106041923076923 0.4443351025641026 0.4118372371794872 0.43077160256410263 0.4056720096153846 0.422140282051282
16 0.27250308333333334 0.3580219102564103 0.27620221794871797 0.3518566826923077 0.290998766025641 0.34569145512820515 0.28853267628205126 0.34075927243589743 0.2823674487179487 0.3432253621794872 0.2737361282051282 0.33089490705128205 0.2651048076923077 0.33089490705128205 0.2589395801282051 0.3234966314102564 0.2478421698717949 0.3321279519230769 0.22318125641025643 0.3296618621794872 0.22071516666666666 0.3333609967948718 0.21948212179487178 0.34075927243589743 0.2244143044871795 0.3493905897435897 0.25524044230769233 0.3518566826923077 0.2651048076923077 0.35925495512820516 0.27620221794871797 0.36048800000000003 0.27250308333333334 0.3580219102564103
16 0.4377311955128205 0.45050033333333334 0.43033292307692306 0.4591316506410257 0.431565967948718 0.4763942884615385 0.4426633782051282 0.4800934262820513 0.45622688141025636 0.4763942884615385 0.4586929711538462 0.4615977435897436 0.45376078846153844 0.4529664230769231 0.4377311955128205 0.45050033333333334
16 0.33292231730769234 0.4135089647435897 0.33415536217948716 0.438169875 0.35511713782051285 0.44063596794871795 0.3600493205128205 0.43200464743589745 0.35511713782051285 0.41597505448717953 0.3477188653846154 0.4122759166666667 0.33292231730769234 0.4135089647435897
16 0.46115906410256413 0.4739281987179487 0.46239210897435895 0.4874917019230769 0.48705302243589743 0.4862586538461539 0.48828606730769236 0.47762733653846157 0.4833538846153846 0.468996016025641 0.46855733653846154 0.46652992628205125 0.46115906410256413 0.4739281987179487
16 0.45376078846153844 0.3987124166666667 0.46855733653846154 0.4011785064102564 0.47348951923076926 0.38638195833333333 0.4673242916666667 0.38144977564102567 0.45622688141025636 0.3826828237179487 0.45376078846153844 0.3987124166666667
16 0.36621455128205127 0.35432277243589744 0.3822441442307692 0.3580219102564103 0.38594327884615387 0.34815754487179484 0.38347718910256406 0.3419923173076923 0.36744759615384615 0.3419923173076923 0.36621455128205127 0.35432277243589744
16 0.5573366217948718 0.45666556089743593 0.5462392115384616 0.4628307884615385 0.5462392115384616 0.4800934262820513 0.5548705288461538 0.48379256410256405 0.5684340320512821 0.4800934262820513 0.5721331698717949 0.46652992628205125 0.5672009871794872 0.4591316506410257 0.5573366217948718 0.45666556089743593
16 0.38594327884615387 0.4295385576923077 0.3871763269230769 0.4468011955128205 0.40690505448717945 0.44926728525641024 0.4118372371794872 0.43077160256410263 0.40443896474358976 0.41967419230769226 0.38964241666666666 0.42337332692307694 0.38594327884615387 0.4295385576923077
16 0.521578298076923 0.40857678205128206 0.521578298076923 0.42337332692307694 0.5351418012820514 0.4270724647435898 0.5425400737179488 0.41597505448717953 0.540073983974359 0.4098098269230769 0.5326757083333333 0.4048776442307692 0.521578298076923 0.40857678205128206
16 0.3625154134615385 0.4048776442307692 0.36621455128205127 0.39501327884615384 0.3649815032051282 0.38638195833333333 0.35758323076923076 0.37898368589743586 0.3464858205128205 0.38021673076923074 0.33415536217948716 0.3925471891025641 0.30209617628205127 0.3826828237179487 0.30209617628205127 0.3974793717948718 0.32059186217948715 0.4122759166666667 0.3304562275641026 0.41104287179487176 0.34032059294871797 0.3925471891025641 0.34895191025641026 0.4048776442307692 0.3625154134615385 0.4048776442307692
16 0.44759556089743585 0.45050033333333334 0.431565967948718 0.454199467948718 0.431565967948718 0.4763942884615385 0.44759556089743585 0.4800934262820513 0.45622688141025636 0.4763942884615385 0.4586929711538462 0.4628307884615385 0.4549938333333334 0.454199467948718 0.44759556089743585 0.45050033333333334
16 0.3477188653846154 0.4122759166666667 0.33292231730769234 0.4147420096153846 0.3304562275641026 0.4295385576923077 0.33415536217948716 0.438169875 0.35511713782051285 0.44063596794871795 0.3600493205128205 0.43077160256410263 0.35511713782051285 0.41597505448717953 0.3477188653846154 0.4122759166666667
16 0.45992601602564104 0.38021673076923074 0.45376078846153844 0.3876150064102564 0.4549938333333334 0.4011785064102564 0.4673242916666667 0.40241155128205125 0.47348951923076926 0.3962463237179487 0.4747225641025641 0.3888480512820513 0.46855733653846154 0.38144977564102567 0.45992601602564104 0.38021673076923074
16 0.4180024647435897 0.3876150064102564 0.41553637499999996 0.38144977564102567 0.4032059198717949 0.38021673076923074 0.3822441442307692 0.3974793717948718 0.3822441442307692 0.40857678205128206 0.39087546153846153 0.41597505448717953 0.3995067820512821 0.41597505448717953 0.4081381025641026 0.4036445993589744 0.41553637499999996 0.4011785064102564 0.4180024647435897 0.3876150064102564
16 0.431565967948718 0.4394029198717949 0.45622688141025636 0.4394029198717949 0.46239210897435895 0.4357037852564103 0.4648581987179487 0.4184411442307693 0.44636251602564103 0.40734373397435897 0.44512947115384616 0.39378023397435896 0.43649815064102565 0.3888480512820513 0.4426633782051282 0.37158541346153845 0.4340320576923077 0.3641871378205128 0.4266337852564103 0.36788627564102566 0.4254007403846154 0.3641871378205128 0.4192355128205128 0.38021673076923074 0.431565967948718 0.39131414102564105 0.42416769551282046 0.4011785064102564 0.4254007403846154 0.4122759166666667 0.4192355128205128 0.41967419230769226 0.4180024647435897 0.43200464743589745 0.431565967948718 0.4394029198717949
16 0.21085080128205128 0.41104287179487176 0.21824907371794872 0.41720809935897435 0.22564734935897435 0.4061106891025641 0.2244143044871795 0.39378023397435896 0.21208384615384615 0.3987124166666667 0.21085080128205128 0.41104287179487176
16 0.4747225641025641 0.5479109358974359 0.4722564743589744 0.5516100737179487 0.4673242916666667 0.5479109358974359 0.45622688141025636 0.5491439807692308 0.4586929711538462 0.5540761634615384 0.4525277435897436 0.5590083461538462 0.4717632564102564 0.5590083461538462 0.47348951923076926 0.5553092083333333 0.4845869294871795 0.5590083461538462 0.4747225641025641 0.5479109358974359
16 0.47348951923076926 0.5084534775641025 0.46239210897435895 0.5047543397435897 0.45376078846153844 0.5096865224358975 0.4426633782051282 0.5084534775641025 0.4574599262820513 0.5146187051282052 0.47102342628205124 0.5133856602564102 0.4833538846153846 0.5257161153846154 0.4845869294871795 0.5220169775641025 0.47348951923076926 0.5133856602564102 0.47348951923076926 0.5084534775641025
16 0.5363748461538461 0.4061106891025641 0.524044391025641 0.40734373397435897 0.5203452532051283 0.41967419230769226 0.524044391025641 0.42583941987179486 0.5326757083333333 0.4283055096153846 0.5413070288461538 0.41967419230769226 0.5413070288461538 0.4122759166666667 0.5363748461538461 0.4061106891025641
17 0.9906251538461538 0.6102167307692308 0.9906251538461538 0.5477161153846154 0.9312503076923077 0.5477161153846154 0.9312503076923077 0.6102167307692308 0.9781245384615384 0.6102167307692308 0.9812503076923077 0.6070909615384615 0.9843748461538462 0.6070909615384615 0.9874993846153846 0.6102167307692308 0.9906251538461538 0.6102167307692308
16 0.07812453846153847 0.3102167307692308 0.07812453846153847 0.33209096153846157 0.08749938461538462 0.33209096153846157 0.09062515384615386 0.33521673076923075 0.10312453846153846 0.33521673076923075 0.10312453846153846 0.3102167307692308 0.07812453846153847 0.3102167307692308
17 0.6718754615384616 0.46334126923076924 0.6718754615384616 0.4383412692307692 0.65 0.4383412692307692 0.65 0.46334126923076924 0.6718754615384616 0.46334126923076924
5 0.3057953141025641 0.6157284455128205 0.29963008653846157 0.6033979903846154 0.28976572115384613 0.6046310352564103 0.33292231730769234 0.7747913301282051 0.3773119615384615 0.7747913301282051 0.31812576923076924 0.6021649423076924 0.3082614070512821 0.6033979903846154 0.31072749679487177 0.6120293076923077 0.3057953141025641 0.6157284455128205
5 0.2675709006410257 0.4529664230769231 0.25647349038461537 0.4529664230769231 0.246609125 0.4369368301282051 0.246609125 0.45666556089743593 0.25647349038461537 0.4887247467948718 0.2651048076923077 0.48995779166666664 0.27003699038461537 0.48132647115384614 0.27990135576923075 0.48995779166666664 0.2675709006410257 0.4529664230769231
5 0.20838471153846155 0.3185644519230769 0.21701602884615384 0.33582708974358977 0.22194821153846156 0.3234966314102564 0.22071516666666666 0.3111661762820513 0.2096177564102564 0.30623399358974357 0.20838471153846155 0.3185644519230769
17 0.01726263782051282 0.26677653525641026 0.01726263782051282 0.2778739455128205 0.022194820512820512 0.2828061282051282 0.035758323717948716 0.28527221794871793 0.040690506410256407 0.28157308012820514 0.035758323717948716 0.26677653525641026 0.01726263782051282 0.26677653525641026
18 0.5561035769230769 0.5244830705128205 0.5561035769230769 0.5405126634615385 0.5635018493589744 0.5479109358974359 0.5684340320512821 0.546677891025641 0.5709001217948718 0.560241391025641 0.6128236730769231 0.5565422564102565 0.6177558557692308 0.5516100737179487 0.6251541314102564 0.5244830705128205 0.6128236730769231 0.5084534775641025 0.5992601730769231 0.501055201923077 0.5893958076923077 0.501055201923077 0.5733662147435897 0.5035212948717949 0.5598027115384615 0.5109195673076923 0.5622688044871794 0.51585175 0.5573366217948718 0.5195508878205128 0.5598027115384615 0.5220169775641025 0.5561035769230769 0.5244830705128205
18 0.42786683012820514 0.5294152532051282 0.431565967948718 0.5318813429487179 0.42786683012820514 0.5331143878205129 0.42909987820512824 0.5405126634615385 0.42046855769230773 0.5454448461538461 0.42046855769230773 0.5503770288461539 0.42786683012820514 0.5565422564102565 0.4438964230769231 0.5577753012820512 0.44512947115384616 0.5701057564102564 0.522811342948718 0.5664066217948718 0.5376078910256411 0.562707483974359 0.5425400737179488 0.5516100737179487 0.5524044391025641 0.5491439807692308 0.5474722564102564 0.5294152532051282 0.5425400737179488 0.5281822051282051 0.5450061666666667 0.5294152532051282 0.540073983974359 0.5318813429487179 0.540073983974359 0.5368135256410256 0.5351418012820514 0.5343474358974358 0.5376078910256411 0.5281822051282051 0.5289765737179487 0.5022882467948718 0.5289765737179487 0.501055201923077 0.5018495673076924 0.5059873846153846 0.4845869294871795 0.5170847948717948 0.4697903814102564 0.5059873846153846 0.43526510576923083 0.5084534775641025 0.42786683012820514 0.5146187051282052 0.42786683012820514 0.5294152532051282
22 0.6609124551282052 0.5059873846153846 0.6448828621794872 0.4998221570512821 0.6350184967948718 0.4998221570512821 0.6140567211538462 0.5084534775641025 0.6251541314102564 0.5244830705128205 0.6189889038461539 0.5540761634615384 0.6683107275641026 0.5479109358974359 0.6646115897435897 0.5133856602564102 0.6609124551282052 0.5059873846153846
7 0.6720098653846154 0.6021649423076924 0.6572133173076923 0.6379232660256411 0.6510480897435897 0.6416224038461539 0.6411837243589743 0.6650502692307693 0.6362515416666666 0.6971094551282052 0.6892725032051282 0.7168381858974359 0.6991368685897437 0.6995755480769231 0.6954377307692308 0.6416224038461539 0.723797782051282 0.5886014423076923 0.7299630096153846 0.546677891025641 0.7422934647435897 0.5417457083333334 0.723797782051282 0.5183178397435898 0.6855733653846153 0.5022882467948718 0.6806411826923077 0.48995779166666664 0.23921084935897438 0.4911908365384616 0.21948212179487178 0.4973560641025641 0.20838471153846155 0.5084534775641025 0.15413070192307693 0.5084534775641025 0.11220715064102564 0.51585175 0.11220715064102564 0.5244830705128205 0.11713933333333333 0.5281822051282051 0.11590628846153847 0.5713388044871796 0.0036991378205128204 0.5775040320512821 0.0024660897435897435 0.6280589006410257 0.007398272435897435 0.6317580384615384 0.6609124551282052 0.562707483974359 0.6843403205128206 0.5762709839743589 0.6831072756410256 0.5886014423076923 0.6720098653846154 0.6021649423076924
17 0.18125770512820513 0.32103054166666667 0.18372379807692307 0.30623399358974357 0.16769420512820513 0.3013018108974359 0.1639950673076923 0.31609835897435895 0.18125770512820513 0.32103054166666667
17 0.09494451282051282 0.3099331314102564 0.08384710256410256 0.30006876602564103 0.07151664743589743 0.3025348557692307 0.0727496923076923 0.3185644519230769 0.09494451282051282 0.3099331314102564
8 0.5437731185897436 0.34569145512820515 0.5425400737179488 0.36295409294871794 0.5413070288461538 0.3641871378205128 0.5450061666666667 0.37035236538461536 0.5487053012820513 0.37035236538461536 0.5524044391025641 0.36295409294871794 0.5524044391025641 0.3580219102564103 0.5573366217948718 0.3419923173076923 0.5610357596153847 0.33706013461538464 0.5598027115384615 0.3345940448717949 0.5635018493589744 0.32842881410256414 0.5610357596153847 0.3197974967948718 0.5659679423076923 0.30870008653846154 0.5672009871794872 0.29513658333333337 0.5745992596153846 0.28403917307692306 0.5745992596153846 0.28157308012820514 0.5721331698717949 0.27910699038461534 0.5635018493589744 0.27664090064102564 0.5487053012820513 0.27540785256410255 0.5487053012820513 0.2889713557692308 0.5425400737179488 0.30870008653846154 0.5425400737179488 0.31239922115384616 0.5450061666666667 0.31609835897435895 0.5425400737179488 0.32472967948717946 0.5462392115384616 0.3296618621794872 0.5462392115384616 0.33952622435897434 0.5437731185897436 0.34569145512820515
7 0.0863131923076923 0.23841648397435897 0.321824907051282 0.27047566987179483 0.3415536378205128 0.29883572115384616 0.33538841025641025 0.34075927243589743 0.35265104807692305 0.34445840705128206 0.3501849583333333 0.27664090064102564 0.34278668269230766 0.25937825961538463 0.32675708974358975 0.2507469423076923 0.2059186185897436 0.22115384615384615 0.07398273717948718 0.22115384615384615 0.06041923397435898 0.22608602884615386 0.06041923397435898 0.2371834391025641 0.06658446474358974 0.24088257692307694 0.0863131923076923 0.23841648397435897
9 0.28606658333333335 0.4048776442307692 0.2823674487179487 0.4061106891025641 0.2836004935897436 0.4209072371794872 0.2971639935897436 0.4295385576923077 0.3279901346153846 0.4184411442307693 0.3057953141025641 0.4011785064102564 0.28606658333333335 0.4048776442307692
9 0.2614056730769231 0.4048776442307692 0.2614056730769231 0.3962463237179487 0.2478421698717949 0.4011785064102564 0.246609125 0.4048776442307692 0.2614056730769231 0.4048776442307692
10 0.260172625 0.42583941987179486 0.260172625 0.44186901282051283 0.2959309487179487 0.4369368301282051 0.2959309487179487 0.4295385576923077 0.2823674487179487 0.41597505448717953 0.2823674487179487 0.4031513814102564 0.28093341666666666 0.37457801282051284 0.2999198525641026 0.3781378173076923 0.3283995064102564 0.36448800000000003 0.28853267628205126 0.33706013461538464 0.22318125641025643 0.3259627243589744 0.1738594326923077 0.33089490705128205 0.18125770512820513 0.34692449999999997 0.21331689423076924 0.3567888653846154 0.22688039423076922 0.39501327884615384 0.22564734935897435 0.40857678205128206 0.23427866987179485 0.40734373397435897 0.260172625 0.42583941987179486
10 0.2096177564102564 0.42337332692307694 0.2071516634615385 0.4357037852564103 0.23427866987179485 0.4332376923076923 0.23551171474358973 0.41967419230769226 0.23057953205128207 0.4122759166666667 0.22318125641025643 0.4122759166666667 0.2096177564102564 0.42337332692307694
9 0.25154130769230765 0.40857678205128206 0.23674475961538463 0.4209072371794872 0.2096177564102564 0.4122759166666667 0.19482120833333333 0.41597505448717953 0.16522811217948716 0.438169875 0.16152897756410256 0.455432516025641 0.2046855737179487 0.468996016025641 0.24414303205128204 0.454199467948718 0.27620221794871797 0.4270724647435898 0.27620221794871797 0.4209072371794872 0.25154130769230765 0.40857678205128206
13 0.647348951923077 0.4652968782051282 0.6337854487179487 0.4603646955128205 0.6239210865384616 0.44926728525641024 0.5967940801282051 0.4332376923076923 0.6226880384615385 0.43200464743589745 0.6288532660256411 0.42583941987179486 0.5918618974358975 0.41967419230769226 0.584463625 0.41967419230769226 0.5782983974358975 0.42337332692307694 0.5807644871794871 0.43077160256410263 0.6362515416666666 0.468996016025641 0.7188655993589743 0.47269515384615385 0.7139334166666667 0.4677629711538462 0.647348951923077 0.4652968782051282
16 0.6041923557692308 0.4122759166666667 0.6054254006410257 0.4122759166666667 0.6066584455128206 0.40857678205128206 0.6017262628205129 0.40241155128205125 0.5967940801282051 0.39994546153846156 0.5930949455128205 0.39994546153846156 0.5881627628205128 0.4036445993589744 0.586929717948718 0.4061106891025641 0.586929717948718 0.4135089647435897 0.5893958076923077 0.41720809935897435 0.5918618974358975 0.4184411442307693 0.5980271282051282 0.4184411442307693 0.6041923557692308 0.4122759166666667
16 0.6251541314102564 0.40734373397435897 0.6239210865384616 0.40241155128205125 0.6189889038461539 0.39994546153846156 0.615289766025641 0.39994546153846156 0.6115906282051282 0.40241155128205125 0.6103575833333333 0.4048776442307692 0.6103575833333333 0.4147420096153846 0.6128236730769231 0.41720809935897435 0.6226880384615385 0.4184411442307693 0.6226880384615385 0.4122759166666667 0.6251541314102564 0.40734373397435897
16 0.6374845865384616 0.4591316506410257 0.6411837243589743 0.4591316506410257 0.6448828621794872 0.45789860576923075 0.6498150416666666 0.4529664230769231 0.6510480897435897 0.45050033333333334 0.6510480897435897 0.4480342403846154 0.6485819967948718 0.4443351025641026 0.6522811346153846 0.4332376923076923 0.6510480897435897 0.4283055096153846 0.6461159070512821 0.42460637500000004 0.6399506794871795 0.42337332692307694 0.6362515416666666 0.42583941987179486 0.6362515416666666 0.4369368301282051 0.631319358974359 0.4394029198717949 0.6263871762820512 0.4455681506410257 0.6288532660256411 0.4529664230769231 0.631319358974359 0.45666556089743593 0.6374845865384616 0.4591316506410257