14 0.09669642948717949 0.8587970833333333 0.7410060128205128 0.8925639166666667 0.7855017179487179 0.043535278846153845 0.14119213461538463 0.009768445512820512 0.09669642948717949 0.8587970833333333
16 0.652158048076923 0.22575983012820514 0.6984962756410257 0.19325672435897437 0.7320054198717949 0.183369 0.7029672628205128 0.1449749326923077 0.6897242403846153 0.13845896474358974 0.636861814102564 0.1473324262820513 0.6105868525641025 0.1673025 0.6074344102564102 0.19042501602564102 0.635661157051282 0.24430170833333334 0.6434024711538461 0.2447074134615385 0.652158048076923 0.22575983012820514
16 0.6919885384615384 0.24337241346153846 0.668358891025641 0.24989660897435897 0.6517605737179487 0.2703738141025641 0.6532901955128205 0.2782165544871795 0.6906699967948717 0.2685316826923077 0.6919885384615384 0.24337241346153846
16 0.5490620448717949 0.15631554487179486 0.521866016025641 0.15683090384615384 0.49416286217948713 0.16702290705128206 0.4776659711538461 0.18556478525641026 0.4891847435897436 0.22498133974358972 0.46575794871794873 0.2276348782051282 0.46290978525641024 0.24495141346153845 0.48563482371794875 0.2927178397435898 0.5303420032051281 0.25430731730769235 0.5438893044871795 0.2550173012820513 0.5756741987179488 0.27803016025641025 0.5894243557692308 0.2748694903846154 0.593802141025641 0.2653956987179487 0.586466532051282 0.2572486762820513 0.6029634230769231 0.23870680448717949 0.6038762596153846 0.22128884615384614 0.5811512179487179 0.17352241987179487 0.5490620448717949 0.15631554487179486
16 0.44627854807692313 0.11793793910256409 0.41409617628205125 0.1395390608974359 0.40687022435897435 0.1663293846153846 0.41390155128205125 0.18028239102564103 0.47103211538461537 0.12699779487179486 0.44627854807692313 0.11793793910256409
16 0.4241347051282051 0.3923488878205128 0.43227349358974354 0.34814061217948716 0.46302766987179483 0.31676141987179485 0.42829317948717954 0.3130004198717949 0.3986546955128205 0.3230909967948718 0.3929748237179487 0.4314693974358974 0.40917566666666666 0.45560617628205125 0.4515418141025641 0.42483554166666665 0.45204894551282054 0.4151588974358974 0.4241347051282051 0.3923488878205128
17 0.7801857820512821 0.18977531089743588 0.8141088589743589 0.2090189391025641 0.8552578878205128 0.2014722532051282 0.8547425288461538 0.17427622435897436 0.8199998108974359 0.1336425544871795 0.7794593397435897 0.12957727564102564 0.7632667275641025 0.14231316346153847 0.755728266025641 0.13803680128205129 0.733831092948718 0.14853308333333334 0.72884475 0.16961884294871796 0.7433131121794871 0.18978354166666667 0.7801857820512821 0.18977531089743588
17 0.8095282179487179 0.22236338782051282 0.7992430192307692 0.2334682275641026 0.8003669358974359 0.24905228525641027 0.8340789326923076 0.23529390064102565 0.8230755192307692 0.22307337179487183 0.8095282179487179 0.22236338782051282
17 0.9439787243589743 0.21194384294871796 0.9662816025641024 0.1937062467948718 0.9715722275641026 0.1668145 0.9613802243589743 0.13911134294871794 0.9240936217948718 0.10998821794871795 0.8755075544871795 0.11132321794871795 0.8487254647435898 0.1409699326923077 0.8459787243589744 0.15635113782051283 0.8635145641025641 0.22907398076923075 0.8985533301282052 0.22702899679487176 0.9439787243589743 0.21194384294871796
17 1 0.0877612467948718 0.9793985064102565 0.09153954166666667 0.9569942083333334 0.11171246474358974 0.9545517435897437 0.12128767948717947 0.9735075544871794 0.1669159262820513 0.9699494070512821 0.1977797596153846 1 0.19674625641025642 1 0.0877612467948718
7 1 0.06859397435897435 0.9392637403846155 0.07973294551282051 0.8424041153846153 0.11346962820512821 0.8433251826923077 0.13292433974358975 0.9334659839743589 0.11630133333333333 0.9505796634615384 0.12302015705128205 0.9592338141025641 0.10600790384615386 0.9912133301282051 0.0882774391025641 1 0.08757130769230768 1 0.06859397435897435
7 1 0.19675833012820512 0.9813585256410255 0.20225897115384614 0.9644477019230769 0.19166949358974358 0.940310923076923 0.20787033653846157 0.909548516025641 0.20237685576923076 0.8633117115384615 0.2329446378205128 0.80810825 0.24945799038461539 0.7918142115384615 0.2641292051282051 0.7849939647435897 0.28317821474358973 0.7857286346153847 0.3802489198717949 0.7789166153846154 0.4361705961538462 0.7679214326923077 0.46082273717948713 0.8221613461538462 0.4626950064102564 0.8169296634615385 0.5254917596153846 0.8265048814102565 0.527934217948718 0.8250849134615384 0.5550288173076924 0.817242173076923 0.5565584391025641 0.814292580128205 0.5758103012820514 0.7953532275641025 0.6039273942307692 0.8028999198717949 0.6450764230769231 0.8156358076923077 0.6612690352564102 0.8470999711538462 0.616342544871795 0.8609789070512821 0.2774571955128205 0.8772729487179487 0.2627859775641026 1 0.2375471346153846 1 0.19675833012820512