11 0.5713457147435897 0.360604766025641 0.562451326923077 0.3523106185897436 0.550259544871795 0.3551948621794872 0.5420355480769231 0.33089705128205127 0.5344975352564102 0.32624328205128206 0.5110416057692309 0.3233746314102564 0.502232967948718 0.3175359871794872 0.4863579294871795 0.32054885576923076 0.4820471538461538 0.33790889102564103 0.49242653846153844 0.3535266858974359 0.4899008814102564 0.38680463782051283 0.47021396153846157 0.3862628653846154 0.4654744455128205 0.391345375 0.4647611826923077 0.40612128205128206 0.4701438076923077 0.4194550705128205 0.4632060320512821 0.4319898397435898 0.44517560576923076 0.4436827275641026 0.4446338365384615 0.4633696474358974 0.4633931217948718 0.47254856089743585 0.4813378012820513 0.45840016666666666 0.4719289230769231 0.43537298397435903 0.48407783012820516 0.43126098076923075 0.5278209134615385 0.4518599391025641 0.5271778012820513 0.43344365064102564 0.5516042371794873 0.4289029070512821 0.5371986025641026 0.4035917115384615 0.543493266025641 0.3726406474358974 0.5518731666666666 0.36620176602564103 0.5766425929487179 0.37148304807692306 0.5798113621794873 0.356621391025641 0.5713457147435897 0.360604766025641
11 0.2863472403846154 0.2955728814102564 0.28770361217948714 0.299213266025641 0.30112314743589746 0.2962861442307692 0.30988891346153846 0.3008970384615384 0.32042419871794875 0.28577813461538465 0.3041204198717949 0.27651347756410255 0.3004644423076923 0.2422221442307692 0.2951675608974359 0.2313438653846154 0.2890287980769231 0.2315582371794872 0.29229891025641025 0.25479979166666666 0.2863472403846154 0.2955728814102564
11 0.5754421185897436 0.33710596794871794 0.575769516025641 0.31128028205128205 0.5706012596153845 0.3040852628205128 0.5593799903846154 0.2995601185897436 0.5448184487179487 0.3049856185897436 0.5416496794871795 0.31984727243589745 0.5483029326923077 0.3343659391025641 0.5661910961538462 0.33619977243589744 0.5727722435897435 0.33105295192307693 0.5754421185897436 0.33710596794871794
11 0.6145353461538462 0.47095830769230773 0.6150069615384616 0.4844635865384615 0.6277132307692308 0.496312375 0.6363075032051282 0.49601225641025637 0.6507404166666667 0.4869035 0.646414048076923 0.46861583012820507 0.6350641538461539 0.46040742628205134 0.6145353461538462 0.47095830769230773
11 0.4679260384615384 0.2855442596153846 0.45941751923076923 0.2882998846153846 0.45599150641025643 0.29579502243589745 0.46255900641025643 0.3078581826923077 0.44926809615384616 0.3144685608974359 0.46040362179487176 0.3165381987179487 0.4630306217948718 0.3213634615384615 0.4662422692307692 0.3077295608974359 0.47348016346153843 0.3037890576923077 0.4797904230769231 0.3084856955128205 0.47873416346153846 0.3134395833333333 0.4849158044871795 0.31445296474358975 0.4870283173076923 0.30454519230769234 0.4907544487179487 0.30564432371794875 0.48550044551282046 0.29599379807692305 0.47809105448717953 0.2950232884615384 0.4679260384615384 0.2855442596153846
11 0.6055941698717948 0.35572103525641025 0.6126605705128205 0.34686951923076925 0.6124462019230769 0.3407307564102564 0.6048224358974359 0.333621483974359 0.5914886538461538 0.33900411217948717 0.5894618910256411 0.35136738782051286 0.6055941698717948 0.35572103525641025
11 0.1707513782051282 0.2590443237179487 0.18180115384615386 0.2586584583333333 0.18387079166666664 0.24752293589743588 0.17997316346153847 0.24151279166666667 0.1651972532051282 0.24079952884615383 0.1631276185897436 0.2519350512820513 0.1707513782051282 0.2590443237179487
11 0.24454517307692308 0.2601551378205128 0.2580504519230769 0.25968352243589743 0.25880659294871794 0.24613536858974358 0.2537240833333333 0.24139585576923075 0.24148942948717947 0.24305234615384613 0.24073329166666668 0.2566005032051282 0.24454517307692308 0.2601551378205128
10 0.5060019743589743 0.31986286858974355 0.4808895512820513 0.3047595641025641 0.47694905128205123 0.2975216698717949 0.4576051217948718 0.30680192307692306 0.450109983974359 0.30337591025641025 0.43918883012820514 0.30744503525641026 0.43974619230769235 0.3234058205128205 0.44351519871794876 0.3257327051282051 0.46057511858974354 0.3214492115384615 0.4692980096153846 0.32483234935897437 0.46255900641025643 0.3078581826923077 0.4721666602564103 0.30137642628205125 0.47834829807692303 0.3023898044871795 0.48487292948717947 0.3132252115384615 0.479120032051282 0.324489358974359 0.4949093237179487 0.31902098397435896 0.4999489583333333 0.3225327467948718 0.5010052115384616 0.31757885897435895 0.5036322147435898 0.322404125 0.5060019743589743 0.31986286858974355
10 0.9170029743589743 0.40262115064102566 0.916574233974359 0.3903436217948718 0.9102639711538462 0.385646983974359 0.902312814102564 0.40436339743589744 0.8838536474358974 0.4037787532051282 0.8843252628205129 0.41728403205128206 0.892919532051282 0.4169839134615385 0.8938471666666666 0.40834677243589745 0.9170458493589744 0.40384890705128207 0.9188195000000001 0.4049439070512821 0.9170029743589743 0.40262115064102566
10 0.905754423076923 0.4325159615384615 0.9252269711538462 0.4269189647435897 0.9328507339743589 0.4340282371794872 0.9451711378205128 0.43482725320512816 0.9571056730769231 0.42457648397435893 0.9543071762820512 0.41484021153846157 0.9479969166666666 0.4101435705128205 0.9393597692307691 0.4092159358974359 0.9272966121794872 0.4157834391025641 0.9217538846153847 0.4086960544871795 0.9221712307692308 0.4098161730769231 0.9015138012820513 0.4166837948717949 0.9019425416666667 0.42896132371794876 0.905754423076923 0.4325159615384615
10 0.6533050352564103 0.3491379358974359 0.6581731762820513 0.3477386858974359 0.6627840705128205 0.3389729198717949 0.648635673076923 0.32102824038461536 0.6412691570512821 0.3212854871794872 0.6366582628205129 0.33005124999999996 0.6234959743589743 0.340344891025641 0.6226969647435897 0.35266529166666666 0.6289643525641025 0.35613418269230773 0.6547042884615385 0.3540060705128205 0.6533050352564103 0.3491379358974359
10 0.26798941346153843 0.3330914487179487 0.255626141025641 0.3310646891025641 0.2472462403846154 0.3375035705128205 0.24627573076923076 0.3449129615384615 0.25411386217948717 0.3581609967948718 0.27011752243589743 0.3588313846153846 0.27599904487179483 0.35125049999999997 0.27574179807692306 0.343883983974359 0.26798941346153843 0.3330914487179487
10 0.7916279647435898 0.367663342948718 0.7830336955128205 0.36796346153846154 0.7770664262820512 0.3730888429487179 0.7775380416666666 0.386594125 0.7838054294871795 0.3900630128205128 0.7960400833333333 0.38840651923076924 0.8006509743589744 0.3796407532051282 0.8003937307692308 0.372274233974359 0.7916279647435898 0.367663342948718
10 0.3120871762820513 0.2934447724358974 0.3126874134615385 0.3106333108974359 0.3239086826923077 0.3151584551282051 0.3311894519230769 0.31244570833333335 0.33461546794871794 0.3049505673076923 0.33181696794871796 0.2952142916666667 0.3230512019230769 0.29060340064102563 0.3120871762820513 0.2934447724358974
10 0.8354412019230768 0.3550700993589743 0.8270613012820512 0.36150898076923077 0.8286749230769231 0.37251588461538465 0.8445928333333333 0.37073076602564103 0.8467053493589745 0.3608229967948718 0.8494609711538461 0.36933151923076923 0.8556854839743588 0.371572657051282 0.8566559935897436 0.36416326602564103 0.8614812564102564 0.3615362628205128 0.85894 0.3591665032051282 0.8686334038461538 0.3551402532051282 0.8601248814102564 0.35789587820512825 0.8599533846153846 0.3529848653846154 0.8491608525641025 0.36073725 0.8415799647435898 0.35485572756410255 0.8354412019230768 0.3550700993589743
10 0.7248148237179487 0.3552455064102564 0.7226165608974359 0.3626977756410256 0.7277848141025641 0.3698927948717949 0.7437027275641025 0.3681076794871795 0.7470858717948717 0.3593847884615385 0.7430596185897436 0.34969138782051284 0.731966967948718 0.3488495 0.7248148237179487 0.3552455064102564
10 0.7650461442307692 0.3808841025641026 0.7733831698717949 0.37321746474358974 0.7743108044871795 0.3645803205128205 0.7679147948717949 0.3574281730769231 0.7557230128205129 0.36031241987179485 0.7513264935897437 0.3752169519230769 0.7650461442307692 0.3808841025641026
10 0.6903519935897436 0.35399047756410257 0.6935636378205128 0.3403565737179487 0.6872105032051282 0.33443217948717946 0.6786162307692307 0.33473229807692306 0.6726489647435897 0.3398576794871795 0.6731634551282051 0.3545907147435897 0.6903519935897436 0.35399047756410257
10 0.5890604262820514 0.3046699038461539 0.5838064230769231 0.2950193782051282 0.577667657051282 0.2952337467948718 0.5706012596153845 0.3040852628205128 0.5496008397435898 0.3011308653846154 0.5497723365384615 0.306041875 0.5706441346153845 0.30531301602564104 0.5783107692307693 0.31365004166666666 0.5880041730769231 0.30962379166666665 0.5890604262820514 0.3046699038461539
10 0.7167623173076922 0.3358587051282051 0.7151915737179487 0.32607955769230773 0.7227295865384615 0.33073332692307694 0.7100233173076923 0.31888453846153847 0.702699673076923 0.32036953525641026 0.7016862948717948 0.3265511730769231 0.696775282051282 0.3267226698717949 0.6994451570512821 0.3327756858974359 0.7128646891025641 0.3298485641025641 0.7167623173076922 0.3358587051282051
10 0.30239377564102565 0.2974710256410256 0.3138722916666667 0.3093626858974359 0.31746980128205127 0.3067785576923077 0.31975692628205127 0.30891133974358975 0.31865467948717946 0.3055079294871795 0.3074334070512821 0.30098278525641026 0.3078894294871795 0.278840358974359 0.3128004391025641 0.2786688653846154 0.3230512019230769 0.29060340064102563 0.3235656891025641 0.3053364326923077 0.3287768205128205 0.3137592083333333 0.33185984294871795 0.2964420480769231 0.32432182692307693 0.2917882788461538 0.3022924294871795 0.25936781089743594 0.3000785737179487 0.23117236858974358 0.2902565512820513 0.23151536217948718 0.29047092307692307 0.23765412500000002 0.29915093910256413 0.2398095128205128 0.30059306410256414 0.24590540384615386 0.2906852916666667 0.24379289102564103 0.29229891025641025 0.25479979166666666 0.28777376602564103 0.2660210641025641 0.30250680128205126 0.26550657692307694 0.3053910480769231 0.27769835576923074 0.29866764102564103 0.29637189102564104 0.2881167564102564 0.2758430865384615 0.2863901153846154 0.2968006314102564 0.30239377564102565 0.2974710256410256
10 0.636291907051282 0.4603645512820512 0.6276976346153846 0.46066466987179483 0.613393342948718 0.47345668589743595 0.6138220833333333 0.485734217948718 0.6253005993589743 0.4976258782051282 0.6375781282051282 0.49719713782051284 0.6508690384615385 0.49058675961538467 0.6503116762820513 0.47462597115384614 0.636291907051282 0.4603645512820512
10 0.1682958717948718 0.2591300737179487 0.18302890705128205 0.25861558333333334 0.18522716987179488 0.2511633205128205 0.18120091666666666 0.2414699198717949 0.1640123782051282 0.24207015705128207 0.16185699038461537 0.25075017628205126 0.1682958717948718 0.2591300737179487
10 0.7995363012820513 0.7349329455128205 0.8017774391025642 0.7287084326923077 0.8058036891025642 0.7384018333333333 0.8129558365384616 0.7320058237179488 0.8191374743589743 0.7330192051282051 0.8286165032051281 0.722854189102564 0.8301872467948718 0.7326333397435898 0.8265468653846154 0.7339897147435898 0.8291309935897436 0.7375872243589744 0.8255763557692307 0.7413991057692307 0.8329 0.7399141057692308 0.8351411346153846 0.7336895961538462 0.8413656474358974 0.7359307307692308 0.8427648942307693 0.7407988685897435 0.8380253814102563 0.745881375 0.8456062692307693 0.7517628942307693 0.8433445032051282 0.7556795352564103 0.8459492628205129 0.7615849166666667 0.8568704134615385 0.7575157916666667 0.8643655544871794 0.7609418076923077 0.9277998589743589 0.7587266314102564 0.9325623493589743 0.7425800705128205 0.9365886025641026 0.7522734711538462 0.9341424326923078 0.7585051442307692 0.940486233974359 0.7582836153846154 0.9308201089743589 0.7278899134615384 0.9246813461538462 0.728104282051282 0.925223112179487 0.7084173653846154 0.9139160929487179 0.7014367115384615 0.9112033429487179 0.6941559423076923 0.878139766025641 0.6977690480769231 0.8594662275641025 0.691045641025641 0.8608654743589744 0.6959137788461539 0.8572250897435898 0.6972701538461539 0.8532845865384615 0.6900322596153846 0.8460038205128205 0.6927450096153847 0.8461753173076924 0.6976560192307693 0.8511291987179487 0.6987122788461538 0.8521854583333334 0.6937583910256411 0.8560402115384615 0.6985407820512821 0.847617439102564 0.7037519102564103 0.8541420705128205 0.7145873173076923 0.8509733012820513 0.7294489743589744 0.8437782788461539 0.7346172307692308 0.8338705096153846 0.732504717948718 0.8323855096153846 0.7251810737179487 0.8353680480769231 0.7201119038461539 0.8223491185897436 0.7193853012820514 0.8209069935897435 0.7132894134615385 0.8211213653846153 0.7194281762820512 0.8161674775641026 0.7183719198717948 0.8188373557692308 0.7244249358974358 0.8126985897435898 0.7246393044871795 0.8125699679487179 0.720956048076923 0.8028336955128206 0.7237545448717949 0.8102859583333334 0.7259528076923077 0.8104145801282051 0.7296360673076924 0.8005068108974359 0.7275235512820513 0.7966091826923077 0.7215134102564102 0.7989360641025641 0.7177444038461538 0.8162532275641026 0.720827423076923 0.8122698493589743 0.7123617788461539 0.8183657403846153 0.7109196538461539 0.8204782532051282 0.7010118814102564 0.8085865929487179 0.7124904006410256 0.7864441666666666 0.7120343782051283 0.7825036634615384 0.704796483974359 0.7544797179487179 0.7119213525641026 0.7414889262820513 0.727126 0.7381486602564102 0.7370766506410257 0.717319733974359 0.7390332596153846 0.7022437083333333 0.7297257275641026 0.6580017307692307 0.7300414391025641 0.6285512564102564 0.766718125 0.6274092532051282 0.7692165032051282 0.715996532051282 0.7661229679487179 0.7186761121794871 0.7426736442307692 0.7273561282051282 0.744829032051282 0.7357789006410257 0.7396179006410256 0.7223243685897436 0.7659019935897435 0.7286522083333333 0.7656810224358974 0.7325672596153846 0.7532518044871795 0.7413758974358975 0.7590904487179487 0.7349788205128205 0.7654600897435897 0.7439171506410256 0.7614602083333333 0.7476344967948718 0.7650181442307693 0.7856002980769231 0.7636923493589743 0.7893440064102564 0.7598738685897436 0.7919281346153847 0.7634713782051282 0.8085593141025641 0.7469103525641027 0.7995363012820513 0.7349329455128205
10 0.16656922435897434 0.2800876217948718 0.15780346153846153 0.2754767275641026 0.14565455448717948 0.27958872435897436 0.14358491346153845 0.29072425 0.1601888108974359 0.30858318269230767 0.16764107692307692 0.3107814391025641 0.17729160256410256 0.30552743910256414 0.17686286217948718 0.29324991025641023 0.16656922435897434 0.2800876217948718
10 0.6072078461538462 0.753941701923077 0.5898049326923077 0.7484031730769231 0.5616094903846154 0.750617032051282 0.5421369423076923 0.7562140256410256 0.5325721634615385 0.7639235384615385 0.5279612724358974 0.7726893044871794 0.5326150384615385 0.7651512916666666 0.534451173076923 0.7724626698717949 0.6188149807692308 0.7695166217948718 0.6072078461538462 0.753941701923077
10 0.5201308878205128 0.417709483974359 0.510402407051282 0.41067370512820517 0.5089602852564103 0.4045778173076923 0.49295662500000004 0.4039074262820513 0.4934711121794872 0.4186404615384616 0.5201308878205128 0.417709483974359
10 0.47852370512820513 0.41301618589743594 0.4898307275641026 0.4199968365384616 0.4736126955128205 0.4131876826923077 0.4737413205128205 0.41687094230769234 0.4786094551282052 0.41547168910256405 0.4850483365384615 0.4238515897435897 0.4814937019230769 0.4276634711538462 0.48407783012820516 0.43126098076923075 0.49017372115384616 0.429818858974359 0.4887315961538462 0.423722967948718 0.49224335897435895 0.4186833365384615 0.4934711121794872 0.4186404615384616 0.48847435256410254 0.4163564519230769 0.48694648076923075 0.40780505448717946 0.47852370512820513 0.41301618589743594
10 0.5029657403846154 0.44412315384615386 0.5103322564102565 0.44386591025641026 0.5113027628205129 0.436456516025641 0.526035798076923 0.43594202884615385 0.5254784358974359 0.4199812403846154 0.5438518557692308 0.4181103782051282 0.536099467948718 0.407317842948718 0.5325877083333334 0.41235748076923073 0.5263631955128205 0.41011634294871796 0.5253926858974359 0.4175257371794872 0.5217523044871795 0.4188821121794871 0.5202629487179486 0.4178049903846154 0.4963124871794871 0.42960449038461535 0.4952991025641026 0.4357861282051282 0.5029657403846154 0.44412315384615386
10 0.938213907051282 0.6932127147435897 0.9479073076923077 0.6891864615384615 0.9491779326923077 0.6903713397435898 0.9513333205128205 0.6816913237179487 0.9244942532051282 0.6875455641025641 0.9233522499999999 0.6900439455128206 0.9380852852564103 0.6895294551282052 0.938213907051282 0.6932127147435897
10 0.9554881955128206 0.695067983974359 0.9610695961538462 0.678892826923077 0.9550165801282051 0.6815627019230769 0.9565015769230769 0.6888863429487179 0.952946939102564 0.6926982243589743 0.9491779326923077 0.6903713397435898 0.9542604423076924 0.6951108557692307 0.9506200544871795 0.6964672307692308 0.9524051730769231 0.7123851442307692 0.9567588205128206 0.696252858974359 0.9615191891025641 0.6952876121794872 0.9554881955128206 0.695067983974359
10 1 0.672616342948718 0.9928196730769232 0.6728670865384615 0.9906642852564104 0.6815471057692307 0.9857104006410257 0.6804908493589743 0.9854531538461538 0.6731243301282052 0.9690499871794872 0.6786141442307692 0.9712346121794871 0.6883718557692308 0.9675513525641025 0.6885004775641026 0.9727196057692308 0.6956954967948717 0.9640025384615385 0.695378048076923 0.9631119551282051 0.7021772532051282 0.9703498525641024 0.6982367532051281 0.9716633525641026 0.7006493846153846 0.9739473621794872 0.695652625 0.9778021153846154 0.7004350128205128 0.9775448717948719 0.6930684935897435 0.9882945288461539 0.6840883589743589 0.9902940160256409 0.7061450384615384 0.9769602275641026 0.7115276634615385 0.9622271955128204 0.7120421506410256 0.979501483974359 0.7138974198717949 0.980900733974359 0.7187655576923077 0.9919505096153847 0.7183796891025641 0.9942345192307692 0.7133829326923077 0.9901653942307692 0.7024617756410256 0.9948191602564103 0.6949237628205128 0.990878657051282 0.6876858717948718 1 0.683505967948718 1 0.672616342948718
10 0.46931751602564103 0.46619542628205124 0.47896804487179484 0.4609414230769231 0.47853930448717946 0.44866389423076924 0.46977353525641025 0.444053 0.47188605128205124 0.4341452275641026 0.46075052884615386 0.4320755897435897 0.44517560576923076 0.4436827275641026 0.4445909615384615 0.46214189743589745 0.45344247756410255 0.4692082948717949 0.46944614102564103 0.4698786826923077 0.46931751602564103 0.46619542628205124
10 0.08276631730769231 0.23876108012820516 0.0843370641025641 0.24854022756410257 0.09191794871794871 0.25442175 0.10419547756410256 0.2539930096153846 0.10779298717948717 0.2514088782051282 0.107321375 0.23790359935897434 0.08276631730769231 0.23876108012820516
10 0.2403474262820513 0.2455507275641026 0.24073329166666668 0.2566005032051282 0.24454517307692308 0.2601551378205128 0.2592782083333333 0.25964064743589743 0.26020583974358974 0.2510035064102564 0.25495183653846154 0.24135298076923078 0.2450869391025641 0.24046821794871795 0.2403474262820513 0.2455507275641026
10 0.8726167820512821 0.3636059038461538 0.8678772628205129 0.36868840705128203 0.8756296474358976 0.3794809423076923 0.8792700352564102 0.37812456410256406 0.8766001570512821 0.37207154807692305 0.8838809262820513 0.3693587980769231 0.8848514358974359 0.36194940705128203 0.8726167820512821 0.3636059038461538
10 0.3761875705128205 0.29858183653846154 0.3661940512820513 0.29401381730769227 0.35650064743589743 0.2980400673076923 0.3569722596153846 0.3115453525641026 0.3668371602564102 0.3124301121794872 0.36455315064102567 0.3174268717948718 0.37196254166666665 0.3183973782051282 0.37784406089743594 0.31081649358974356 0.3761875705128205 0.29858183653846154
10 0.6006831602564103 0.3558925320512821 0.6068219262820512 0.35567816025641025 0.6138454487179487 0.3455988942307692 0.6060501923076923 0.333578608974359 0.5974559198717949 0.3338787275641026 0.5903466506410256 0.3415024903846154 0.5804817532051282 0.3406177275641025 0.580610375 0.3443009871794872 0.5891617724358975 0.34277311538461536 0.5881055128205128 0.347727 0.6006831602564103 0.3558925320512821
11 0.38870674679487177 0.26987190705128206 0.3752872147435898 0.27279902884615387 0.3744881987179487 0.28511943269230766 0.38939273076923075 0.2895159519230769 0.392518625 0.2734265416666667 0.38870674679487177 0.26987190705128206
10 1 0.6442358942307692 0.9906915641025642 0.6471271506410257 0.9868368076923076 0.6423447628205128 0.989506685897436 0.6483977788461538 0.9808695416666666 0.6474701442307692 0.9794702916666668 0.6426020064102564 0.9746021538461539 0.6440012564102564 0.9796846634615384 0.6487407724358975 0.9710903910256411 0.649040891025641 0.9696911442307692 0.6441727532051282 0.9660078878205127 0.6443013750000001 0.9308746698717949 0.6590500032051282 0.8954413333333334 0.6652043653846154 0.8879461923076923 0.6617783493589743 0.8722426474358974 0.6697022307692307 0.8500573493589744 0.6680184551282051 0.8342680576923076 0.6734868333333334 0.8343966794871795 0.6771700897435898 0.8220334038461539 0.6751433237179487 0.8062441153846154 0.680611701923077 0.7510381057692308 0.6837687852564103 0.4654026634615385 0.7418414551282051 0.4628046185897436 0.7725061249999999 0.4872739294871795 0.7691931378205128 0.48861471153846153 0.7371858141025641 0.4970530801282051 0.767622391025641 0.5202088846153846 0.7618967724358975 0.5279612724358974 0.7726893044871794 1 0.7562053461538462 1 0.6442358942307692