9 0.13641027564102565 0.8989882564102564 0.780719858974359 0.8652214230769232 0.7362241538461538 0.016192785256410255 0.09191457051282051 0.04995961858974359 0.13641027564102565 0.8989882564102564
10 0.622658608974359 0.21135730128205127 0.6653454903846154 0.17418858333333334 0.6976375192307692 0.1608523653846154 0.6647451602564102 0.1257039423076923 0.6508935833333334 0.1206079423076923 0.5992482692307692 0.13495842307692307 0.5752046891025641 0.15756557692307693 0.5744864775641025 0.18089094871794872 0.6081902403846154 0.23152199679487181 0.6159315544871795 0.23111629166666667 0.622658608974359 0.21135730128205127
10 0.6641119166666667 0.22470997756410258 0.6412936794871795 0.23366840705128206 0.6269267403846154 0.2557684326923077 0.6292677724358975 0.26340832051282054 0.6654304583333334 0.24986925 0.6641119166666667 0.22470997756410258
10 0.5128684711538462 0.15306990384615385 0.4858752948717949 0.15642519871794872 0.4593892532051282 0.1694571378205128 0.4449208878205128 0.18962183653846154 0.4604967147435897 0.22761842307692307 0.43747562179487176 0.2327061923076923 0.4364531314102564 0.2502255769230769 0.4640466346153846 0.29535492307692307 0.504493907051282 0.2524816442307692 0.5180412115384616 0.25177166025641023 0.552057483974359 0.2713360288461538 0.5654019326923078 0.26675538782051283 0.5687654583333334 0.25687589102564107 0.5606184358974359 0.24954028205128204 0.5750868012820514 0.22937558653846155 0.5741739647435897 0.2119576282051282 0.5465804647435898 0.16682828525641025 0.5128684711538462 0.15306990384615385
10 0.40663648076923076 0.12564633653846152 0.37688833974358976 0.15049309935897437 0.3725023237179487 0.17789198076923077 0.3809536185897436 0.1910335737179487 0.43220145833333334 0.13206910897435897 0.40663648076923076 0.12564633653846152
10 0.41329769551282053 0.4008686955128205 0.4167708782051282 0.3560518621794872 0.44407656089743586 0.3216298814102564 0.40913921794871794 0.3215202275641026 0.38071784935897435 0.334653592948718 0.38639772115384613 0.4430319903846153 0.40503279166666667 0.4653430993589744 0.44395044551282054 0.4303125608974359 0.44344331410256405 0.42063591666666666 0.41329769551282053 0.4008686955128205
11 0.7462235833333333 0.16218736538461537 0.7819723365384615 0.17777964743589744 0.8221071025641026 0.1659730576923077 0.8187518076923077 0.1389798814102564 0.7799520384615385 0.10220041025641025 0.7392087147435897 0.10239503205128206 0.7244360705128206 0.1167537435897436 0.7164919038461539 0.11328879166666667 0.6958118461538462 0.12601645192307692 0.6930568782051282 0.14750791666666666 0.7095537692307692 0.16604979166666667 0.7462235833333333 0.16218736538461537
11 0.7788116634615384 0.19152980128205127 0.7697435769230769 0.20364890384615383 0.7724903141025641 0.21903010897435898 0.8045794903846153 0.20182323076923078 0.7923589615384615 0.19081981730769232 0.7788116634615384 0.19152980128205127
11 0.9114364967948717 0.1671134326923077 0.9317108493589743 0.14664445512820512 0.9341615352564102 0.11934700641025642 0.921129596153846 0.09286096474358975 0.8810030608974359 0.06779489102564103 0.8328226987179488 0.07420120192307691 0.8092862467948718 0.10648500000000001 0.8081623301282052 0.12206905769230769 0.8332037147435898 0.19256052564102566 0.8678367756410257 0.1868641923076923 0.9114364967948717 0.1671134326923077
11 0.9139036442307693 0.06607064423076923 0.9124754455128206 0.07584871153846154 0.9360968653846155 0.11924558012820514 0.9357843557692308 0.15031226282051283 0.980094060897436 0.1441087980769231 0.9742113397435898 0.03185974358974359 0.9340765673076924 0.043666339743589744 0.9139036442307693 0.06607064423076923
2 0.9454856858974359 0.03918712179487179 0.9743127660256411 0.033795073717948716 0.973197076923077 0.012506458333333333 0.8929275384615385 0.036119647435897434 0.8001249647435897 0.07979610576923077 0.8030745544871795 0.09904796794871795 0.8909839807692308 0.07309374358974359 0.9087062147435898 0.07798689423076924 0.9155346955128204 0.060163230769230774 0.9454856858974359 0.03918712179487179
2 0.8357393717948717 0.2409437371794872 0.8504105897435897 0.2246496987179487 0.9821225865384616 0.18281537179487178 0.9798912083333334 0.14023814423076922 0.9475991794871794 0.1535743621794872 0.929674092948718 0.14481055448717947 0.9073629871794873 0.1634456282051282 0.8761948782051281 0.16119778846153845 0.8334065673076924 0.19643117948717947 0.7802316314102564 0.21862440384615384 0.7655604102564103 0.23491843910256408 0.7607686891025641 0.2545760064102564 0.7716459871794872 0.35103815384615383 0.7707166923076922 0.4073655352564102 0.7623585897435898 0.4330319391025641 0.8164970801282051 0.42922433653846154 0.8178581057692308 0.4922239423076923 0.827636173076923 0.4936521378205128 0.8290561410256411 0.5207467371794872 0.8214162532051282 0.5230877692307693 0.8204951858974359 0.542542483974359 0.8045986217948718 0.57248525 0.8164052179487179 0.6126200160256411 0.8307639262820513 0.6273926602564103 0.8573596282051281 0.5794233814102564 0.8357393717948717 0.2409437371794872