14 0.09049598076923078 0.8517038173076923 0.7341181217948718 0.8967102628205128 0.793424641025641 0.04858749358974359 0.1498025032051282 0.0035810480769230767 0.09049598076923078 0.8517038173076923
16 0.6569210256410256 0.2284571217948718 0.7038194519230769 0.1967676794871795 0.7374960576923077 0.18746627564102564 0.709132391025641 0.14857127243589743 0.6960051057692308 0.14182517307692308 0.6429958653846154 0.14977470833333334 0.6163763814102564 0.1692831794871795 0.6128208749999999 0.19234715705128205 0.6401030448717949 0.246708266025641 0.6478360993589743 0.24724901282051284 0.6569210256410256 0.2284571217948718
16 0.6964380641025641 0.24676216025641026 0.6726981538461538 0.25287296794871794 0.6557449903846153 0.273057375 0.6571375032051282 0.2809256185897436 0.6946806346153845 0.27189458653846155 0.6964380641025641 0.24676216025641026
16 0.5550526955128205 0.15722414102564103 0.5278518141025641 0.15726478525641024 0.499975 0.16697175 0.4831570224358974 0.18522289102564102 0.4939861282051282 0.22483447435897438 0.47051658974358973 0.22707875641025643 0.4673666442307692 0.24434294230769232 0.4892545865384616 0.2924987019230769 0.5346253108974359 0.25487427564102566 0.5481581602564103 0.25582058653846157 0.5795365833333334 0.27938466346153845 0.5933398044871795 0.27646444871794873 0.597882266025641 0.2670685032051282 0.5906899583333333 0.2587946987179487 0.6075079358974359 0.24054356089743592 0.6087246185897436 0.2231441858974359 0.5868366794871794 0.1749884262820513 0.5550526955128205 0.15722414102564103
16 0.4529546346153846 0.11705856089743591 0.42040016987179485 0.13809473397435898 0.41270776282051286 0.16475486538461537 0.4194945064102564 0.17882845833333333 0.4775463141025641 0.12654904807692308 0.4529546346153846 0.11705856089743591
16 0.4260250288461538 0.39104125320512817 0.4349341217948718 0.3469817532051282 0.46623125320512815 0.3161440737179487 0.43156769551282054 0.3117774455128205 0.40175761858974357 0.3213492211538462 0.3941871506410256 0.4296119871794872 0.40996427884615383 0.45402783333333335 0.4528609935897436 0.42400127564102563 0.4535369294871795 0.4143349583333333 0.4260250288461538 0.39104125320512817
17 0.7855572756410256 0.19471247756410257 0.8191393397435898 0.21454521474358976 0.8604138076923078 0.20771782371794872 0.8603731634615384 0.1805169423076923 0.8263448942307693 0.1392831185897436 0.7858815448717948 0.1345109294871795 0.7694691282051281 0.14696227884615384 0.7620064455128206 0.1425550032051282 0.7399294230769231 0.15266752884615384 0.7345758397435898 0.1736630544871795 0.7486900801282051 0.1940771858974359 0.7855572756410256 0.19471247756410257
17 0.8143265032051282 0.22780768589743589 0.8038490641025641 0.23873133333333335 0.804700830128205 0.2543326314102564 0.8386478108974359 0.2411646987179487 0.8278593493589744 0.22875399358974358 0.8143265032051282 0.22780768589743589
17 0.9489383782051283 0.21973621474358973 0.9715561506410256 0.2018906314102564 0.9773152916666666 0.17509531730769232 0.967608326923077 0.1472185032051282 0.930835673076923 0.11744907371794873 0.8822337083333333 0.11793592628205128 0.8549382884615385 0.14711071153846153 0.851923532051282 0.16244163782051282 0.8681875096153846 0.23545944871794872 0.9032566314102565 0.23402628525641025 0.9489383782051283 0.21973621474358973
17 1 0.09772772115384616 0.9864541121794872 0.09996840705128204 0.963701157051282 0.1197472532051282 0.961091955128205 0.1292783814102564 0.9792485544871795 0.1752305032051282 0.9751523012820513 0.20602753525641027 1 0.2056069423076923 1 0.09772772115384616
7 1 0.07861870512820514 0.9465315096153847 0.08746316346153846 0.8490978525641025 0.11950427564102564 0.8496792435897436 0.13897209935897437 0.9400964326923077 0.12392479807692308 0.9570902403846153 0.13094127243589743 0.9660399807692307 0.11408264743589744 0.9983240673076923 0.096913 1 0.09680771794871795 1 0.07861870512820514
7 1 0.20697140705128206 0.9864815096153847 0.21070518269230767 0.9697580737179488 0.1998221826923077 0.9453422275641026 0.2155993141025641 0.9146803814102563 0.20956979166666664 0.8679171378205128 0.23932597435897435 0.8124338878205128 0.2548733782051282 0.7958862788461538 0.2692579903846154 0.7887346185897436 0.28818506730769233 0.7877750608974359 0.38525381089743593 0.7799881121794872 0.44104808333333334 0.7685643621794872 0.4655045769230769 0.8227633397435897 0.46832317948717944 0.8164365 0.5310190608974359 0.8259676346153847 0.5336282596153846 0.824075016025641 0.5606939487179486 0.8162067724358975 0.5620864647435898 0.812921641025641 0.5812839166666667 0.7934944615384615 0.609066189102564 0.8003218525641026 0.6503406602564102 0.8127732019230769 0.666753076923077 0.8450166474358974 0.6223825544871795 0.8648078365384615 0.2837910416666667 0.8813554423076922 0.26940642948717947 1 0.2471579615384615 1 0.20697140705128206