17 0.7754096346153846 0.5590863782051282 0.7765545096153846 0.5372408974358974 0.7547102564102565 0.5360960897435897 0.7535653814102564 0.5579415705128205 0.7754096346153846 0.5590863782051282
17 0.8074348717948718 0.5451181538461538 0.8066171153846153 0.5607218942307692 0.8097386025641026 0.560885483974359 0.8126953333333333 0.5641692660256411 0.8251775865384615 0.5648234326923076 0.8317464455128205 0.5589088076923077 0.8324006121794872 0.5464265544871795 0.8074348717948718 0.5451181538461538
17 0.1622508717948718 0.4362025673076923 0.16355927243589743 0.4112368301282051 0.13235179166666666 0.4096013141025641 0.13104339102564103 0.4345670512820513 0.1622508717948718 0.4362025673076923
16 0.8867747884615386 0.583698201923077 0.8555673108974359 0.5820626891025641 0.8537682692307692 0.6163904262820513 0.8818542628205128 0.6178623493589743 0.8851392756410257 0.6149056826923077 0.8867747884615386 0.583698201923077
16 0.6155990384615385 0.5632275993589744 0.6187064807692307 0.503934125 0.5594130032051282 0.5008266858974358 0.5563055641025642 0.5601201602564102 0.6155990384615385 0.5632275993589744
17 0.0656729294871795 0.4280123044871795 0.01886170833333333 0.42555903205128204 0.016735618589743588 0.46612728205128207 0.06042535256410256 0.4684169647435898 0.06371036538461539 0.4654602980769231 0.0656729294871795 0.4280123044871795
17 0.9928794839743589 0.5892589134615385 0.9971317980769231 0.5081199583333333 0.9534408333333334 0.5058302115384615 0.9491885224358975 0.5869691666666667 0.9928794839743589 0.5892589134615385
16 0.162060483974359 0.3204087564102564 0.1633688814102564 0.29544301923076927 0.1415246282051282 0.29429821153846153 0.14021623076923076 0.3192639487179487 0.162060483974359 0.3204087564102564
16 0.5697562852564102 0.48259333012820516 0.5709011602564102 0.4607478493589744 0.5490569070512821 0.4596030384615385 0.547912032051282 0.4814485224358974 0.5697562852564102 0.48259333012820516
16 0.9559337211538462 0.6373912852564103 0.9585505192307693 0.5874598108974359 0.9179822692307692 0.5853337179487179 0.9153654711538461 0.6352651955128206 0.9434514679487179 0.6367371185897436 0.9467352499999999 0.6337803878205128 0.949856733974359 0.6339439775641026 0.9528134647435897 0.6372277596153846 0.9559337211538462 0.6373912852564103
21 0.9896084551282051 0.651673875 0.9982766057692308 0.4862757051282051 0.8859301698717948 0.48038787820512824 0.8772620192307693 0.6457860480769231 0.9896084551282051 0.651673875
16 0.012756695512820512 0.3031963653846154 0.010957653846153846 0.33752410256410253 0.014079141025641026 0.3376876923076923 0.023931778846153846 0.32881633653846154 0.02474953846153846 0.31321259615384617 0.021791576923076924 0.30992875000000003 0.022118692307692308 0.30368700641025637 0.012756695512820512 0.3031963653846154
17 0.6353055480769231 0.5454849487179487 0.6348149070512821 0.5548469487179487 0.6566591602564102 0.5559917564102564 0.6592759583333333 0.5060602788461538 0.6343102179487179 0.5047518814102564 0.6323475897435897 0.5422011025641026 0.6353055480769231 0.5454849487179487
16 0.5341329679487179 0.5652170288461539 0.5377310480769231 0.4965615544871794 0.49404131410256413 0.4942718717948718 0.4904432307692308 0.5629273461538461 0.5341329679487179 0.5652170288461539
17 0.36970326282051286 0.4783678814102564 0.37117525320512823 0.450280657051282 0.3430892564102564 0.4488087307692308 0.34161726923076924 0.47689595512820515 0.36970326282051286 0.4783678814102564
17 0.4123988974358974 0.4399245576923077 0.4140344134615385 0.4087170769230769 0.38906867307692306 0.4074086794871795 0.3874331602564103 0.43861616025641026 0.4123988974358974 0.4399245576923077
16 0.5237500064102564 0.4050793173076923 0.5227687211538461 0.42380331410256405 0.5321307211538462 0.42429395512820517 0.5354157307692308 0.42133728846153845 0.5447777307692308 0.42182792948717945 0.548061576923077 0.41886997115384617 0.5487157435897435 0.40638771474358976 0.5237500064102564 0.4050793173076923
16 0.5691832435897436 0.46393604166666663 0.5582301057692307 0.4608925384615385 0.549352483974359 0.465366233974359 0.5474758012820513 0.47761525641025643 0.5524012243589744 0.4778733878205128 0.5533099166666666 0.4840946987179487 0.5681507211538461 0.48363773397435894 0.5722319807692308 0.47644319871794866 0.5691832435897436 0.46393604166666663
16 0.4529683621794872 0.396108592948718 0.44240241987179485 0.38567695192307694 0.45179630448717945 0.37135241025641025 0.44246171794871797 0.3609853012820513 0.4288522724358974 0.3615067980769231 0.4243838108974359 0.37608947115384617 0.4109034326923077 0.3741482564102564 0.3891314615384615 0.3890588269230769 0.3860234198717949 0.4012433173076923 0.3977561858974359 0.41297084615384616 0.40520885256410255 0.4121266858974359 0.41065053846153843 0.40253397115384615 0.4207595128205129 0.3981248076923077 0.42367395192307694 0.38963438461538463 0.4308684903846154 0.39371565064102565 0.422840266025641 0.4291023012820513 0.4299702692307692 0.43441491987179487 0.4594582756410256 0.43719505769230765 0.46982538461538464 0.42786047435897434 0.4680079967948718 0.41541784935897436 0.45115621474358975 0.4071262596153846 0.4529683621794872 0.396108592948718
16 0.2921072467948718 0.35557503525641027 0.28997766987179485 0.3962097724358974 0.3124002051282051 0.3924459358974359 0.32542885897435897 0.4030066442307692 0.3340483493589744 0.4034583717948718 0.34344223076923075 0.38913383333333335 0.3541372371794872 0.3971027596153846 0.37150528525641024 0.3955435032051282 0.3722796762820513 0.3807672371794872 0.36294508974358974 0.37040012820512824 0.33287628846153844 0.3787021923076923 0.32360623717948717 0.3671037307692308 0.3050713685897436 0.36736709615384616 0.30435627243589747 0.35745171794871794 0.2921072467948718 0.35557503525641027
16 0.40987614423076923 0.4173102403846154 0.3951644070512821 0.41530449358974364 0.38855590064102563 0.42360132371794873 0.38680828525641026 0.4333876346153846 0.3924488044871795 0.4435611442307692 0.40839189423076927 0.44563142628205127 0.4136399807692308 0.4397327756410257 0.4155811955128206 0.4262523942307692 0.40987614423076923 0.4173102403846154
16 0.2569734871794872 0.3191610929487179 0.2324754358974359 0.3154077307692308 0.22981912820512823 0.3189727307692308 0.22820057692307694 0.32629633333333335 0.23267427243589744 0.33517395512820514 0.26332909935897436 0.33924998397435896 0.27279275000000003 0.34715437820512823 0.2838104198717949 0.34896652564102565 0.28024541987179485 0.34631021794871797 0.28426214743589745 0.34034703846153846 0.2993610801282051 0.33496465064102565 0.2971565 0.3299101602564103 0.29087065705128207 0.3320502083333333 0.2828964903846154 0.3192849230769231 0.274277 0.31883319551282047 0.26850741666666667 0.31112239423076926 0.2569734871794872 0.3191610929487179
16 0.4325672820512821 0.45554156730769235 0.4328951826923077 0.4728450801282052 0.44378378525641027 0.4771199391025641 0.45752229807692313 0.4741357307692308 0.46075940064102566 0.4594885288461539 0.45628570512820515 0.450610907051282 0.4404071442307692 0.44730927243589746 0.4325672820512821 0.45554156730769235
16 0.35842256730769234 0.43313474038461536 0.3637997211538461 0.4247733814102564 0.35971322115384613 0.408507625 0.3525186858974359 0.4044263621794872 0.3376778814102564 0.40488332692307694 0.33761858653846155 0.42957497435897435 0.35842256730769234 0.43313474038461536
16 0.4877899326923077 0.48559989423076927 0.489473016025641 0.47704493910256407 0.48499932051282046 0.4681673141025641 0.4703521153846154 0.4649302147435897 0.4625767884615385 0.4719311506410256 0.463098282051282 0.4855405993589743 0.4877899326923077 0.48559989423076927
16 0.4735735128205128 0.3799021314102564 0.46242677884615385 0.3805526955128205 0.459125141025641 0.3964312532051282 0.4737723461538461 0.39966835576923077 0.47947216025641026 0.38515021794871795 0.4735735128205128 0.3799021314102564
16 0.39190636217948716 0.33611052884615383 0.3758987371794872 0.33527160576923076 0.37402205769230773 0.3475206282051282 0.3898360833333333 0.35205362179487176 0.39404641025641024 0.3423963717948718 0.39190636217948716 0.33611052884615383
16 0.5481211282051281 0.4653017019230769 0.547217673076923 0.4825406794871795 0.5556435608974359 0.48668647756410255 0.5693820737179488 0.48370226923076926 0.5737860032051282 0.4703509551282051 0.5692477756410257 0.4627046858974359 0.5595259935897436 0.45972571474358975 0.5481211282051281 0.4653017019230769
16 0.40968778205128203 0.44446459935897437 0.4155811955128206 0.4262523942307692 0.40877385576923075 0.4147829967948718 0.39380398717948717 0.41770266987179483 0.3897872564102564 0.4236658557692308 0.3901151570512821 0.4409693685897436 0.40968778205128203 0.44446459935897437
16 0.5389103717948718 0.42901158974358977 0.5468793012820513 0.41831658333333327 0.5447392532051283 0.4120307403846154 0.5376092467948718 0.4067181217948718 0.5263334487179487 0.40983139423076925 0.5255590544871794 0.42460766346153844 0.5389103717948718 0.42901158974358977
16 0.32542885897435897 0.4030066442307692 0.3353442371794872 0.4022915480769231 0.3461630737179487 0.38433747435897436 0.3541372371794872 0.3971027596153846 0.36768215064102566 0.3978126185897436 0.3718924807692308 0.3881553685897436 0.3711128493589744 0.37947134615384615 0.3641119134615385 0.371696016025641 0.3529651794871795 0.37234657692307693 0.3400062916666667 0.3840148108974359 0.3085073044871795 0.37248611538461535 0.30773291025641025 0.3872623878205128 0.32542885897435897 0.4030066442307692
16 0.43405676923076925 0.4506806762820513 0.4328951826923077 0.4728450801282052 0.44870920833333333 0.4773780705128205 0.45752229807692313 0.4741357307692308 0.46069486858974357 0.46071988461538466 0.45745252884615384 0.4519067948717949 0.4502579903846154 0.4478255352564102 0.43405676923076925 0.4506806762820513
16 0.33761334935897436 0.40611468269230766 0.3343762467948718 0.42076188782051277 0.33761858653846155 0.42957497435897435 0.35842256730769234 0.43313474038461536 0.3638642532051282 0.42354202564102567 0.35971322115384613 0.408507625 0.3525186858974359 0.4044263621794872 0.33761334935897436 0.40611468269230766
16 0.45970593269230764 0.38534905128205127 0.4602274294871795 0.3989584967948718 0.47247645833333335 0.4008351794871795 0.4789558974358974 0.3950010641025641 0.48057444871794874 0.38767746153846155 0.47480486538461536 0.37996666346153846 0.466249907051282 0.3782835801282051 0.45970593269230764 0.38534905128205127
16 0.42082404807692303 0.39689345192307696 0.4239966153846154 0.3834776057692308 0.4218565673076923 0.37719175961538465 0.4096075448717949 0.37531508012820514 0.3877710384615385 0.3914570064102564 0.3871902467948718 0.4025392083333333 0.39542253846153846 0.4103790705128206 0.40404202884615387 0.410830798076923 0.4133068493589744 0.39896897115384616 0.42082404807692303 0.39689345192307696
16 0.44123035897435897 0.36092076923076927 0.43364862820512823 0.36422764102564104 0.4326108717948718 0.36046904166666666 0.4256151698717949 0.3761540032051282 0.43734793269230765 0.387881532051282 0.42944353846153843 0.39734518269230773 0.43009409935897436 0.4084919166666667 0.423550125 0.4155573878205128 0.4216734423076923 0.4278064134615385 0.4348311602564103 0.43590440705128203 0.4594582756410256 0.43719505769230765 0.46580865384615383 0.43382365705128206 0.4691748205128205 0.41671373717948723 0.4512852788461538 0.40466354807692306 0.45076378205128204 0.39105410256410256 0.44240241987179485 0.38567695192307694 0.449462657051282 0.3687606346153846 0.44123035897435897 0.36092076923076927
16 0.23035109935897433 0.3795027628205128 0.21777940705128204 0.383782858974359 0.21590272756410256 0.39603188461538463 0.22296819551282054 0.402575858974359 0.2309371282051282 0.39188085256410254 0.23035109935897433 0.3795027628205128
16 0.48151979487179486 0.5581208205128204 0.47224974038461537 0.5465223557692307 0.4695934326923077 0.5500873589743589 0.46486160897435896 0.5461351602564103 0.453714875 0.5467857211538462 0.4559194519230769 0.5518402115384615 0.44950454487179486 0.5564429711538461 0.46871369551282055 0.5574496794871795 0.4706311891025641 0.5538459583333333 0.48151979487179486 0.5581208205128204
16 0.47282529807692303 0.5119798653846154 0.4730834294871795 0.5070544423076923 0.46219482692307695 0.5027795801282051 0.4533172051282051 0.5072532756410256 0.44229953525641025 0.505441125 0.456753141025641 0.5123722948717948 0.4703625865384616 0.5118507980769231 0.48203082051282053 0.5248096826923077 0.48345577243589744 0.5211801474358975 0.47282529807692303 0.5119798653846154
16 0.5288606923076923 0.4087291025641026 0.524521298076923 0.4208490641025641 0.5278927051282052 0.4271994391025641 0.5363831282051282 0.4301138782051282 0.5454543461538461 0.42194611858974357 0.5458415416666667 0.41455798076923084 0.5412387820512821 0.4081430737179487 0.5288606923076923 0.4087291025641026
17 0.9841844711538462 0.6357430192307693 0.9874555 0.5733280576923077 0.9281620256410256 0.5702206185897436 0.9248909967948717 0.6326355801282052 0.9717009871794872 0.6350887884615385 0.974986064102564 0.632130891025641 0.9781063205128205 0.6322944166666666 0.9810629871794873 0.6355794294871795 0.9841844711538462 0.6357430192307693
16 0.09685238141025641 0.3107324615384615 0.09981027884615384 0.31401753525641024 0.11229253205128205 0.31467170512820514 0.1136009326923077 0.28970596474358973 0.0886351923076923 0.2883975673076923 0.08749038461538462 0.3102418205128205 0.09685238141025641 0.3107324615384615
17 0.6735584807692307 0.4723867756410256 0.6748668814102564 0.4474210384615384 0.6530213974358974 0.4462761634615384 0.651713 0.4712419006410256 0.6735584807692307 0.4723867756410256
5 0.3000047051282051 0.6054059551282052 0.2944932532051282 0.5927697371794871 0.284577875 0.5934848301282052 0.3187698237179487 0.7656705673076923 0.3630986346153846 0.7679937435897436 0.31302812179487177 0.5925063685897436 0.3031127467948718 0.5932214647435897 0.3051237275641026 0.6019700192307693 0.3000047051282051 0.6054059551282052
5 0.27035098397435897 0.4408664807692308 0.259268782051282 0.4402856891025641 0.25025685897435895 0.4237618012820513 0.24922433653846154 0.4434634967948718 0.25739733653846153 0.47599500641025644 0.2659522916666667 0.4776780897435897 0.2713294423076923 0.46931672756410253 0.2807285608974359 0.4784524807692308 0.27035098397435897 0.4408664807692308
5 0.23098071474358975 0.2968083269230769 0.22015664423076922 0.29130211217948715 0.21827996153846152 0.3035511378205128 0.2259959935897436 0.32124184615384616 0.23156674358974358 0.30918641666666663 0.23098071474358975 0.2968083269230769
17 0.0342166858974359 0.2580973942307692 0.04763253525641026 0.26126996153846155 0.05275155448717948 0.25783402564102564 0.048600522435897436 0.2427996282051282 0.030130185897435897 0.2418316378205128 0.029549391025641025 0.2529138397435898 0.0342166858974359 0.2580973942307692
18 0.6122266314102565 0.5143466282051282 0.5990689166666667 0.5062486314102563 0.5892180673076923 0.5057323717948717 0.5730813782051282 0.5073561602564103 0.5591492692307692 0.5140344358974359 0.5613538493589744 0.5190889230769231 0.5562348301282051 0.5225248621794872 0.5585684743589743 0.5251166346153846 0.5547453429487179 0.5273857532051281 0.5539064198717949 0.5433933782051282 0.560907358974359 0.5511687051282051 0.5658973141025642 0.5501954807692307 0.5676501634615385 0.5638694583333334 0.609709858974359 0.5623695032051282 0.6148934134615385 0.5577022083333333 0.623701266025641 0.5309995769230769 0.6122266314102565 0.5143466282051282
18 0.4415356185897436 0.5671379775641026 0.5193046282051282 0.5675094679487179 0.5342744935897437 0.5645897916666667 0.5397807115384615 0.5537657179487179 0.549760625 0.551819266025641 0.5458677211538462 0.5318594455128205 0.541006830128205 0.5303699583333333 0.5434050128205128 0.5317303814102564 0.5383505224358974 0.5339349615384615 0.5380923942307693 0.5388603846153845 0.5332960352564102 0.5361395448717949 0.536081407051282 0.5301118269230769 0.5288171057692308 0.5038016282051282 0.5288816378205128 0.5025702724358975 0.5015336762820513 0.5060759775641025 0.4837139038461538 0.5162547243589743 0.46951842628205126 0.5043981314102565 0.4349114006410256 0.5050539294871795 0.4272006025641025 0.5108235128205129 0.4264262115384615 0.5255997820512821 0.42999121474358976 0.5282560897435897 0.4262326121794872 0.5292938461538461 0.42707677564102564 0.536746516025641 0.41819915384615386 0.5412202115384616 0.4179410224358975 0.5461456346153846 0.4250064935897436 0.5526896089743589 0.4409495865384615 0.5547598878205128 0.4415356185897436 0.5671379775641026
22 0.6603785737179487 0.5144006858974358 0.6446936121794872 0.507404983974359 0.634842766025641 0.5068887243589744 0.6134579903846153 0.5144111602564103 0.623701266025641 0.5309995769230769 0.6159957051282051 0.5602294519230769 0.6655725993589743 0.5566539775641025 0.6636854455128205 0.521982419871795 0.6603785737179487 0.5144006858974358
7 0 0.6048130416666667 0.0011776826923076923 0.6057966858974358 0.6574100737179487 0.5710430512820514 0.6800959743589744 0.5858140833333333 0.6782192916666667 0.5980631121794872 0.6664272307692308 0.6110272307692308 0.6497795160256411 0.645962157051282 0.643429141025641 0.6493335608974359 0.6323521730769232 0.6722130576923077 0.6257489006410256 0.7039701794871795 0.6776646794871795 0.7264467756410257 0.6884189807692308 0.7097240544871796 0.6877579455128205 0.6516567371794871 0.7188540352564102 0.6001926891025641 0.7272049198717949 0.5586492532051281 0.739776608974359 0.5543691570512821 0.7225323942307692 0.530005407051282 0.6851992852564103 0.5119972692307692 0.6809191891025641 0.49942558333333337 0.24002928846153848 0.4775542596153846 0.22000493589743592 0.48267851602564105 0.2083419391025641 0.4931799262820513 0.15416228205128205 0.49034049038461536 0.11190899038461538 0.4955345160256411 0.11145726282051283 0.5041540064102564 0.11618908653846155 0.5081062019230769 0.11269908974358973 0.5511391250000001 0.00032305448717948716 0.5514234358974359 0 0.5556246025641025 0 0.6048130416666667
17 0.1910610673076923 0.3045941314102564 0.19429817307692307 0.28994692628205126 0.1785486794871795 0.2841825769230769 0.17408021794871795 0.29876525000000004 0.1910610673076923 0.3045941314102564
17 0.10544695833333333 0.28899464423076926 0.09488101923076923 0.27856300641025644 0.08243839743589744 0.2803803878205128 0.08283082692307693 0.29645254807692306 0.10544695833333333 0.28899464423076926
8 0.5694797243589743 0.3404778012820513 0.5683774326923077 0.33795056089743586 0.5723941634615385 0.33198737500000003 0.5703831826923077 0.32323882371794876 0.5758894006410257 0.31241475320512824 0.5778306121794872 0.2989343685897436 0.5857995416666666 0.2882393621794872 0.5859286057692307 0.28577665064102564 0.5835949615384616 0.283184875 0.5751045352564103 0.2802704358974359 0.5603927980769231 0.2782646858974359 0.5596829391025642 0.29180960256410254 0.5524936378205129 0.3111886314102564 0.5523000416666667 0.31488269551282055 0.5545691570512821 0.31870583012820514 0.5516547147435897 0.3271962564102564 0.5550906506410257 0.33231527884615386 0.554574391025641 0.3421661217948718 0.5517890128205128 0.34819383653846153 0.5496542019230769 0.36536828525641024 0.5483583141025641 0.366535108974359 0.5517297211538461 0.372885483974359 0.5554237852564103 0.3730790801282051 0.559505048076923 0.3658845448717949 0.5597631794871795 0.36095912179487183 0.5655275256410257 0.3452096282051282 0.5694797243589743 0.3404778012820513
7 0.22091532692307694 0.20614496474358973 0.08916025961538461 0.19923997435897436 0.07535721474358975 0.20345553846153847 0.07477641987179487 0.2145377403846154 0.08073960256410256 0.21855447115384616 0.10057035897435898 0.21712427884615382 0.33408146474358974 0.26146525961538464 0.35229890705128203 0.2908189679487179 0.34394801923076923 0.3323624006410256 0.36099340384615386 0.3369599230769231 0.3620799871794872 0.26910629166666666 0.3555953076923077 0.2514801153846154 0.34003941025641027 0.24202170192307695 0.22091532692307694 0.20614496474358973
9 0.2880364583333333 0.40969015705128203 0.30112964102564105 0.41901950641025637 0.3324943301282051 0.40955061858974356 0.3112333814102564 0.39115005128205127 0.29133808974358977 0.39381159615384614 0.2875794935897436 0.3948493525641026 0.2880364583333333 0.40969015705128203
9 0.26671097756410256 0.3925209423076923 0.2671627051282051 0.38390145192307695 0.25335966025641027 0.388117016025641 0.2519347083333333 0.39174655128205127 0.26671097756410256 0.3925209423076923
10 0.3357268301282051 0.3556928397435898 0.29735009935897433 0.32621609294871795 0.23266903525641025 0.31171366346153845 0.1831566730769231 0.31405778205128204 0.18970588461538462 0.3304526025641026 0.22120487500000002 0.34198129807692307 0.23274927564102563 0.3808631826923077 0.23080806089743588 0.3943435673076923 0.23949208653846155 0.39356393589743593 0.2643825641025641 0.4133894583333333 0.26354364102564104 0.4293970833333333 0.29951108974358975 0.42634310576923073 0.29989828525641027 0.4189549743589744 0.28706323397435896 0.4047001987179487 0.28773437179487177 0.39189410256410256 0.28779771794871795 0.36328483974358977 0.30657183012820516 0.3678334391025641 0.3357268301282051 0.3556928397435898
10 0.23813690064102566 0.41942240705128203 0.24007811538461538 0.4059420288461539 0.23553988782051283 0.3982957628205128 0.22815175000000001 0.3979085673076923 0.21402604487179488 0.4082809102564103 0.2109180064102564 0.42046540384615383 0.23813690064102566 0.41942240705128203
9 0.2803256570512821 0.41545973717948714 0.2806483205128205 0.4093029615384615 0.2566665320512821 0.39569875 0.24124493589743592 0.40723791666666664 0.21460683974358977 0.3971987083333333 0.19963697115384615 0.40011838461538457 0.16892284294871796 0.4207340032051282 0.16432532371794872 0.437779391025641 0.20671291346153844 0.4535829423076923 0.2468906891025641 0.44087171794871793 0.2803256570512821 0.41545973717948714
13 0.582201423076923 0.4275761634615384 0.5842769358974359 0.4350933653846154 0.6376874358974359 0.4761693621794872 0.7199946762820513 0.4841871153846154 0.7153273846153846 0.47900356089743584 0.6489632371794871 0.47305608653846154 0.6356764519230769 0.46742080448717954 0.6264064006410256 0.4558223397435897 0.6001554967948718 0.438395 0.6260785 0.43851882692307687 0.6325579423076924 0.43268471474358977 0.5959399326923077 0.42459195512820513 0.5885517980769231 0.4242047596153847 0.582201423076923 0.4275761634615384
16 0.5913371762820513 0.4181770480769231 0.5936062884615385 0.4220001762820513 0.5960044647435898 0.42336059935897435 0.6021612467948718 0.42368326282051283 0.6086406891025641 0.4178491474358974 0.6098720416666666 0.4179136794871795 0.6112969967948718 0.4142841474358974 0.606694233974359 0.407869233974359 0.6018978782051282 0.40514839423076926 0.5982038108974359 0.40495479487179487 0.5930847916666666 0.40839073397435893 0.5917243717948718 0.4107889102564103 0.5913371762820513 0.4181770480769231
16 0.6267883589743589 0.42497391346153846 0.6271110224358974 0.41881713461538456 0.6298318653846154 0.4140207788461539 0.6288586410256409 0.4090308205128205 0.6240622820512821 0.4063099807692308 0.6203682147435897 0.4061163814102564 0.6165450833333334 0.4083854935897436 0.6151846602564103 0.41078367628205126 0.6146684006410257 0.4206345224358974 0.6170020448717949 0.4232262980769231 0.6267883589743589 0.42497391346153846
16 0.6545932820512821 0.4363090096153846 0.6498614583333333 0.43235681410256416 0.6437692115384616 0.43080279487179485 0.6399460801282051 0.4330719102564103 0.6393652852564102 0.4441541121794872 0.634310798076923 0.4463586891025641 0.6290627083333333 0.4522573397435897 0.6311382243589743 0.4597745384615385 0.6334073397435898 0.46359767307692307 0.6394350512820512 0.4663830480769231 0.6431291217948718 0.4665766442307692 0.6468877211538462 0.4655388878205128 0.6520712724358975 0.46087159294871793 0.6534316955128205 0.45847341666666663 0.6535607628205128 0.45601070512820513 0.6512916474358974 0.45218757051282055 0.6555665064102565 0.441298967948718 0.6545932820512821 0.4363090096153846