11 0.5808956410256411 0.36592115064102565 0.5726014871794872 0.35702676602564104 0.5602382115384615 0.3590535288461538 0.5537291762820512 0.33424122756410257 0.546534157051282 0.32907297115384615 0.5233354711538462 0.32457510576923077 0.5149555737179486 0.3181362243589743 0.49890903846153845 0.3200343653846154 0.4933977884615385 0.3370514102564102 0.5026624487179487 0.3533551891025641 0.49782158974358975 0.38637589423076923 0.47822041987179487 0.384462157051282 0.4731379102564102 0.38920167307692305 0.4713956698717948 0.4038918301282051 0.4758350673076923 0.4175686121794872 0.46803980769230774 0.429588891025641 0.44923765064102567 0.4399955576923077 0.4473239102564102 0.4595967307692308 0.4653972115384616 0.4700618621794872 0.4842851185897436 0.4571996955128205 0.47650545512820514 0.43357227243589747 0.488911608974359 0.4303177532051282 0.5311112243589744 0.45391789743589744 0.5317543333333333 0.43550160576923075 0.556438016025641 0.4326758269230769 0.5438330897435898 0.40642140064102567 0.5522714583333334 0.37598482692307694 0.5610800993589744 0.3701461794871795 0.5854207852564103 0.37714242628205125 0.589618532051282 0.3625380128205128 0.5808956410256411 0.36592115064102565
11 0.3011278012820513 0.2811671923076923 0.3022269326923077 0.28489332371794873 0.31581796153846153 0.28290943269230767 0.324240733974359 0.2881205641025641 0.33580499999999996 0.27377339423076924 0.32018720512820514 0.2633940096153846 0.31893217307692306 0.2289311794871795 0.31440702884615385 0.21770991025641026 0.30826826282051284 0.21749553846153846 0.30990916346153846 0.24090858974358978 0.3011278012820513 0.2811671923076923
11 0.5866212564102564 0.34276534615384613 0.5887493685897436 0.3170254102564103 0.5840955993589744 0.3094873974358974 0.5732173205128205 0.30419051602564107 0.5583127884615384 0.3085870416666667 0.5541150416666667 0.3231914519230769 0.5597393173076923 0.3381388557692308 0.577455983974359 0.3412160384615385 0.5843801249999999 0.3365408333333333 0.5866212564102564 0.34276534615384613
11 0.6162821891025642 0.4790186314102564 0.615810576923077 0.49252391346153845 0.6276593653846154 0.5052301826923077 0.6362536346153846 0.5055303012820513 0.6512867852564103 0.49745052243589744 0.6482466378205128 0.4789056057692308 0.6374969839743589 0.46992547115384614 0.6162821891025642 0.4790186314102564
11 0.48296384615384613 0.2838292980769231 0.4742838301282051 0.28598468589743586 0.4703433269230769 0.2932225801282051 0.4760533461538462 0.3057144775641026 0.4623336955128205 0.3113816282051282 0.4732977243589744 0.3142229967948718 0.47558173397435893 0.3192197596153846 0.47973660897435894 0.30584309935897436 0.48723174679487175 0.3024170865384615 0.49319901602564103 0.3075424679487179 0.49179976282051285 0.3124106057692308 0.49789565384615386 0.31385272756410254 0.5006941538461539 0.3041164519230769 0.5043345384615384 0.3054728269230769 0.49976651923076926 0.2954793076923077 0.492442875 0.2939943108974359 0.48296384615384613 0.2838292980769231
11 0.6154013397435898 0.3634383685897436 0.6230679775641026 0.3551013429487179 0.6232823493589743 0.34896258012820514 0.6161730737179487 0.3413388173076923 0.6024962980769231 0.3457782147435897 0.5996120512820513 0.3579699967948718 0.6154013397435898 0.3634383685897436
11 0.1883616282051282 0.2366640576923077 0.19941140384615386 0.23704992307692307 0.20225277564102564 0.2260858974358974 0.19878388782051282 0.21981850961538463 0.18409372756410258 0.21807626923076923 0.18125235897435898 0.22904029807692305 0.1883616282051282 0.2366640576923077
11 0.26189817948717947 0.24291975961538462 0.2754034583333333 0.243391375 0.27710283012820514 0.22992896794871795 0.27236331410256415 0.22484646153846155 0.26004291025641024 0.22564547435897436 0.2583435416666667 0.23910787820512822 0.26189817948717947 0.24291975961538462
10 0.5185530833333334 0.3207203525641026 0.4945553878205128 0.3039020833333333 0.491129375 0.2964069455128205 0.4711852115384615 0.30431522756410256 0.46394731730769234 0.3003747243589744 0.4527689166666667 0.30367211538461536 0.4522115544871795 0.31963290384615384 0.45580906410256405 0.32221703205128205 0.47312623076923077 0.31913400961538463 0.481591875 0.3231173878205128 0.4760533461538462 0.3057144775641026 0.4860897403846154 0.2999187051282051 0.4921856314102564 0.3013608269230769 0.49793852884615386 0.31262497756410257 0.4914138974358974 0.3234603814102564 0.5075461794871795 0.31910673397435896 0.5123285705128205 0.32296148717948714 0.5137278205128205 0.3180933493589744 0.5160118301282051 0.32309010897435897 0.5185530833333334 0.3207203525641026
10 0.9227799807692307 0.4319470192307692 0.9232087211538461 0.4196694903846154 0.9172414519230768 0.41454410897435895 0.9080040705128206 0.4326602852564102 0.8896306538461539 0.43078941987179487 0.8891590384615384 0.4442946987179487 0.8977533076923078 0.4445948173076923 0.8992811794871796 0.4360434262820513 0.9227371057692307 0.43317477243589747 0.9244300544871794 0.4343908333333334 0.9227799807692307 0.4319470192307692
10 0.9094734743589743 0.46098434615384615 0.9292890160256411 0.4567593205128205 0.9363982916666667 0.4643830833333333 0.9486329455128205 0.4660395769230769 0.9612534647435899 0.4566462916666667 0.9591409519230769 0.44673852243589746 0.953173685897436 0.44161314102564103 0.9446222884615384 0.4400852692307692 0.9321303878205128 0.4457952916666667 0.9270955544871794 0.43833853205128204 0.92743375 0.43948503205128203 0.906347580128205 0.4448949358974359 0.9059188365384616 0.45717246474358975 0.9094734743589743 0.46098434615384615
10 0.6634551987179487 0.36019944871794873 0.6684090865384615 0.3591431891025641 0.673620217948718 0.35072041666666665 0.6607580448717949 0.33183250961538463 0.6533915288461538 0.3315752628205128 0.6481803974358974 0.33999803525641026 0.6343321217948718 0.3493484455128205 0.6326756314102564 0.36158309935897437 0.6386857724358974 0.36548073076923077 0.6645114583333334 0.36515333012820517 0.6634551987179487 0.36019944871794873
10 0.280197532051282 0.3173137916666667 0.2680057532051282 0.3144295480769231 0.2591971121794872 0.3202681923076923 0.2577121153846154 0.3275918365384615 0.264607016025641 0.341354358974359 0.28052492948717944 0.34313947435897435 0.2869209391025641 0.33598733012820514 0.2871781826923077 0.3286208141025641 0.280197532051282 0.3173137916666667
10 0.8001489102564102 0.3883286474358974 0.7915546442307692 0.38802852884615385 0.7852443814102564 0.3927251666666667 0.7847727692307692 0.4062304519230769 0.7907829102564102 0.4101280801282052 0.8031033141025641 0.4093290673076923 0.8083144423076923 0.40090629487179485 0.8085716858974359 0.3935397756410256 0.8001489102564102 0.3883286474358974
10 0.3269534871794872 0.2808397948717949 0.32635325 0.29802833333333334 0.3372315256410256 0.30332521153846154 0.3446837916666667 0.3011269519230769 0.3486242980769231 0.2938890544871795 0.3465117820512821 0.28398128525641025 0.33808900961538463 0.27877015705128205 0.3269534871794872 0.2808397948717949
10 0.8447338814102563 0.37882233653846153 0.8359252403846154 0.3846609807692308 0.8367671282051282 0.3957536346153846 0.8527707884615384 0.39508324038461534 0.8555692884615385 0.385346967948718 0.857724673076923 0.3940269871794872 0.8637776891025641 0.3966968621794872 0.865262689102564 0.38937322115384615 0.8702594487179487 0.38708921153846154 0.8678896891025641 0.3845479551282051 0.8778403365384616 0.3812076923076923 0.8691603173076923 0.38336308012820514 0.869331814102564 0.3784520673076923 0.8580247916666667 0.38543271474358975 0.8508726474358974 0.37903670512820514 0.8447338814102563 0.37882233653846153
10 0.7343647467948718 0.3712804102564103 0.7316519967948718 0.3785611826923077 0.7363057628205129 0.3860991955128205 0.7523094230769231 0.3854288076923077 0.7562928044871795 0.376963157051282 0.7529525352564103 0.3670125128205128 0.7419456346153847 0.365398891025641 0.7343647467948718 0.3712804102564103
10 0.7727096089743589 0.3996629455128205 0.781561125 0.39259654487179485 0.7830889935897436 0.3840451506410256 0.7772074743589743 0.3764642628205128 0.7648441987179487 0.3784910288461539 0.7594186987179488 0.39305256730769234 0.7727096089743589 0.3996629455128205
10 0.7000734166666667 0.3676244326923077 0.7042282884615384 0.35424777243589745 0.6983038942307692 0.34789463782051283 0.6897096217948718 0.3475945192307692 0.6833993653846154 0.3522911602564102 0.6828848782051282 0.3670241955128205 0.7000734166666667 0.3676244326923077
10 0.6024690192307692 0.3113582596153846 0.597901 0.3013647403846154 0.591762233974359 0.3011503685897436 0.5840955993589744 0.3094873974358974 0.5633524262820513 0.3050752788461538 0.5631809294871795 0.3099862884615385 0.5840527243589744 0.31071514743589745 0.5911191217948718 0.31956666346153845 0.6010697724358974 0.3162263974358975 0.6024690192307692 0.3113582596153846
10 0.7276842147435898 0.3513791217948718 0.7267994551282051 0.3415142243589743 0.7339944743589744 0.34668248076923075 0.7221456858974359 0.3339762115384615 0.7147362948717949 0.33494672115384616 0.7132941730769231 0.34104260897435895 0.7083831602564102 0.3408711121794872 0.7106242980769231 0.347095625 0.724215326923077 0.345111733974359 0.7276842147435898 0.3513791217948718
10 0.3170028397435898 0.2841800608974359 0.327623875 0.29684345833333337 0.3313928814102564 0.29451657371794876 0.33352566346153845 0.2968036987179487 0.3326635096153846 0.2933316923076923 0.32178522756410255 0.2880348141025641 0.32378471794871794 0.2659781378205128 0.32869572756410254 0.2661496346153846 0.33808900961538463 0.27877015705128205 0.33757451923076925 0.2935031891025641 0.34218541346153847 0.3022689551282051 0.34646891025641025 0.28520903846153844 0.3392738846153846 0.2800407820512821 0.3195596891025641 0.24616259615384614 0.31931804166666666 0.21788140705128206 0.30949601923076925 0.21753841346153843 0.3092816474358974 0.22367717628205128 0.31779016666666665 0.2264328012820513 0.3188035512820513 0.2326144423076923 0.3090672788461538 0.2298159423076923 0.30990916346153846 0.24090858974358978 0.30461228205128205 0.2517868717948718 0.31934531730769233 0.2523013621794872 0.32137208333333334 0.2646646378205128 0.31336245512820515 0.2828236826923077 0.30426929166666666 0.2616088942307693 0.30108492948717946 0.2823949423076923 0.3170028397435898 0.2841800608974359
10 0.638724733974359 0.4699683429487179 0.6301304647435898 0.4696682243589744 0.6149686891025641 0.48143126602564107 0.6145399487179487 0.4937087948717949 0.625160983974359 0.5063721891025641 0.6374385128205129 0.5068009294871795 0.6511581634615384 0.501133782051282 0.6517155256410256 0.4851729935897436 0.638724733974359 0.4699683429487179
10 0.1859061217948718 0.2365783076923077 0.20063916025641026 0.2370927980769231 0.20335191025641025 0.22981202884615384 0.20001164102564103 0.2198613846153846 0.18282310256410256 0.21926114743589742 0.18006747756410255 0.22776966987179487 0.1859061217948718 0.2365783076923077
10 0.7824185544871795 0.7552552564102565 0.7850884294871795 0.7492022403846155 0.7884286955128206 0.7591528846153847 0.7960095833333333 0.7532713653846154 0.8021054743589744 0.7547134871794872 0.8122704871794871 0.7452344583333333 0.8131552467948718 0.7550993525641027 0.8094291153846154 0.7561984871794872 0.811756 0.7599674935897436 0.8079441185897436 0.7635221282051282 0.8153535096153847 0.7625516185897435 0.8180233846153846 0.7564986057692308 0.8240764038461538 0.7591684775641026 0.8251326570512821 0.7641223653846154 0.8200501506410257 0.7688618782051282 0.827202298076923 0.7752578878205129 0.8246728301282052 0.7790072147435898 0.8268593044871795 0.7850799102564102 0.8380377019230769 0.7817825192307692 0.8452755993589742 0.7857230224358974 0.9087099038461539 0.7879381955128205 0.9145871217948718 0.7721631826923078 0.9179273846153847 0.7821138269230768 0.9150524775641026 0.7881596826923077 0.9213962756410257 0.7883812147435898 0.913873858974359 0.7573872756410257 0.9077350929487179 0.757172907051282 0.9096488301282051 0.7375717339743589 0.8988563012820513 0.7298193493589743 0.8966580384615386 0.7223670833333333 0.8634229647435898 0.7236649903846154 0.8452639134615384 0.715655358974359 0.8463201698717949 0.7206092467948718 0.8425940384615385 0.721708375 0.8391680224358975 0.7142132371794871 0.8317157596153846 0.7164115 0.8315442628205127 0.7213225096153847 0.8364123974358975 0.7227217596153847 0.8378116506410257 0.7178536217948718 0.8413234102564103 0.7228932564102565 0.8325576442307693 0.7275041474358974 0.8383105416666666 0.7387682948717949 0.8341127948717949 0.7533727051282051 0.826574782051282 0.7580264743589743 0.8168385096153846 0.7552279775641025 0.8158679967948718 0.7478185865384616 0.8191968782051282 0.7429698141025641 0.8062603461538461 0.7413368301282051 0.8052469647435897 0.735155189102564 0.8050325929487179 0.7412939551282052 0.8001644551282051 0.7398947051282051 0.8024055929487179 0.7461192147435898 0.7962668269230769 0.7459048461538461 0.7963954487179488 0.7422215865384616 0.7864876794871795 0.7443341025641025 0.7937684455128206 0.7470468525641026 0.7936398237179487 0.750730108974359 0.7839035480769231 0.7479316121794871 0.7804346634615384 0.7416642243589744 0.7830187916666667 0.7380667147435898 0.8000787083333334 0.7423502083333334 0.7966955673076923 0.7336273205128205 0.8028772051282052 0.7326139358974358 0.8056757051282052 0.7228776602564103 0.7930123108974358 0.7334986987179487 0.7709556314102565 0.7314992083333334 0.7675296185897437 0.7240040705128206 0.7390769326923077 0.7291567307692308 0.7250571602564103 0.7434181506410257 0.7210309102564103 0.7531115544871795 0.7001162371794871 0.7536104455128205 0.6857261955128205 0.7432739326923077 0.6415699679487179 0.7405027115384615 0.609632798076923 0.7750356955128205 0.6083192980769231 0.7774483269230769 0.6969065737179487 0.7805418621794872 0.7012153685897435 0.757336576923077 0.7097238878205128 0.7600922019230769 0.718489657051282 0.7554813076923077 0.7032344134615384 0.7807628333333333 0.70956225 0.7809838076923077 0.7143347820512821 0.768857967948718 0.7227146794871795 0.7752968493589744 0.7158888621794872 0.7812047371794872 0.7250844391025641 0.7778381057692307 0.7285445384615384 0.7816466826923076 0.7665103397435897 0.7829724775641025 0.7705112948717949 0.7794244455128205 0.7728381794871795 0.7831934519230769 0.7905840833333334 0.7678329006410256 0.7824185544871795 0.7552552564102565
10 0.18272175641025643 0.25736436217948716 0.1742989871794872 0.25215323076923074 0.16189283333333335 0.2554077467948718 0.15905146153846156 0.26637177564102565 0.17436913782051283 0.2853454326923077 0.18164990705128206 0.2880581794871795 0.1916434230769231 0.2834901634615385 0.19207216666666665 0.2712126346153846 0.18272175641025643 0.25736436217948716
10 0.5892326153846154 0.7608015544871795 0.5722584423076923 0.7540625512820512 0.5439772532051281 0.7543042019230769 0.5241617115384616 0.7585292275641026 0.5140824423076923 0.7655527532051283 0.5088713141025641 0.7739755256410257 0.5140395705128206 0.7667805064102564 0.5153612147435898 0.774202157051282 0.5997250256410256 0.7771482083333333 0.5892326153846154 0.7608015544871795
10 0.5258221474358974 0.4193141987179487 0.5166081538461539 0.4116169358974359 0.5155947724358975 0.4054352980769231 0.499676858974359 0.4036501826923077 0.49916237179487183 0.4183832179487179 0.5258221474358974 0.4193141987179487
10 0.4846437051282051 0.4117299647435897 0.4954362403846154 0.4194823461538461 0.47973269551282055 0.4115584679487179 0.4796040737179487 0.41524172756410255 0.48455795833333337 0.4141854679487179 0.49039660256410256 0.422994108974359 0.4865847243589744 0.4265487467948718 0.488911608974359 0.4303177532051282 0.49509324679487177 0.42930437179487174 0.4940798621794872 0.4231227307692308 0.4979346153846154 0.41834034294871797 0.49916237179487183 0.4183832179487179 0.4943371057692308 0.4157562147435897 0.49340947435897436 0.40711907051282054 0.4846437051282051 0.4117299647435897
10 0.5068562852564102 0.44446614743589746 0.5142228012820512 0.44472339102564107 0.5157077980769231 0.43739974679487176 0.5304408333333333 0.437914233974359 0.5309981987179487 0.4219534487179487 0.5494573653846154 0.4213688076923077 0.5424767115384616 0.4100617852564103 0.5386219583333334 0.41484417628205134 0.5325689423076923 0.412174298076923 0.5310839455128206 0.41949794551282055 0.5273578141025641 0.42059707371794874 0.5259472243589743 0.4194186858974359 0.5012320096153846 0.4295187403846154 0.49978988461538465 0.4356146314102564 0.5068562852564102 0.44446614743589746
10 0.9236686025641025 0.7233103141025641 0.9336192467948717 0.719970048076923 0.934804125 0.7212406730769231 0.93755975 0.7127321538461538 0.9103776891025641 0.7166999358974359 0.909064189102564 0.7191125673076924 0.9237972243589744 0.7196270544871795 0.9236686025641025 0.7233103141025641
10 0.9407713942307692 0.7263660576923077 0.9474675192307692 0.710619641025641 0.9412430096153847 0.7128607756410257 0.9422135160256411 0.7202701666666667 0.9384016346153847 0.7238248012820513 0.934804125 0.7212406730769231 0.9395436410256409 0.7263231826923077 0.9358175064102563 0.7274223141025641 0.9364878974358973 0.7434259743589744 0.9419562724358974 0.7276366826923077 0.9467723782051283 0.7270058525641026 0.9407713942307692 0.7263660576923077
10 0.9765905961538461 0.721470641025641 0.9915380032051281 0.7158463653846153 0.9918381217948717 0.7072520929487179 0.979560592948718 0.7068233525641026 0.976804967948718 0.7153318750000001 0.9719368269230768 0.7139326282051283 0.9721940737179486 0.7065661089743589 0.9554479134615383 0.7108983205128205 0.9569465512820512 0.720784657051282 0.9532632916666666 0.720656032051282 0.9579170576923076 0.7281940448717948 0.9492433685897436 0.7272692980769231 0.9478806634615384 0.7339898173076923 0.9553758076923077 0.7305638044871794 0.9565178108974359 0.7330621858974359 0.959144814102564 0.728236919871795 0.9626565737179488 0.7332765544871795 0.9629138205128205 0.7259100352564103 0.9742637115384616 0.7177016346153846 0.974719733974359 0.7398440608974359 0.9610429519230769 0.7442834551282052 0.9463099198717949 0.7437689679487179 0.9634127115384615 0.7468247115384615 0.9644689711538461 0.751778592948718 0.9755187435897437 0.7521644615384615 0.9781457467948718 0.7473391987179487 0.9748483557692308 0.736160798076923 0.9800166089743589 0.7289657788461538 0.9765905961538461 0.721470641025641
10 0.47175034615384615 0.4641374711538461 0.48174386538461544 0.45956945192307697 0.4821726057692307 0.4472919230769231 0.4737498301282051 0.44208079166666664 0.4765483301282051 0.43234451602564106 0.4655843044871795 0.4295031442307692 0.44923765064102567 0.4399955576923077 0.44736678525641027 0.45836897756410255 0.4557038108974359 0.4660356121794872 0.4716217243589744 0.4678207275641026 0.47175034615384615 0.4641374711538461
10 0.10200578525641026 0.21029269551282054 0.10289054487179487 0.22015759294871798 0.11004268910256411 0.22655359935897437 0.12232021794871795 0.22698233974358972 0.12608922435897435 0.2246554583333333 0.12656083974358973 0.2111501762820513 0.10200578525641026 0.21029269551282054
10 0.2587294102564102 0.22805810576923077 0.2583435416666667 0.23910787820512822 0.26189817948717947 0.24291975961538462 0.2766312147435897 0.24343425000000002 0.27815908333333333 0.23488285576923076 0.2735910641025641 0.22488933653846155 0.2638119166666667 0.22331858974358973 0.2587294102564102 0.22805810576923077
10 0.8812234775641026 0.38993058333333336 0.8761409679487179 0.39467009615384613 0.8831216153846154 0.4059771185897436 0.8868477532051282 0.4048779871794872 0.8846066153846153 0.39865347435897436 0.8920588814102564 0.3964552115384615 0.8935438782051282 0.3891315705128205 0.8812234775641026 0.38993058333333336
10 0.39053939102564106 0.29043576282051287 0.3808888653846154 0.2851817596153846 0.37093821474358973 0.2885220224358975 0.3704666025641025 0.3020273076923077 0.3802457532051282 0.3035980512820513 0.37761875 0.30842331730769235 0.384942391025641 0.3099083141025641 0.39133840064102565 0.30275616666666666 0.39053939102564106 0.29043576282051287
10 0.6104903301282051 0.36326687179487177 0.6166290961538462 0.3634812435897436 0.6243386057692307 0.35391646474358973 0.6174008301282051 0.3413816891025641 0.6088065576923076 0.3410815705128205 0.6011827980769231 0.34819084615384616 0.5914036474358974 0.34662009935897437 0.5912750256410256 0.35030335897435894 0.5999121698717949 0.34937572435897435 0.5985129198717949 0.354243858974359 0.6104903301282051 0.36326687179487177
11 0.40503077564102563 0.2626690608974359 0.39143974679487176 0.26465295512820514 0.38978325 0.276887608974359 0.4043447884615385 0.28231310897435896 0.40858541025641026 0.2664809423076923 0.40503077564102563 0.2626690608974359
10 0.9681405448717948 0.6818395576923078 0.9595462724358975 0.6815394391025641 0.958490016025641 0.6765855512820513 0.9548067596153845 0.6764569294871795 0.918730310897436 0.6887188621794872 0.8829539839743591 0.6923865288461538 0.8757160865384614 0.6884460256410256 0.8594980544871794 0.6952551794871794 0.83748425 0.6920279391025641 0.821351967948718 0.6963815897435897 0.8212233461538461 0.7000648461538461 0.8090315673076923 0.6971805993589744 0.7928992852564103 0.7015342499999999 0.7376075288461538 0.7008326666666667 0.4486169326923077 0.7388389519230769 0.44388616025641026 0.7692476955128205 0.4685269647435897 0.7676496698717948 0.47209719871794875 0.7358138461538462 0.4783918621794872 0.7667649102564102 0.5018906634615384 0.7626685064102564 0.5088713141025641 0.7739755256410257 0.9889226826923078 0.7907392884615384 0.9926956025641025 0.6826970384615384 0.9890552147435897 0.6813406634615384 0.9928670993589744 0.6777860256410256 0.9792331923076923 0.6809976698717949 0.9757214294871795 0.6759580384615385 0.9779625673076924 0.6821825512820513 0.9694111698717948 0.6806546762820513 0.9683549134615385 0.6757007916666666 0.9634010288461539 0.676757048076923 0.9681405448717948 0.6818395576923078