9 0.10946394871794872 0.8726536025641025 0.7545594807692309 0.8839137884615383 0.769397407051282 0.033849477564102566 0.12430187499999999 0.022589294871794872 0.10946394871794872 0.8726536025641025
10 0.642494516025641 0.22061665064102565 0.687670173076923 0.18651616346153846 0.7208138269230769 0.1754650096153846 0.6904534230769231 0.13810775 0.6769910673076923 0.1320579262820513 0.6244705192307692 0.1427708557692308 0.5989085128205128 0.1636457467948718 0.5965649519230769 0.18686419551282052 0.6266547724358974 0.23972296474358976 0.634405532051282 0.2398582564102564 0.642494516025641 0.22061665064102565
10 0.6829154102564102 0.2368284391025641 0.6595278461538461 0.24417332692307694 0.6436542852564102 0.2652173301282051 0.6454566858974359 0.27300191025641024 0.682475717948718 0.26201840064102566 0.6829154102564102 0.2368284391025641
10 0.5370377435897437 0.15481266666666668 0.5098762692307692 0.15627683974358975 0.48254568269230763 0.16742946153846153 0.4667059455128205 0.18653577564102564 0.4795933205128205 0.22552632051282048 0.45627340384615384 0.2289958269230769 0.4540313108974359 0.24640121153846153 0.4784095320512821 0.2933454487179487 0.521748967948718 0.2533980641025641 0.5353127980769231 0.2536348205128205 0.5678814647435897 0.27552438782051286 0.5815129391025641 0.271885766025641 0.5855574294871795 0.26226496474358973 0.5779419615384616 0.2543789166666666 0.5937816987179487 0.23527260576923076 0.5940861025641025 0.21783340064102566 0.5697078814102564 0.17088916346153846 0.5370377435897437 0.15481266666666668
10 0.4329775032051282 0.12004553205128204 0.4015686025641026 0.14275664423076923 0.3952820192307692 0.16978283012820514 0.402796016025641 0.18348194551282052 0.45803217307692307 0.12823598397435898 0.4329775032051282 0.12004553205128204
10 0.4204239487179487 0.3950621282051282 0.4270149358974359 0.3505967435897436 0.4566552564102564 0.3181633621794872 0.4218106698717949 0.3156168685897436 0.39254239743589747 0.3267356666666667 0.39064833974358976 0.43524626923076926 0.4076816698717949 0.45880294230769225 0.44894813141025647 0.4265724967948718 0.44911724358974364 0.4168840480769231 0.4204239487179487 0.3950621282051282
11 0.7691884134615384 0.1801859487179487 0.8037624198717949 0.19823395833333335 0.8446230064102564 0.18925578525641024 0.8431588333333334 0.1620943108974359 0.8070191858974359 0.12269789743589744 0.7663615352564103 0.12004993589743589 0.7506232628205128 0.13334317948717947 0.7429401506410256 0.1293325128205128 0.7214226314102564 0.14058660256410255 0.7171752051282052 0.16183353525641025 0.7323384935897436 0.18148100961538463 0.7691884134615384 0.1801859487179487
11 0.7996502852564102 0.21173013782051284 0.7897589038461538 0.22318716025641025 0.7914260128205128 0.2387225 0.8246373108974359 0.22379596474358976 0.813214108974359 0.21196689423076925 0.7996502852564102 0.21173013782051284
11 0.9336552499999999 0.1966246858974359 0.9553080576923076 0.17761983974358975 0.9596569519230769 0.15055983333333334 0.9485043301282052 0.12322925000000001 0.9102240608974359 0.09542515064102564 0.8617141826923077 0.09845496474358975 0.8359830608974358 0.12901830128205127 0.8337747916666667 0.1444859935897436 0.8538379391025642 0.2165525480769231 0.8887839935897437 0.21328597115384612 0.9336552499999999 0.1966246858974359
11 1 0.06733450320512821 0.964851407051282 0.07505759615384615 0.9431647788461538 0.09600013141025641 0.9410579743589744 0.10565475320512821 0.9615946410256411 0.15059365705128205 0.9591157916666666 0.18156286538461539 1 0.17872565705128204 1 0.06733450320512821
2 1 0.048031923076923076 0.9243290448717949 0.06465887820512821 0.8287058173076923 0.10175536217948718 0.8303052820512821 0.12116607692307692 0.9198110384615384 0.10140733012820513 0.9371487756410257 0.10752480128205129 0.945203935897436 0.09022088461538462 0.9765451858974359 0.07138515064102564 1 0.0686735576923077 1 0.048031923076923076
2 1 0.17586304487179488 0.970674282051282 0.18564117628205126 0.9534041923076924 0.17564832692307691 0.9298475192307694 0.19268166346153845 0.8989121314102564 0.1882651217948718 0.8537702948717948 0.22042792628205127 0.7991767692307692 0.23885778846153846 0.7834046730769231 0.2540887243589744 0.7772533814102563 0.27336415064102565 0.7813753237179487 0.37035008333333336 0.7765190929487179 0.42647542948717954 0.7663909551282051 0.45149627884615384 0.8206631666666666 0.4514744615384615 0.81762625 0.5144155448717949 0.8272808717948718 0.5165223461538461 0.8268073589743589 0.5436499967948718 0.8190227788461539 0.5454523942307693 0.8167468621794871 0.5647954647435898 0.7988003205128205 0.593556407051282 0.8077784967948718 0.6344169935897436 0.8210717403846153 0.6501552628205128 0.8509488205128205 0.6041580576923077 0.8529923782051282 0.26499477884615386 0.8687644743589743 0.24976384615384617 1 0.21796401602564103 1 0.17586304487179488