11 0.7788604102564103 0.539730842948718 0.7784786282051283 0.5178587115384615 0.7566077307692307 0.5182404711538461 0.7569895096153846 0.5401125993589744 0.7788604102564103 0.539730842948718
11 0.8098332596153847 0.5235626762820512 0.8101059583333333 0.5391854487179487 0.81323125 0.5391308974358975 0.816409842948718 0.5422004294871795 0.8289073237179486 0.5419822852564103 0.8350475961538462 0.5356238461538462 0.8348294519230769 0.5231263653846154 0.8098332596153847 0.5235626762820512
11 0.15862332692307693 0.4599181634615384 0.15818701923076922 0.4349219711538461 0.12694147115384616 0.43546736217948717 0.12737777884615384 0.46046355448717946 0.15862332692307693 0.4599181634615384
10 0.8916711185897436 0.5565142724358975 0.8604255705128205 0.5570596666666666 0.8610254935897436 0.5914292756410257 0.8891457467948718 0.5909384358974359 0.8922165096153847 0.5877598205128205 0.8916711185897436 0.5565142724358975
10 0.6197279807692307 0.5550097980769231 0.6186917467948718 0.4956439967948718 0.5593259423076923 0.4966802307692308 0.5603621762820513 0.5560460320512821 0.6197279807692307 0.5550097980769231
11 0.06170932051282051 0.4584847884615385 0.014840999999999998 0.4593028782051283 0.015549983974358974 0.4999206153846154 0.05929301282051282 0.4991570769230769 0.062363775641025646 0.4959784615384616 0.06170932051282051 0.4584847884615385
11 0.9979052435897435 0.5546599487179487 0.9964872307692308 0.47342201602564105 0.9527429711538462 0.4741855769230769 0.9541609839743589 0.5554235096153847 0.9979052435897435 0.5546599487179487
10 0.15035603525641025 0.3444197019230769 0.14991972435897435 0.3194235096153846 0.12804882692307692 0.31980526923076924 0.1284851346153846 0.34480146153846153 0.15035603525641025 0.3444197019230769
10 0.5683721346153846 0.4777697788461538 0.5679903557692307 0.45589765064102566 0.5461194551282051 0.456279407051282 0.5465012371794872 0.47815153846153846 0.5683721346153846 0.4777697788461538
10 0.9644070224358975 0.6052522788461538 0.9635344006410256 0.5552598942307692 0.9229166666666666 0.5559688814102564 0.9237892852564104 0.605961266025641 0.9519095416666666 0.605470423076923 0.9549790737179487 0.6022918301282052 0.9581043653846154 0.6022372788461539 0.9612829583333333 0.6053068108974359 0.9644070224358975 0.6052522788461538
14 0.9989960288461538 0.617151044871795 0.9961054711538461 0.4515511185897436 0.8836219903846154 0.45351452243589746 0.886512548076923 0.619114451923077 0.9989960288461538 0.617151044871795
10 0.00021526602564102563 0.33766414423076924 0.0008151923076923077 0.37203375641025643 0.003940483974358974 0.37197920192307693 0.013150288461538463 0.3624421698717949 0.012877592948717948 0.3468193974358974 0.009697769230769232 0.34374988782051286 0.009588685897435898 0.33750053205128205 0.00021526602564102563 0.33766414423076924
11 0.6381488205128205 0.5359357115384615 0.6383124358974359 0.5453091314102564 0.6601833333333333 0.544927375 0.6593107147435897 0.49493498717948714 0.6343145224358974 0.4953712980769231 0.6349689967948718 0.5328662019230769 0.6381488205128205 0.5359357115384615
10 0.5385991314102564 0.5626771666666667 0.5373992820512821 0.49393794551282055 0.4936562532051282 0.49470148397435904 0.49485610256410256 0.5634407051282051 0.5385991314102564 0.5626771666666667
11 0.3685116794871795 0.4875096153846154 0.3680208173076923 0.45938813141025636 0.33990056089743587 0.45987897115384613 0.34039142307692305 0.4880004583333334 0.3685116794871795 0.4875096153846154
11 0.40842163782051283 0.4461816442307692 0.40787624679487183 0.41493609615384613 0.3828800544871795 0.41537240384615387 0.3834254455128205 0.4466179519230769 0.40842163782051283 0.4461816442307692
10 0.5170708205128205 0.4036538237179487 0.517398048076923 0.42240066025641027 0.5267714647435897 0.42223704487179486 0.5298422275641026 0.4190584294871795 0.5392156474358974 0.41889481730769224 0.5422851570512821 0.4157149935897436 0.5420670128205128 0.4032175128205128 0.5170708205128205 0.4036538237179487
10 0.5664990192307692 0.45919791346153843 0.5553602628205129 0.456925875 0.5468163333333333 0.4620079455128205 0.5457986730769231 0.4743580416666667 0.5507301057692308 0.4742719615384615 0.5520705608974359 0.4804147307692308 0.5668433333333334 0.4789236378205128 0.5704127884615385 0.4714619358974359 0.5664990192307692 0.45919791346153843
10 0.4458358301282051 0.39964242628205127 0.43456795192307696 0.3899732403846154 0.44293972435897433 0.37502830769230766 0.43290470512820517 0.3653376025641026 0.41936478525641024 0.3668071762820513 0.41592444551282054 0.38166602884615386 0.4023414935897436 0.38066988782051286 0.38166266666666665 0.3970628717948718 0.37941214423076924 0.40943448717948716 0.39193440064102564 0.4203150128205128 0.39931002564102563 0.4189530384615385 0.40406930128205126 0.40900409615384614 0.41384608653846156 0.40390050641025643 0.4161611634615385 0.3952274647435897 0.4236228717948718 0.39879692307692305 0.4180826506410257 0.43465739423076927 0.42556587500000004 0.4394597083333333 0.45517598397435893 0.4401760961538462 0.4648666891025641 0.4301410801282051 0.46218577564102564 0.41785553846153844 0.44479665064102564 0.4107596666666667 0.4458358301282051 0.39964242628205127
10 0.28253908653846155 0.3704287115384615 0.28324923397435897 0.4111130192307692 0.30535459615384614 0.40579423397435893 0.3190881891025641 0.4154203814102564 0.3277181955128205 0.41526974358974356 0.3360899647435897 0.4003248141025641 0.3473148012820513 0.40752828525641027 0.3645317756410256 0.40476129166666663 0.3642735384615385 0.389967 0.3542385192307692 0.3802762948717949 0.32482208653846156 0.3906556282051282 0.3147655480769231 0.3797320673076923 0.2962942019230769 0.38128771794871796 0.2948891826923077 0.371446375 0.28253908653846155 0.3704287115384615
10 0.4043275352564103 0.42379839102564104 0.3895117211538462 0.42282376923076925 0.38349807051282053 0.43156137179487175 0.3824373717948718 0.44144575320512824 0.38877381730769234 0.45120101602564106 0.40482248717948716 0.45215412179487185 0.4096463205128205 0.4459037532051282 0.41064246153846157 0.43232079807692303 0.4043275352564103 0.42379839102564104
10 0.24495080448717949 0.33655428205128207 0.22025060576923075 0.33451895833333334 0.21784945192307695 0.33826057051282055 0.21674571153846153 0.3456792371794872 0.22182778205128204 0.35422316025641026 0.2526922628205128 0.35615088782051285 0.26268424358974357 0.3633758782051282 0.273801483974359 0.3644150576923077 0.2700598717948718 0.3620139038461539 0.27365084615384616 0.3557850544871795 0.2883375416666667 0.34936253205128204 0.28578575 0.34447413782051284 0.2796645 0.34704745192307696 0.27081929807692307 0.3348695128205128 0.26218929166666666 0.3350201474358974 0.2558958878205128 0.32773059935897436 0.24495080448717949 0.33655428205128207
10 0.429630282051282 0.460353733974359 0.4311644134615385 0.47759222115384614 0.4423246923076923 0.48109711858974363 0.4558215705128205 0.4771618301282051 0.4580290512820513 0.4623245 0.45294698076923073 0.45378057051282056 0.43687679166666665 0.45159461217948715 0.429630282051282 0.460353733974359
10 0.35410316025641025 0.4431735641025641 0.3588839519230769 0.4344574807692308 0.35367276602564107 0.41851640705128207 0.34621106089743586 0.41494694871794874 0.33143828846153844 0.4164380448717949 0.33310153525641023 0.4410736794871795 0.35410316025641025 0.4431735641025641
10 0.4868151762820513 0.4864867019230769 0.4878973942307692 0.47783517948717946 0.48281532692307694 0.4692912532051282 0.46797799358974357 0.46708377564102566 0.4607099647435898 0.47461003846153843 0.4621795384615385 0.48814995512820514 0.4868151762820513 0.4864867019230769
10 0.465260282051282 0.38203810256410253 0.4541860801282051 0.3834646378205128 0.4520001185897436 0.3995348301282051 0.46683745192307696 0.4017423076923077 0.47151064743589743 0.3868619358974359 0.465260282051282 0.38203810256410253
10 0.3807373205128205 0.3440499871794872 0.3647101698717949 0.3443297403846154 0.36369250961538463 0.3566798365384615 0.37978422115384614 0.360098657051282 0.3833106346153846 0.35017123397435895 0.3807373205128205 0.3440499871794872
10 0.5455834775641026 0.4620294647435897 0.54588475 0.4792894711538462 0.5545793141025641 0.48283741025641025 0.5680761923076922 0.4789021185897436 0.5715380512820513 0.46527612500000004 0.5664775000000001 0.45796505769230766 0.5565715993589744 0.4556715 0.5455834775641026 0.4620294647435897
10 0.40603382692307693 0.4508997435897436 0.41064246153846157 0.43232079807692303 0.403051641025641 0.42135419551282055 0.38832190384615384 0.4253110032051282 0.3847309294871795 0.43153985256410254 0.3862650641025641 0.44877834294871793 0.40603382692307693 0.4508997435897436
10 0.5338636891025641 0.42647026282051276 0.541067157051282 0.41524542628205124 0.5384938461538461 0.4091241762820513 0.5310106185897435 0.4043218621794872 0.5199794551282051 0.40821411217948717 0.5202376923076922 0.42300840384615385 0.5338636891025641 0.42647026282051276
10 0.3190881891025641 0.4154203814102564 0.3289295352564102 0.41401536858974364 0.3384696025641025 0.3953503461538461 0.3473148012820513 0.40752828525641027 0.3608762403846154 0.4072915673076923 0.36440265705128205 0.39736414743589743 0.36301916025641023 0.38875566025641023 0.35549289423076924 0.38148763141025643 0.3444186955128205 0.38291416666666667 0.3323053108974359 0.3954579423076923 0.30007884935897433 0.38615458974358974 0.3003370865384616 0.40094888461538464 0.3190881891025641 0.4154203814102564
10 0.4307770608974359 0.4554007820512821 0.4311644134615385 0.47759222115384614 0.447256125 0.4810110416666667 0.4558215705128205 0.4771618301282051 0.4580505705128205 0.4635573557692308 0.454201358974359 0.4549919102564103 0.44673965384615383 0.4514224551282051 0.4307770608974359 0.4554007820512821
10 0.3314598076923077 0.41767090384615385 0.32925232692307693 0.43250823717948716 0.33310153525641023 0.4410736794871795 0.35410316025641025 0.4431735641025641 0.3588624326923077 0.43322462179487176 0.35367276602564107 0.41851640705128207 0.34621106089743586 0.41494694871794874 0.3314598076923077 0.41767090384615385
10 0.4518064423076923 0.388439108974359 0.453276016025641 0.40197902243589745 0.4656261153846154 0.4029966826923077 0.4716828044871795 0.39672479807692307 0.47278654487179483 0.38930613141025644 0.4664931378205128 0.3820165801282051 0.4578416121794872 0.3809343621794872 0.4518064423076923 0.388439108974359
10 0.41382456730769235 0.4026676506410256 0.41605356410256417 0.3890631762820513 0.4134802532051282 0.38294192628205126 0.401130157051282 0.38192426282051284 0.38047284615384613 0.39955010897435894 0.38066652243589744 0.4106458301282051 0.3894256442307692 0.41789233653846153 0.39805565064102566 0.4177417019230769 0.4064704615384615 0.40526248717948715 0.41382456730769235 0.4026676506410256
10 0.4316718429487179 0.3653591217948718 0.4243392564102564 0.3691868141025641 0.4230418397435898 0.3655097596153846 0.41715730769230763 0.3816445096153846 0.4296795608974359 0.39252503205128203 0.4224545737179487 0.40251701282051283 0.4238811057692307 0.41359121474358973 0.4178459358974359 0.4210959615384615 0.41682827243589743 0.4334460576923077 0.43051882692307697 0.4406064871794872 0.45517598397435893 0.4401760961538462 0.46127571474358975 0.43636992628205123 0.4634401538461539 0.419066875 0.44475360897435895 0.4082939487179487 0.44328403846153847 0.39475403525641023 0.43456795192307696 0.3899732403846154 0.4404309679487179 0.37260563461538465 0.4316718429487179 0.3653591217948718
10 0.2226024871794872 0.3986060448717949 0.21035998397435898 0.4037526730769231 0.20934232371794875 0.4161027692307692 0.2168470673076923 0.42213793910256414 0.22405054166666666 0.4109131025641026 0.2226024871794872 0.3986060448717949
10 0.48561911538461533 0.5592683525641026 0.4755625737179487 0.5483447916666666 0.4731614198717949 0.5520864038461538 0.4681654294871795 0.5484739070512821 0.45709122756410253 0.5499004423076923 0.45964302243589744 0.5547888333333334 0.45356481089743594 0.5598278653846154 0.4727973942307692 0.5594921570512821 0.47445883653846155 0.5557634551282051 0.48561911538461533 0.5592683525641026
10 0.47372716987179486 0.5138462916666666 0.4736410897435897 0.5089148621794872 0.4624808108974359 0.5054099647435897 0.4539368846153846 0.510492032051282 0.44281964423076925 0.5094528525641026 0.45772153846153846 0.5153589038461538 0.4712614519230769 0.5138893333333333 0.48380522756410255 0.5260027147435897 0.4849735256410256 0.5222826185897436 0.47372716987179486 0.5138462916666666
10 0.5224236538461539 0.40693821474358977 0.5189402756410256 0.41933135256410253 0.5227464487179487 0.42543108333333335 0.5314194903846154 0.42774616025641027 0.539898858974359 0.41896551923076925 0.5397697403846154 0.4115683717948718 0.5347307115384615 0.40549016025641027 0.5224236538461539 0.40693821474358977
11 0.9924739775641026 0.6016373557692308 0.9913831891025641 0.5391462596153845 0.9320173878205128 0.5401824935897436 0.9331081730769231 0.6026735897435898 0.979975266025641 0.6018555192307692 0.9830460064102564 0.5986756762820513 0.9861700673076924 0.5986211442307693 0.9893486826923077 0.6016919070512821 0.9924739775641026 0.6016373557692308
10 0.08463179487179487 0.33931566346153846 0.08781163782051282 0.3423864038461538 0.10030911858974359 0.3421682596153846 0.0998728108974359 0.3171720673076923 0.0748766185897436 0.31760837820512816 0.075258375 0.33947927564102565 0.08463179487179487 0.33931566346153846
11 0.6712095 0.46034721153846153 0.6707731923076923 0.43535101923076924 0.6489010608974359 0.43573279807692306 0.6493373717948717 0.4607289903846154 0.6712095 0.46034721153846153
0 0.30784463141025636 0.619100157051282 0.3014651474358974 0.6068791794871795 0.2916238044871795 0.6082841923076924 0.33774353525641027 0.7776653846153846 0.3821264166666667 0.7768906794871795 0.31993649358974363 0.6053235256410257 0.3100951538461539 0.6067285416666667 0.3127115064102564 0.6153155064102565 0.30784463141025636 0.619100157051282
0 0.2667854519230769 0.457030032051282 0.25568973076923074 0.45722371153846153 0.24554711217948716 0.4413687147435898 0.2458914262820513 0.4610944423076923 0.2563138012820513 0.49297658653846155 0.2649653237179487 0.49405880769230764 0.26974611538461535 0.48534272435897435 0.2797596185897436 0.49380057371794867 0.2667854519230769 0.457030032051282
0 0.21746209935897434 0.3160691282051282 0.20628030128205127 0.311331375 0.20526263782051282 0.3236814743589744 0.21419391666666668 0.3407908461538462 0.21891015064102562 0.32837618589743595 0.21746209935897434 0.3160691282051282
11 0.018477035256410257 0.2911780576923077 0.032081512820512824 0.2934070576923077 0.03694838461538462 0.28962240384615384 0.03175871794871795 0.2749141923076923 0.013265849358974359 0.275236983974359 0.013459525641025642 0.28633270512820513 0.018477035256410257 0.2911780576923077
12 0.6129540224358975 0.5064831442307692 0.5992634711538462 0.4993227115384616 0.589400608974359 0.49949486858974357 0.5734164967948718 0.5022403429487179 0.5599841762820512 0.5098742019230769 0.5625359711538461 0.5147625961538461 0.5576690993589744 0.5185472467948719 0.5601778525641026 0.5209699230769231 0.5565223205128205 0.5235001987179487 0.5568020769230769 0.5395273493589744 0.5643283397435898 0.5467953782051281 0.5692382500000001 0.5454764423076923 0.5719406794871795 0.5589948397435897 0.6137932884615385 0.5545645993589744 0.618638641025641 0.5495470897435898 0.625562358974359 0.5222950993589743 0.6129540224358975 0.5064831442307692
12 0.44636134294871793 0.5710527019230769 0.5239668237179488 0.5659983942307693 0.5386965608974359 0.5620415865384616 0.543434314102564 0.5508597852564103 0.5532541378205129 0.5482219134615384 0.5479783942307692 0.5285822692307692 0.5430254423076922 0.5274354871794872 0.5455126794871794 0.5286253076923076 0.5406242852564103 0.5311770993589744 0.5407103653846155 0.5361085320512821 0.5357358942307692 0.5337288942307692 0.5380940096153847 0.5275215641025641 0.5290120961538461 0.5017821858974358 0.5289905769230769 0.5005493301282051 0.5019537788461539 0.5059541923076923 0.48488744871794875 0.5173511891025641 0.4698994775641025 0.5065137019230769 0.4354225 0.5095819711538462 0.42813294871794877 0.515875375 0.4283911826923077 0.5306696698717949 0.43213279807692306 0.533070826923077 0.4284557435897436 0.5343682403846154 0.42981772115384614 0.5417438717948718 0.4212737916666667 0.546825939102564 0.4213598717948718 0.5517573717948718 0.42886461538461534 0.5577925416666667 0.4449132852564103 0.5587456442307692 0.44636134294871793 0.5710527019230769
15 0.6609924423076924 0.5031781634615385 0.6448576923076923 0.4972936282051282 0.6349948301282051 0.4974657852564103 0.6141868846153846 0.506461625 0.625562358974359 0.5222950993589743 0.6199145416666667 0.5519912852564103 0.6691212532051282 0.5449662115384616 0.6648201314102564 0.5105107532051283 0.6609924423076924 0.5031781634615385
2 0.7253100064102563 0.5846821378205128 0.7307426282051283 0.542657375 0.742985125 0.5375107467948718 0.7240833878205128 0.5144092403846154 0.6855850384615385 0.4990491955128205 0.6804384102564103 0.48680669871794874 0.2390968269230769 0.49574357692307697 0.21947870192307692 0.5022521794871795 0.20857666025641025 0.5135415801282052 0.15433091346153846 0.5144884423076923 0.11254286538461539 0.5226172532051282 0.1126935032051282 0.5312472596153847 0.11768949358974358 0.5348597532051281 0.11720982051282053 0.5780312980769231 0.005127358974358975 0.5861538717948718 0.004776801282051282 0.636722560897436 0.009772791666666666 0.6403350576923077 0.6619823429487179 0.5598896250000001 0.6856433557692307 0.5730421858974359 0.6846256955128205 0.5853922852564103 0.6737666923076923 0.5991473974358974 0.6595964647435897 0.6351585096153846 0.6534967371794872 0.6389646826923077 0.6440427467948718 0.6625611346153847 0.6396708237179487 0.694701516025641 0.6930280256410256 0.7135019006410257 0.7025896121794871 0.696069733974359 0.6978796153846154 0.6381899743589744 0.7253100064102563 0.5846821378205128
11 0.1781828044871795 0.32662061858974356 0.18039028525641024 0.31178328525641025 0.1642770544871795 0.307131608974359 0.16083671474358974 0.3219904615384615 0.1781828044871795 0.32662061858974356
11 0.09168908012820512 0.31703127243589746 0.08042120192307693 0.30736208653846153 0.06813566666666666 0.3100429967948718 0.06964827884615385 0.32604863141025636 0.09168908012820512 0.31703127243589746
3 0.5581827692307691 0.33601973076923075 0.5569068717948717 0.33357553525641026 0.5604978461538461 0.3273466858974359 0.5578814967948718 0.31875972115384615 0.56261925 0.3075779230769231 0.5636153910256411 0.2939949647435897 0.5708188621794872 0.2827701282051282 0.5707758237179487 0.2803044102564103 0.5682670705128205 0.27788173717948716 0.5595940224358974 0.27556666025641025 0.5447782083333333 0.27459203525641024 0.5450149262820513 0.28815347115384615 0.5391949519230769 0.30798679487179487 0.5392595096153846 0.3116853685897436 0.5417897852564102 0.3153409006410256 0.5394747051282052 0.32401394871794875 0.543259358974359 0.3288808205128205 0.543431516025641 0.3387436794871795 0.5410733974358974 0.3449510096153846 0.5401418141025641 0.36223253846153847 0.5389304775641026 0.36348691666666666 0.5427366474358974 0.3695866442307692 0.5464352211538461 0.3695220865384615 0.5500046762820513 0.3620603814102564 0.5499185993589744 0.3571289519230769 0.5545702756410257 0.34101572115384615 0.5581827692307691 0.33601973076923075
2 0.2010968717948718 0.22632874358974361 0.06918108653846154 0.22863134294871792 0.05570572756410256 0.2337994903846154 0.05589940384615385 0.2448952083333333 0.06212825320512821 0.24848618589743593 0.0818109358974359 0.24567615384615385 0.31784629166666667 0.27362021153846156 0.33806696794871793 0.3016316282051282 0.3326343461538461 0.3436563942307692 0.34995891346153846 0.34705368910256407 0.3463096217948718 0.2792895512820513 0.3386111987179487 0.26215865705128205 0.32243341025641026 0.25380841025641027 0.2010968717948718 0.22632874358974361
4 0.282253092948718 0.4246959743589744 0.29596516346153845 0.433089266025641 0.3265929326923077 0.4214555512820513 0.30410021794871794 0.4045828974358975 0.28443905128205127 0.4086257852564103 0.280762 0.4099232019230769 0.282253092948718 0.4246959743589744
4 0.2597818974358974 0.4090561762820513 0.25963125961538464 0.40042616987179486 0.24615590064102563 0.4055943173076923 0.24498760256410257 0.40931441346153846 0.2597818974358974 0.4090561762820513
5 0.32606063141025643 0.3675034807692308 0.2857211923076923 0.3407755641025641 0.22018604807692307 0.3308203846153846 0.1709578141025641 0.33661259935897436 0.17863471474358975 0.3525106346153846 0.21086117948717947 0.3618139871794872 0.22508972115384615 0.3997958621794872 0.22409358012820513 0.4133788205128205 0.23270206410256408 0.4119953237179487 0.2589148717948718 0.43003627884615386 0.259194625 0.44606343269230775 0.29486142628205125 0.44050792948717954 0.2947323076923077 0.4331107852564102 0.28093415705128205 0.4197860641025641 0.2807103525641026 0.40696434294871797 0.2787778653846154 0.3784203557692308 0.2978235384615385 0.3816482564102564 0.32606063141025643 0.3675034807692308
5 0.23315397756410255 0.43788533653846157 0.2341501185897436 0.42430238461538455 0.2290895705128205 0.4169913141025641 0.2216924198717949 0.4171204294871795 0.20832466346153844 0.42845286538461536 0.206074141025641 0.4408244871794872 0.23315397756410255 0.43788533653846157
4 0.27496354166666664 0.4309893814102564 0.2748559455128205 0.424825092948718 0.24998359294871797 0.41292690705128204 0.2354044967948718 0.4255137211538461 0.2081309871794872 0.4173571474358974 0.19340125 0.4213139551282051 0.16420001602564102 0.4440218685897436 0.16080271794871795 0.4613464391025641 0.20418945833333332 0.47415468589743587 0.24338266987179488 0.45867176282051286 0.27496354166666664 0.4309893814102564
8 0.5769491538461539 0.4220185032051282 0.579543983974359 0.4293726121794872 0.6356896955128205 0.4666228205128205 0.7183557307692308 0.4688795801282051 0.7133382211538462 0.4640342275641026 0.6467208557692308 0.4627305705128205 0.6330733397435897 0.45803585256410256 0.6230168044871796 0.44711229166666666 0.5956141762820513 0.43155857051282054 0.6214826698717949 0.4298738012820512 0.627539358974359 0.4236019166666667 0.5904460288461539 0.4180832147435897 0.5830488814102563 0.41821233333333335 0.5769491538461539 0.4220185032051282
10 0.585407 0.4120050064102564 0.5879372756410256 0.4156605384615385 0.5904245096153846 0.41685035576923074 0.5965888012820513 0.41674275641025643 0.6026454903846155 0.41047086858974363 0.6038783461538462 0.4104493493589743 0.6050466442307693 0.40672925961538464 0.6000076153846153 0.40065104487179487 0.5950331442307693 0.3982714102564102 0.5913345737179487 0.39833596794871795 0.586467701923077 0.4021206217948718 0.5852778846153845 0.40460785576923075 0.585407 0.4120050064102564
10 0.6212459551282051 0.41631236538461536 0.6211383557692307 0.4101480769230769 0.6235179935897436 0.4051736057692308 0.6221990608974358 0.4002636923076923 0.6172245897435897 0.39788405769230767 0.6135260128205129 0.3979486153846154 0.6098704775641025 0.40047889102564105 0.6086806602564102 0.402966125 0.6088528173076923 0.4128289903846154 0.6113615705128205 0.4152516634615384 0.6212459551282051 0.41631236538461536
10 0.649773842948718 0.4256802756410256 0.6447778525641026 0.42206778205128204 0.6385920448717949 0.42094252243589747 0.6349365096153846 0.42347279807692306 0.6351301858974359 0.4345685192307692 0.6302417948717949 0.4371203108974359 0.6254179615384615 0.44337067948717945 0.6280127916666667 0.45072478846153846 0.6305430673076923 0.45438032371794873 0.6367503974358975 0.4567384391025641 0.6404489711538461 0.45667387820512817 0.6441260256410256 0.4553764647435898 0.648971375 0.4503589519230769 0.6501611955128205 0.4478717211538461 0.6501181570512821 0.4454060032051282 0.6475878814102564 0.4417504679487179 0.6510927788461539 0.43059018910256414 0.649773842948718 0.4256802756410256