16 0.2332860128205128 0.3746801987179487 0.3382356891025641 0.2725538044871795 0.48700173076923076 0.30419666025641023 0.5056883365384616 0.27399340705128206 0.5034381282051282 0.21220322756410256 0.47006221153846156 0.15814205769230769 0.3862590192307693 0.1596235544871795 0.35467208653846155 0.180560375 0.30772495512820514 0.2626724038461538 0.2857119423076923 0.26190369230769234 0.240302233974359 0.2999896923076923 0.22647945833333333 0.3171388782051282 0.2332860128205128 0.3746801987179487
16 0.6798497243589744 0.20954771153846152 0.6226158846153846 0.2075490641025641 0.5724960897435897 0.2542865288461538 0.573977592948718 0.33808972435897433 0.6298277467948719 0.37971179807692307 0.6964817564102564 0.36440752243589747 0.7285299166666667 0.3302628942307692 0.7268946698717949 0.2508623012820513 0.6798497243589744 0.20954771153846152
16 0.942566282051282 0.38622489743589744 0.8545142275641024 0.38315005128205126 0.822619814102564 0.4128920737179487 0.8195449679487179 0.5009441314102564 0.8535358525641025 0.537394891025641 0.9194211506410256 0.5441036282051283 0.9692334647435897 0.5061713685897435 0.9723083076923077 0.4181193108974359 0.942566282051282 0.38622489743589744
16 0.16586329166666666 0.41199749038461536 0.14385027884615384 0.4112287788461539 0.11497478525641025 0.480747967948718 0.1277213653846154 0.4944170032051282 0.18239750641025643 0.4434306762820513 0.16586329166666666 0.41199749038461536
16 0.25968760256410256 0.7546877179487179 0.24269216025641027 0.7364623365384616 0.17178928846153846 0.7472102692307693 0.19743619551282052 0.770145733974359 0.25968760256410256 0.7546877179487179
16 0.19622028525641025 0.42628149358974365 0.23236356089743593 0.40109581410256406 0.18014729807692306 0.3816404967948718 0.17072712179487182 0.3989434230769231 0.19622028525641025 0.42628149358974365
14 0 0.8788866378205128 0.03402274358974359 0.9054943012820513 0.1387627564102564 0.935599733974359 0.3101567788461539 0.9504008878205129 0.35101014102564104 0.9165637467948718 0.4738217916666667 0.9340763365384616 0.541552 0.887953842948718 0.5834815576923077 0.8232984807692307 0.5850189807692308 0.7792724519230769 0.4666099326923077 0.7619136025641026 0.3471806121794872 0.6475437532051281 0.3022880512820513 0.5445927243589743 0.44885980448717955 0.3866161730769231 0.5460245512820513 0.3811932948717949 0.5733626217948719 0.3557001314102564 0.49719061858974356 0.264880717948718 0.487672625 0.15875702564102565 0.5189520705128206 0.14662541346153846 0.5558640576923077 0.09942672115384615 0.5138366794871795 0.04065546153846154 0.4130380448717949 0.02391158012820513 0.3633794743589744 0.057441237179487174 0.2659072435897436 0.07166931730769231 0.24691315384615387 0.11067777243589742 0.19408191987179488 0.1088328653846154 0.14257844230769232 0.1951937564102564 0.008040483974358973 0.2610231346153846 0 0.4912724871794872 0 0.8788866378205128
17 0.9793523974358974 0.9737697147435898 0.9851946057692308 0.8064708076923076 0.9352285512820513 0.8488056698717948 0.9326149326923078 0.9236499166666666 0.9793523974358974 0.9737697147435898
17 0.9945728846153846 0.5379120384615385 0.9990314102564102 0.41023656089743593 0.9809597692307691 0.42282940064102564 0.9739435512820512 0.49751990384615385 0.9945728846153846 0.5379120384615385
7 0.7445050833333333 0.25147727243589746 0.7414302403846154 0.3395293269230769 0.6826589775641025 0.3815567051282051 0.7087671089743589 0.39128436538461536 0.7374329391025641 0.453997 0.7232886506410257 0.8590364551282053 0.8682670576923076 0.8729151506410258 0.8795321378205128 0.8027809935897435 0.8147789583333334 0.6374248141025641 0.8110472467948718 0.49183143910256416 0.8375187884615384 0.3649246698717949 0.8823135288461538 0.34444908012820513 0.8876385833333333 0.3181872051282051 0.8003552371794872 0.29309934615384614 0.7445050833333333 0.25147727243589746
20 0.1482528782051282 0.41138251923076924 0.11968487179487178 0.47209650641025636 0.11482104166666667 0.4851505737179487 0.14108291666666667 0.4904756282051282 0.18285873397435898 0.43022286858974357 0.1482528782051282 0.41138251923076924
20 0.2328107596153846 0.7669730705128206 0.26424394551282054 0.7504388557692308 0.19851239102564103 0.7393275160256411 0.17148180448717948 0.7560154711538462 0.2328107596153846 0.7669730705128206
20 0.47871367628205125 0.16285214423076924 0.39946682692307695 0.16008478205128204 0.34540565705128207 0.19346069871794871 0.33838943269230765 0.2681512019230769 0.43038286538461534 0.28458759615384616 0.4473783076923077 0.3028129775641026 0.5011319935897436 0.2782422692307692 0.5034381282051282 0.21220322756410256 0.47871367628205125 0.16285214423076924
20 0.3295842275641026 0.26784371474358976 0.2857119423076923 0.26190369230769234 0.23103580128205126 0.31289001602564104 0.2332860128205128 0.3746801987179487 0.3295842275641026 0.26784371474358976
20 0.19637402564102563 0.421878891025641 0.22371209615384616 0.3963857307692308 0.1799935544871795 0.38604309935897435 0.1708808621794872 0.3945408205128205 0.19637402564102563 0.421878891025641
10 1 0.3617343525641026 0.9348372756410257 0.3550991923076923 0.8549754551282052 0.3699422435897436 0.9296659615384616 0.37695846474358974 0.9767109102564103 0.4182730544871795 0.9991851538461538 0.4058339583333333 1 0.38249977243589744 1 0.3617343525641026
18 0.7238198269230769 0.338914358974359 0.7268946698717949 0.2508623012820513 0.6798497243589744 0.20954771153846152 0.6359774358974359 0.2036076891025641 0.5772061794871794 0.24563506410256414 0.5742850769230768 0.329284516025641 0.6038733557692308 0.36558153525641024 0.6428818108974359 0.384575625 0.6784101185897436 0.3770003621794872 0.7238198269230769 0.338914358974359
18 0.9337610801282051 0.38591741346153846 0.8589168333333334 0.3833037948717949 0.822619814102564 0.4128920737179487 0.8195449679487179 0.5009441314102564 0.8535358525641025 0.537394891025641 0.9329364455128205 0.5357596474358974 0.9604282564102564 0.5058638814102564 0.9674444775641025 0.4311733782051282 0.9337610801282051 0.38591741346153846
22 0.9950341121794872 0.5247042307692308 0.9991851538461538 0.4058339583333333 0.9809597692307691 0.42282940064102564 0.9740972916666667 0.4931173012820513 0.9950341121794872 0.5247042307692308
7 0.13817583974358974 0.19504001602564103 0.15640122115384616 0.1780445737179487 0.16111131089743588 0.16939310897435897 0.1571699326923077 0.1560315576923077 0.14851847115384617 0.15132147435897436 0.12577022115384617 0.15052708653846153 0.01203778205128205 0.14655546153846155 0.00834796794871795 0.25221792948717947 0.02155577564102564 0.25267915384615386 0.04843261858974359 0.24039380128205126 0.0575453108974359 0.23189608012820515 0.08882475641025642 0.21976446474358974 0.09793744871794872 0.2112667467948718 0.12010420192307691 0.20763285256410258 0.1337732371794872 0.19488627243589743 0.13817583974358974 0.19504001602564103
7 0.5659410961538461 0.31576922435897437 0.5657873525641026 0.32017183012820516 0.5703436987179488 0.3159229647435898 0.5662485801282051 0.3069640192307692 0.5665560641025641 0.29815881410256406 0.5711124102564102 0.2939099551282051 0.5714198942307692 0.2851047467948718 0.5671710352564102 0.28054840384615387 0.5680934871794872 0.2541327884615385 0.609100592948718 0.21589304166666665 0.6179058012820513 0.21620052884615384 0.6180595416666667 0.21179792307692308 0.6092543365384616 0.2114904391025641 0.6050054775641025 0.20693409294871792 0.5818918108974359 0.20612694871794873 0.5125508173076923 0.2037055064102564 0.5119358493589744 0.22131591666666667 0.5205873108974358 0.22602600641025644 0.5295462596153846 0.2219308846153846 0.5380439807692308 0.23104357692307692 0.533333891025641 0.23969504166666666 0.5245286891025641 0.23938755769230768 0.523606233974359 0.2658031730769231 0.5190498878205129 0.2700520320512821 0.5402941923076923 0.2928337596153846 0.5401404487179488 0.297236358974359 0.5486381698717948 0.3063490512820513 0.5574433750000001 0.30665653525641023 0.5659410961538461 0.31576922435897437
7 0.815296108974359 0.4963877852564102 0.8216973589743589 0.43930768910256407 0.8131996378205129 0.4301950032051282 0.8238497532051283 0.37767125 0.8461702499999999 0.3696347596153846 0.8332699262820512 0.3603683269230769 0.8867161282051282 0.3446028237179487 0.8918874423076923 0.3227435512820513 0.7959526378205128 0.29294560256410257 0.7621154935897436 0.25209224038461536 0.6973063910256411 0.21456528525641025 0.6929037884615384 0.21441154166666665 0.7311435352564103 0.25541864743589743 0.7330862596153846 0.32601403525641026 0.7099970480769231 0.35606354166666665 0.6603384807692309 0.38959319871794873 0.7263775224358974 0.3918993333333333 0.7391241057692307 0.4055683685897436 0.7232886506410257 0.8590364551282053 0.8682670576923076 0.8729151506410258 0.8775334903846155 0.8600148301282052 0.8796858814102564 0.798378391025641 0.8149326987179487 0.6330222115384615 0.813143717948718 0.5580242211538461 0.8230251153846154 0.5275134871794871 0.815296108974359 0.4963877852564102