0 0.2749566858974359 0.46979343269230767 0.2768960256410256 0.48307101923076917 0.24107966987179488 0.51281625 0.2558834230769231 0.5320384134615385 0.2527045448717949 0.5424125769230769 0.27041172115384615 0.5565165224358974 0.24607133974358975 0.5684168493589744 0.24289246153846156 0.5787910128205128 0.23030350320512818 0.5675904935897436 0.2296148717948718 0.5807303525641025 0.2023710641025641 0.5977488974358974 0.20680065064102565 0.6137921858974359 0.2305901314102564 0.61240375 0.23515744551282053 0.6258190641025642 0.2683570032051282 0.6460053108974358 0.30003040064102565 0.6450300544871795 0.316624592948718 0.630088576923077 0.3290758237179487 0.6439170705128205 0.33723519230769233 0.6390743044871795 0.3629640128205128 0.6509634551282051 0.42852559615384617 0.6570345833333333 0.44498206410256413 0.6447210801282051 0.4920101153846154 0.6524560961538461 0.5112322788461539 0.637652342948718 0.514686608974359 0.622022233974359 0.5282396474358974 0.6148269455128206 0.5290660064102564 0.5990591153846153 0.4848036506410256 0.5888338525641026 0.4222720448717948 0.524947326923077 0.4865717435897436 0.45453180448717945 0.5262667852564102 0.45134175 0.5268176891025641 0.44082986217948716 0.5045431987179487 0.4133105993589744 0.5042677467948717 0.41856654807692306 0.488086733974359 0.4256241057692308 0.45474944871794876 0.40806583012820513 0.47895210576923075 0.39879347435897433 0.46124492948717954 0.38468952884615387 0.46428608012820516 0.3769433397435898 0.501215423076923 0.3762435352564103 0.5233410096153847 0.3563215641025641 0.511165233974359 0.337237125 0.48267071474358975 0.3278382179487179 0.47215882371794876 0.3272873141025641 0.4503086858974359 0.34195333974358977 0.4186352916666667 0.34292859935897435 0.409925016025641 0.3582832532051282 0.3941571826923077 0.3574568974358974 0.3742463846153846 0.3854005096153846 0.3227999198717949 0.41169141025641026 0.30177614102564104 0.4105895993589744 0.3068943621794872 0.4134930256410257 0.2821407980769231 0.43327726923076926 0.2251629358974359 0.46454866025641023 0.22724000320512822 0.47519827884615384 0.26472024679487177 0.4639865833333333 0.2749566858974359 0.46979343269230767
2 0.5476925673076922 0.3944904391025641 0.5284704038461538 0.4092941923076923 0.527093141025641 0.4355739166666666 0.5522710576923077 0.4579749583333333 0.5822805641025641 0.43846616666666666 0.5835200993589743 0.41481441346153847 0.5634604038461538 0.3953167948717949 0.5476925673076922 0.3944904391025641
2 0.15405877884615385 0.4133888237179488 0.19610633653846155 0.41559244230769227 0.20011157371794872 0.3894504455128205 0.1902883141025641 0.3757596762820513 0.1771484519230769 0.3750710448717949 0.15031782371794872 0.38420567307692305 0.15405877884615385 0.4133888237179488
2 0.09830927564102564 0.3709392596153846 0.07147864743589744 0.3800738878205128 0.06788659294871795 0.39833196794871795 0.07521960576923077 0.4092570384615385 0.11726716346153847 0.41146065705128204 0.12127239743589743 0.38531866025641026 0.11144913782051283 0.37162789102564103 0.09830927564102564 0.3709392596153846
2 0.08426120512820513 0.638992451923077 0.09546172756410257 0.6264034935897437 0.09683899038461538 0.6001237692307693 0.08438775641025642 0.5862952756410257 0.06861992307692308 0.5854689166666667 0.052852086538461546 0.5846425608974359 0.03902359294871795 0.5970937916666667 0.03805950961538462 0.6154895993589744 0.06835564423076923 0.6407940641025641 0.08426120512820513 0.638992451923077
2 0.6546354294871795 0.5160434551282052 0.6658359519230769 0.5034544967948718 0.6699789102564103 0.47468452564102565 0.6575276794871795 0.46085603205128206 0.6430738333333333 0.4600985384615385 0.628619983974359 0.45934104487179483 0.6146537628205129 0.47442025 0.6134142275641026 0.49807199999999996 0.628355705128205 0.5146661923076923 0.6546354294871795 0.5160434551282052
2 0.7439864967948717 0.5207261442307692 0.7481294551282052 0.49195617307692313 0.7650102756410256 0.5218279551282051 0.7867226858974359 0.5097899038461539 0.788237673076923 0.4808822051282051 0.7757864423076922 0.4670537115384615 0.7613325929487179 0.46629621794871795 0.7468787467948719 0.4655387243589744 0.730146826923077 0.48310817307692305 0.729045016025641 0.5041319519230769 0.7439864967948717 0.5207261442307692
2 0.7148256955128206 0.6246055064102564 0.718704375 0.6511606858974359 0.7305935288461538 0.6254318653846154 0.7130240769230769 0.6086999487179487 0.6998842147435897 0.6080113173076923 0.6944905448717948 0.6103638365384615 0.7148256955128206 0.6246055064102564
3 0.6939508173076923 0.6709449294871795 0.7102695544871795 0.6612593942307692 0.7169027628205128 0.635255125 0.6996087628205128 0.6132672628205128 0.6851549166666667 0.6125097692307693 0.6707010673076923 0.6117522724358974 0.6542446025641026 0.6240657788461539 0.6502393685897436 0.6502077756410256 0.6676710897435897 0.6695676666666667 0.6939508173076923 0.6709449294871795
3 0.8290792211538461 0.6569451858974359 0.8427699871794871 0.6471219262820512 0.84414725 0.6208422019230769 0.8341862628205129 0.609779407051282 0.8197324166666667 0.6090219134615384 0.8052785705128205 0.6082644198717949 0.7942157724358975 0.6182254038461539 0.7929762371794872 0.641877157051282 0.8080554423076922 0.6558433782051282 0.8290792211538461 0.6569451858974359
3 0.8486810384615384 0.4840499070512821 0.8362298076923077 0.47022141666666667 0.8217759615384614 0.4694639198717949 0.793631342948718 0.4785296826923077 0.7897638333333333 0.5020437115384616 0.8044298589743589 0.5238938493589743 0.8307095865384616 0.525271108974359 0.8471660512820512 0.5129576057692308 0.8486810384615384 0.4840499070512821
3 0 0.6451172692307693 0.06531449358974359 0.6485402564102564 0.06572767307692308 0.6406563397435898 0.03792178525641026 0.6181175705128205 0.016898006410256412 0.6170157596153846 0 0.6216813397435897 0 0.6451172692307693