0 0.2731803685897436 0.48952219551282056 0.2762695480769231 0.5025802307692308 0.24318195192307693 0.535333875 0.2596046923076923 0.5531926602564103 0.2573420769230769 0.5638044038461538 0.2762111153846154 0.5763113974358974 0.25300053525641025 0.590287842948718 0.2507379198717949 0.6008995865384615 0.23722067948717948 0.5908388878205129 0.2376798814102564 0.603988766025641 0.21202300961538462 0.6233170032051282 0.21783400641025638 0.6389131794871795 0.24141194871794872 0.6354566378205129 0.24713110576923078 0.6484228365384616 0.28196367628205127 0.6656387339743589 0.31343154487179486 0.6619066730769231 0.32866035576923075 0.6455757724358975 0.34226943910256413 0.6582664455128205 0.3499756858974359 0.6527309743589743 0.3766428076923077 0.6623324679487179 0.4424840448717949 0.6626664230769231 0.4578046955128205 0.6489655 0.5053279423076923 0.6525723173076923 0.5231867275641026 0.6361495769230769 0.5252656602564103 0.6202778782051283 0.538140016025641 0.6119287467948719 0.5375889711538461 0.5961488942307692 0.492603858974359 0.5898202596153846 0.4247421282051282 0.5316268333333333 0.4826600288461539 0.4558751730769231 0.5219259871794872 0.449237608974359 0.5215586217948718 0.43871770512820507 0.49697043269230773 0.41324451282051283 0.49715411217948724 0.418504467948718 0.48164977884615384 0.4269454391025641 0.44690904807692305 0.41235951282051286 0.4702114711538462 0.4010130416666667 0.45134243269230767 0.38850604807692307 0.4536968878205128 0.38052427884615386 0.4904247083333333 0.37660853525641025 0.5107297916666667 0.3548340032051282 0.49693702564102565 0.3368833717948718 0.4677317692307692 0.3300036923076923 0.4572118653846154 0.33037105769230773 0.43672310256410257 0.3468856378205128 0.405255233974359 0.3506177051282051 0.39791635256410257 0.3666730801282051 0.38213649679487177 0.367224125 0.36473691025641025 0.3967967435897436 0.31577761858974357 0.4274714551282051 0.2947378108974359 0.4282061794871795 0.30008960576923077 0.4306524775641026 0.2771545480769231 0.45251884935897435 0.22311898717948717 0.4886371923076923 0.2261163237179487 0.4990652564102564 0.26247678205128205 0.4846296057692308 0.2731803685897436 0.48952219551282056
2 0.5383153173076922 0.3907352532051282 0.5204565352564102 0.4071579935897436 0.5213749423076923 0.4334577564102564 0.5484094262820514 0.4535791538461538 0.5766044326923078 0.4315290993589744 0.5757778653846154 0.4078593141025641 0.554095173076923 0.39018420833333334 0.5383153173076922 0.3907352532051282
2 0.14782652884615383 0.44386916987179487 0.18990614102564102 0.44239971794871796 0.19161771153846155 0.41600811858974357 0.18063860256410255 0.40322559935897434 0.16748872115384617 0.40368480448717947 0.14155632692307693 0.41512311538461544 0.14782652884615383 0.44386916987179487
2 0.08858944551282051 0.4064400256410256 0.06265705128205128 0.41787833974358973 0.060669961538461534 0.43638000961538465 0.06892725320512821 0.4466243942307692 0.11100686538461538 0.4451549391025641 0.1127184358974359 0.418763342948718 0.10173932692307693 0.4059808237179487 0.08858944551282051 0.4064400256410256
2 0.09795720512820513 0.6746975673076923 0.10801790705128206 0.6611803237179488 0.1070995 0.6348805641025641 0.09349041346153845 0.6221898878205128 0.0777105608974359 0.6227409326923077 0.06193070512820512 0.6232919775641026 0.04924002884615385 0.6369010608974359 0.049882916666666666 0.6553108942307693 0.08226919230769231 0.6778785865384616 0.09795720512820513 0.6746975673076923
2 0.6554452756410257 0.5025050384615385 0.6655059743589744 0.48898779807692305 0.6671257019230769 0.4599662211538461 0.6535166185897436 0.4472755448717949 0.6390517532051282 0.4477806698717949 0.6245868846153846 0.44828579487179493 0.6119880480769231 0.4645248557692308 0.6128146153846153 0.4881946346153846 0.629145516025641 0.5034234455128205 0.6554452756410257 0.5025050384615385
2 0.7448644551282051 0.4993824519230769 0.7464841794871795 0.47036087499999996 0.7659042628205128 0.49864772435897436 0.7864848653846154 0.4847631217948718 0.7854746153846154 0.4558333846153846 0.7718655352564102 0.4431427115384615 0.7574006634615384 0.44364783653846157 0.7429357980769231 0.44415295833333335 0.7277988301282051 0.4631138333333333 0.7285335544871795 0.484153641025641 0.7448644551282051 0.4993824519230769
2 0.7248683044871794 0.6054080512820513 0.7310466602564103 0.6315241314102564 0.7406481602564102 0.6048570064102564 0.721687282051282 0.5897200416666666 0.7085374038461538 0.5901792435897436 0.7033692916666667 0.5929929006410257 0.7248683044871794 0.6054080512820513
3 0.708111608974359 0.6533905064102564 0.7235240961538462 0.6423195544871795 0.7278656442307692 0.6158361153846155 0.7087210833333334 0.5954391955128205 0.694256217948718 0.5959443205128205 0.6797913493589743 0.5964494455128205 0.664470701923077 0.6101503685897436 0.6627591314102563 0.6365419647435897 0.6818118461538462 0.6543089134615385 0.708111608974359 0.6533905064102564
3 0.8415056506410256 0.6276668205128205 0.8542881666666667 0.6166877115384616 0.8533697564102565 0.5903879519230769 0.8424824903846153 0.5802354102564102 0.828017625 0.5807405352564102 0.8135527564102565 0.5812456602564102 0.8034002147435897 0.5921329262820513 0.8042267820512821 0.6158027115384616 0.8204658429487179 0.6284015448717949 0.8415056506410256 0.6276668205128205
3 0.8459640608974359 0.4537210480769231 0.8323549775641025 0.44103037179487176 0.8178901121794871 0.4415354967948718 0.7906427275641026 0.4530197275641025 0.7888393173076923 0.4767813525641026 0.8053538974358975 0.4972701153846154 0.8316536602564102 0.4963517051282051 0.8469743076923077 0.48265078205128203 0.8459640608974359 0.4537210480769231
3 0.07963921794871795 0.6779704262820513 0.04997475641025641 0.6579408685897435 0.028934948717948716 0.658675592948718 0.005540689102564103 0.6673920897435898 0.006275413461538462 0.6884318942307692 0.0799147403846154 0.6858603525641025 0.07963921794871795 0.6779704262820513