6 0.2538135673076923 0.5419946891025641 0.298186266025641 0.5396692147435898 0.29652521153846156 0.5079744294871795 0.2521525128205128 0.5102999038461539 0.2538135673076923 0.5419946891025641
3 0.21926077884615383 0.6430626442307693 0.2646087019230769 0.6406860608974358 0.26243655769230767 0.5992390352564103 0.2170886314102564 0.6016156217948717 0.21926077884615383 0.6430626442307693
3 0.23656478846153847 0.6700260064102564 0.2760613653846154 0.6679560801282052 0.27399143910256407 0.6284595 0.23449485897435898 0.6305294294871795 0.23656478846153847 0.6700260064102564
3 0.5813241794871795 0.40039247115384613 0.6027791089743589 0.3992680641025641 0.6015269326923077 0.37537507051282054 0.580072 0.37649947756410257 0.5813241794871795 0.40039247115384613
3 0.6236048397435897 0.4001324391025641 0.6416464871794871 0.39918691666666667 0.6403432019230769 0.3743186987179487 0.6223015512820513 0.37526422115384617 0.6236048397435897 0.4001324391025641
7 0.6998415416666667 0.3853801121794872 0.7281230416666666 0.3838979423076923 0.7268708621794872 0.3600049519230769 0.6985893621794872 0.3614871217948718 0.6998415416666667 0.3853801121794872
7 0.6980295705128204 0.3974543814102564 0.7277739070512821 0.3958955480769231 0.7269306025641026 0.3798043493589744 0.697186266025641 0.38136318269230773 0.6980295705128204 0.3974543814102564
7 0.6927010576923076 0.41240217948717944 0.7195197211538461 0.4109966730769231 0.7187530833333333 0.3963683076923077 0.6919344198717949 0.39777381410256407 0.6927010576923076 0.41240217948717944
2 0.13997029807692307 0.5995453301282051 0.18580583333333334 0.597143189102564 0.18378701282051282 0.5586218333333333 0.13795148076923075 0.5610239711538462 0.13997029807692307 0.5995453301282051
4 0.33351984294871795 0.5048132435897436 0.36667746474358975 0.5030755288461538 0.3651186314102564 0.47333118910256405 0.3319610096153846 0.475068907051282 0.33351984294871795 0.5048132435897436
4 0.36030225000000005 0.4933861346153846 0.3919970352564103 0.49172508333333337 0.3904381987179487 0.46198074358974356 0.35874341346153843 0.4636417980769231 0.36030225000000005 0.4933861346153846
4 0.42454445512820516 0.4643493974358975 0.46014013461538467 0.4624839070512821 0.45855574679487177 0.43225196153846157 0.42296006730769226 0.43411745192307694 0.42454445512820516 0.4643493974358975
4 0.49866771153846157 0.43259453525641023 0.5269492083333334 0.4311123653846154 0.5256714775641026 0.4067317628205128 0.4973899775641026 0.4082139326923077 0.49866771153846157 0.43259453525641023
4 0.5316996314102564 0.4191285737179487 0.5580306826923077 0.41774862179487177 0.5565740673076923 0.3899547371794872 0.5302430160256411 0.3913346891025641 0.5316996314102564 0.4191285737179487
2 0.607155875 0.3941491730769231 0.6242223012820514 0.39325475961538464 0.6230978974358974 0.37179982692307695 0.6060314711538461 0.3726942403846154 0.607155875 0.3941491730769231
5 0.6977291346153845 0.363732483974359 0.7279610833333334 0.36214809294871797 0.7271944423076924 0.347519733974359 0.6969624935897436 0.34910412179487177 0.6977291346153845 0.363732483974359
5 0.7058044358974359 0.34521807692307693 0.7238460801282052 0.34427255448717947 0.7228750032051282 0.3257432948717949 0.704833358974359 0.32668881730769234 0.7058044358974359 0.34521807692307693
5 0.7060268333333334 0.3261373173076923 0.7279693782051282 0.324987358974359 0.7273305096153846 0.3127970576923077 0.7053879679487179 0.31394701923076923 0.7060268333333334 0.3261373173076923
0 0.6885790993589743 0.5942836698717949 0.8096224166666667 0.5534005352564103 0.8005510801282052 0.430055375 0.7362445032051281 0.3969311891025641 0.622962983974359 0.4205392115384616 0.6131943557692308 0.5363238878205129 0.6885790993589743 0.5942836698717949