6 0.251953125 0.5290527339743589 0.29638671794871796 0.5290527339743589 0.29638671794871796 0.4973144519230769 0.251953125 0.4973144519230769 0.251953125 0.5290527339743589
3 0.21215820192307694 0.6281738269230769 0.257568358974359 0.6281738269230769 0.257568358974359 0.5866699230769231 0.21215820192307694 0.5866699230769231 0.21215820192307694 0.6281738269230769
3 0.22802734294871796 0.6560058589743589 0.267578125 0.6560058589743589 0.267578125 0.6164550769230769 0.22802734294871796 0.6164550769230769 0.22802734294871796 0.6560058589743589
3 0.586425782051282 0.40478515705128204 0.607910157051282 0.40478515705128204 0.607910157051282 0.380859375 0.586425782051282 0.380859375 0.586425782051282 0.40478515705128204
3 0.6286621089743589 0.40673828205128204 0.6467285160256411 0.40673828205128204 0.6467285160256411 0.3818359358974359 0.6286621089743589 0.3818359358974359 0.6286621089743589 0.40673828205128204
7 0.705566407051282 0.39599609294871796 0.733886717948718 0.39599609294871796 0.733886717948718 0.3720703141025641 0.705566407051282 0.3720703141025641 0.705566407051282 0.39599609294871796
7 0.703125 0.407958983974359 0.732910157051282 0.407958983974359 0.732910157051282 0.39184570192307694 0.703125 0.39184570192307694 0.703125 0.407958983974359
7 0.6970214839743589 0.4226074230769231 0.7238769519230769 0.4226074230769231 0.7238769519230769 0.407958983974359 0.6970214839743589 0.407958983974359 0.6970214839743589 0.4226074230769231
2 0.13525390705128204 0.580566407051282 0.18115234294871796 0.580566407051282 0.18115234294871796 0.5419921858974359 0.13525390705128204 0.5419921858974359 0.13525390705128204 0.580566407051282
4 0.33349609294871796 0.49609375 0.36669921794871796 0.49609375 0.36669921794871796 0.46630859294871796 0.33349609294871796 0.46630859294871796 0.33349609294871796 0.49609375
4 0.36083984294871796 0.4860839839743589 0.392578125 0.4860839839743589 0.392578125 0.4562988269230769 0.36083984294871796 0.4562988269230769 0.36083984294871796 0.4860839839743589
4 0.4265136730769231 0.46044921794871796 0.4621582019230769 0.46044921794871796 0.4621582019230769 0.43017578205128204 0.4265136730769231 0.43017578205128204 0.4265136730769231 0.46044921794871796
4 0.5021972660256411 0.4326171858974359 0.5305175769230769 0.4326171858974359 0.5305175769230769 0.408203125 0.5021972660256411 0.408203125 0.5021972660256411 0.4326171858974359
4 0.5358886730769231 0.4208984358974359 0.5622558589743589 0.4208984358974359 0.5622558589743589 0.39306640705128204 0.5358886730769231 0.39306640705128204 0.5358886730769231 0.4208984358974359
2 0.6125488269230769 0.39990234294871796 0.6296386730769231 0.39990234294871796 0.6296386730769231 0.37841796794871796 0.6125488269230769 0.37841796794871796 0.6125488269230769 0.39990234294871796
5 0.704589842948718 0.37426757692307694 0.734863282051282 0.37426757692307694 0.734863282051282 0.359619141025641 0.704589842948718 0.359619141025641 0.704589842948718 0.37426757692307694
5 0.7136230480769231 0.35620117307692306 0.7316894519230769 0.35620117307692306 0.7316894519230769 0.337646483974359 0.7136230480769231 0.337646483974359 0.7136230480769231 0.35620117307692306
5 0.71484375 0.33715820192307694 0.736816407051282 0.33715820192307694 0.736816407051282 0.32495117307692306 0.71484375 0.32495117307692306 0.71484375 0.33715820192307694
0 0.626953125 0.42708349679487184 0.6111381826923077 0.5421982435897436 0.6833862307692308 0.6040239262820513 0.8064033205128205 0.5695317371794872 0.8037998044871795 0.4458808589743589 0.7413149423076923 0.40943652243589745 0.626953125 0.42708349679487184