2 0.30949809294871794 0.8369271955128205 0.36069736217948717 0.8396104358974359 0.3635339294871795 0.7854854935897436 0.31233466025641027 0.7828022532051282 0.30949809294871794 0.8369271955128205
4 0.38806850961538464 0.4992679070512821 0.40952344230769233 0.5003923108974359 0.4107756185897436 0.47649932371794873 0.3893206891025641 0.47537491666666665 0.38806850961538464 0.4992679070512821
4 0.36517837179487184 0.5068694102564103 0.39394748397435897 0.5083771378205127 0.3949441153846154 0.4893602660256411 0.3661750032051282 0.48785254166666664 0.36517837179487184 0.5068694102564103
4 0.33967232371794875 0.522401516025641 0.3772184551282051 0.5243692243589744 0.37852174358974355 0.4995010096153846 0.3409756121794872 0.49753330128205125 0.33967232371794875 0.522401516025641
2 0.7034088269230769 0.4999032756410256 0.7351036121794872 0.5015643301282051 0.7367646666666666 0.4698695448717949 0.7050698814102565 0.46820849038461543 0.7034088269230769 0.4999032756410256
4 0.8529075160256411 0.5395200064102564 0.884114689102564 0.5411555032051282 0.8858779615384617 0.5075102692307691 0.8546707884615384 0.5058747724358975 0.8529075160256411 0.5395200064102564
2 0.6263567884615384 0.4540598108974359 0.6580515705128206 0.4557208621794872 0.6594059679487179 0.4298774230769231 0.6277111858974359 0.4282163685897436 0.6263567884615384 0.4540598108974359
6 0.740993625 0.4451546538461538 0.765861842948718 0.44645794230769237 0.767088467948718 0.4230525608974359 0.74222025 0.4217492756410256 0.740993625 0.4451546538461538
3 0.18853777243589745 0.39737704487179487 0.2158440480769231 0.39880810576923076 0.2174539935897436 0.3680885448717949 0.19014771474358974 0.366657483974359 0.18853777243589745 0.39737704487179487
3 0.6379258205128205 0.3732557179487179 0.6545046314102564 0.37412457692307693 0.6559612467948718 0.3463306891025641 0.6393824391025641 0.34546183012820514 0.6379258205128205 0.3732557179487179
6 0.7880212628205129 0.49944811217948715 0.8265426185897436 0.5014669294871795 0.8286636538461539 0.46099512820512817 0.7901423012820512 0.45897631089743585 0.7880212628205129 0.49944811217948715
6 0.8263934358974359 0.5229729711538461 0.8668652403846153 0.5250940096153845 0.8688073942307692 0.4880354903846154 0.8283355897435897 0.4859144519230769 0.8263934358974359 0.5229729711538461
3 0 0.6974913493589744 0.007523230769230769 0.6978856250000001 0.009746487179487178 0.6554633717948718 0 0.6549525801282051 0 0.6974913493589744
0 0 0.700063233974359 0.17616110576923077 0.7092954455128205 0.18416584935897434 0.5565558365384615 0 0.5469041153846154 0 0.700063233974359
0 0.24428088461538464 0.28229979166666663 0.27190609935897436 0.30036310897435897 0.2688855641025641 0.3693806666666667 0.3540965480769231 0.37086476282051284 0.36849114423076923 0.3465726185897436 0.3441304455128205 0.32203847115384615 0.33770471153846154 0.28532470833333334 0.24428088461538464 0.28229979166666663
0 0.47524473397435896 0.3694610576923077 0.48566529807692305 0.35271345833333334 0.4732966025641026 0.33834917948717946 0.466930483974359 0.2891155192307692 0.39743952564102564 0.26258583974358973 0.40177096474358975 0.3602437307692308 0.47524473397435896 0.3694610576923077