3 0.72768775 0.5913899615384616 0.7550273365384615 0.5918671762820512 0.7556494198717949 0.556228076923077 0.7283098333333333 0.5557508621794872 0.72768775 0.5913899615384616
3 0.8043719775641025 0.4647793173076923 0.8326879807692308 0.46527357371794875 0.8332844967948717 0.43109908974358974 0.8049684967948718 0.43060483333333327 0.8043719775641025 0.4647793173076923
3 0.8858010769230769 0.6258929551282052 0.9233930064102563 0.626549125 0.9240236121794871 0.5904218173076923 0.8864316794871795 0.5897656474358974 0.8858010769230769 0.6258929551282052
6 0.6914319358974359 0.5421657275641026 0.7212125544871795 0.5426855512820513 0.7218090705128205 0.5085110705128205 0.6920284519230769 0.50799125 0.6914319358974359 0.5421657275641026
6 0.6628334839743589 0.543864141025641 0.6955433461538462 0.5444350961538462 0.6960035192307692 0.5180719198717949 0.6632936538461538 0.517500967948718 0.6628334839743589 0.543864141025641
6 0.6129511666666667 0.5478769967948718 0.6378497179487179 0.5483116025641025 0.6382672788461539 0.5243894679487179 0.6133687275641025 0.5239548621794872 0.6129511666666667 0.5478769967948718
3 0.45158217628205133 0.4061231185897436 0.4696458301282051 0.40643841987179485 0.47003782692307694 0.38398090064102564 0.45197417307692306 0.3836655993589743 0.45158217628205133 0.4061231185897436
7 0.5322781538461538 0.4133919391025641 0.5527828429487179 0.4137498493589744 0.5530640608974359 0.39763902243589744 0.5325593685897436 0.3972811121794872 0.5322781538461538 0.4133919391025641
7 0.5335357852564103 0.39729815384615386 0.5520876442307692 0.39762197756410256 0.5523092083333333 0.38492859615384617 0.5337573493589743 0.38460477243589747 0.5335357852564103 0.39729815384615386
7 0.5337360448717948 0.3858252916666667 0.5493586634615385 0.3860979871794872 0.5496057916666667 0.3719399871794872 0.533983173076923 0.3716672916666667 0.5337360448717948 0.3858252916666667
5 0.532788217948718 0.3701813685897436 0.5523164935897436 0.3705222371794872 0.5525295352564102 0.3583170641025641 0.5330012596153846 0.3579761955128205 0.532788217948718 0.3701813685897436
5 0.5359645897435897 0.3560744967948718 0.5506107948717949 0.3563301474358974 0.550857923076923 0.34217214743589747 0.5362117179487179 0.3419164967948718 0.5359645897435897 0.3560744967948718
5 0.5359633525641025 0.3421563397435898 0.550609560897436 0.3424119903846154 0.5507885160256409 0.33215964743589743 0.5361423108974359 0.33190399679487176 0.5359633525641025 0.3421563397435898
4 0.1932526891025641 0.503436108974359 0.2230333076923077 0.5039559326923077 0.223502 0.47710455128205126 0.1937213814102564 0.4765847275641026 0.1932526891025641 0.503436108974359
4 0.21986725 0.4894941762820513 0.24671862820512822 0.4899628685897436 0.24713618910256413 0.46604073076923075 0.22028481410256412 0.46557203846153844 0.21986725 0.4894941762820513
4 0.2454244391025641 0.4801731666666667 0.27666967948717947 0.48071855128205127 0.27705315384615387 0.45874924358974356 0.24580791346153846 0.45820385576923073 0.2454244391025641 0.4801731666666667
4 0.2800986762820513 0.46612773717948713 0.30792647115384614 0.46661347115384616 0.30838664102564106 0.4402503012820513 0.2805588461538462 0.43976456410256415 0.2800986762820513 0.46612773717948713
4 0.30468371474358974 0.4565455769230769 0.32421199038461535 0.45688644551282054 0.3246039871794872 0.4344289294871794 0.3050757115384615 0.43408806410256406 0.30468371474358974 0.4565455769230769
4 0.32415536217948715 0.44614163461538464 0.3519831538461538 0.4466273717948718 0.352358108974359 0.4251462692307692 0.32453031730769233 0.42466053205128207 0.32415536217948715 0.44614163461538464
4 0.5581313878205127 0.5549779839743589 0.5893766282051282 0.5555233717948719 0.5898794070512821 0.5267191666666666 0.5586341666666667 0.5261737788461539 0.5581313878205127 0.5549779839743589
4 0.5874493653846153 0.5540246634615384 0.6133243301282051 0.5544763141025641 0.6138441538461539 0.5246956923076923 0.587969189102564 0.5242440448717949 0.5874493653846153 0.5540246634615384
4 0.640401532051282 0.5420075256410256 0.6643236730769231 0.5424250865384616 0.6646815833333333 0.5219203974358975 0.6407594455128205 0.5215028333333334 0.640401532051282 0.5420075256410256
2 0.9127066121794871 0.6092701474358975 0.9429754358974358 0.6097984935897436 0.9434441314102565 0.5829471153846154 0.9131753044871794 0.5824187692307692 0.9127066121794871 0.6092701474358975
2 0.14615337820512822 0.4039661474358974 0.16568165384615385 0.404307016025641 0.16590321794871793 0.3916136346153846 0.1463749423076923 0.39127276923076926 0.14615337820512822 0.4039661474358974
0 0.5654283012820513 0.48487102243589747 0.5450719519230769 0.4652989070512821 0.4048220737179487 0.5168903141025641 0.4228142435897436 0.6651912660256409 0.56359325 0.6464602852564102 0.5721727852564102 0.6066977147435897 0.5531905833333334 0.5930621057692308 0.5575102083333333 0.571456467948718 0.5654283012820513 0.48487102243589747
0 0.8769122435897435 0.5681621378205127 0.9372448141025641 0.5805485160256411 0.9671081987179486 0.5919103012820514 0.9690650096153846 0.5362641025641026 0.9873857660256411 0.5030768333333333 0.9891993846153846 0.48389169871794874 0.9763898141025641 0.48366810576923075 0.9885981282051282 0.4336206185897436 0.8767065673076923 0.4238289455128205 0.8351303942307692 0.5620125737179488 0.8586233878205127 0.5712921602564103 0.8769122435897435 0.5681621378205127
3 0.24205124679487178 0.3879371602564103 0.23896771153846152 0.3781201314102564 0.186802625 0.38306741346153844 0.1751908044871795 0.37700690064102566 0.16990544871794871 0.38614896153846157 0.16950753205128205 0.404245358974359 0.24205124679487178 0.3879371602564103