3 0.7307385128205128 0.5833881025641026 0.7580780993589743 0.5829108878205128 0.757456016025641 0.5472717852564103 0.7301164294871795 0.5477489999999999 0.7307385128205128 0.5833881025641026
3 0.8029573782051282 0.45417834294871795 0.8312733814102565 0.4536840865384615 0.8306768621794871 0.4195096025641026 0.8023608621794872 0.42000385897435893 0.8029573782051282 0.45417834294871795
3 0.8899596570512821 0.6123520032051282 0.9275515897435898 0.6116958333333333 0.926920983974359 0.5755685256410257 0.8893290544871795 0.5762246955128205 0.8899596570512821 0.6123520032051282
6 0.6927868846153846 0.5354591634615384 0.7225675 0.5349393429487179 0.7219709839743589 0.5007648621794872 0.6921903653846153 0.5012846858974359 0.6927868846153846 0.5354591634615384
6 0.664265125 0.5381546153846154 0.6969749903846154 0.5375836602564102 0.6965148173076923 0.5112204871794871 0.6638049551282051 0.5117914423076924 0.664265125 0.5381546153846154
6 0.6145532435897436 0.5439058942307692 0.6394517916666667 0.5434712884615385 0.6390342307692308 0.5195491538461539 0.6141356794871795 0.5199837596153847 0.6145532435897436 0.5439058942307692
3 0.44833541666666665 0.4078700641025641 0.46639906730769237 0.4075547596153846 0.4660070705128205 0.38509724358974357 0.44794341666666665 0.3854125448717949 0.44833541666666665 0.4078700641025641
7 0.5292359134615384 0.41231820512820516 0.5497406025641026 0.41196029487179486 0.5494593878205128 0.39584946794871795 0.5289546955128205 0.3962073782051282 0.5292359134615384 0.41231820512820516
7 0.5299311121794872 0.39619033653846153 0.5484829711538461 0.39586651282051283 0.548261407051282 0.3831731314102564 0.529709548076923 0.38349695512820514 0.5299311121794872 0.39619033653846153
7 0.5297308525641026 0.38471747435897435 0.5453534743589744 0.38444477884615386 0.545106342948718 0.37028677884615385 0.5294837243589744 0.37055947435897435 0.5297308525641026 0.38471747435897435
5 0.5282376410256411 0.3691161570512821 0.5477659134615385 0.36877529166666667 0.5475528717948718 0.3565701185897436 0.5280245961538461 0.356910983974359 0.5282376410256411 0.3691161570512821
5 0.5309197532051282 0.3549070288461538 0.5455659583333333 0.3546513782051282 0.5453188301282051 0.3404933782051282 0.530672625 0.3407490256410256 0.5309197532051282 0.3549070288461538
5 0.530432782051282 0.34099739102564103 0.5450789903846154 0.3407417403846154 0.5449000352564103 0.33048939743589745 0.5302538269230769 0.33074504807692306 0.530432782051282 0.34099739102564103
4 0.19355946794871795 0.5141393429487179 0.22334008974358974 0.5136195192307692 0.22287139743589743 0.4867681378205128 0.19309077564102564 0.4872879615384615 0.19355946794871795 0.5141393429487179
4 0.2196712532051282 0.4992770673076923 0.24652262820512819 0.49880837499999997 0.2461050673076923 0.47488623717948714 0.2192536891025641 0.47535492948717945 0.2196712532051282 0.4992770673076923
4 0.2448875737179487 0.48906980128205124 0.2761328141025641 0.4885244134615384 0.27574933653846156 0.46655510256410254 0.24450409615384616 0.4671004903846154 0.2448875737179487 0.48906980128205124
4 0.27905050961538463 0.4738228141025641 0.3068783012820513 0.4733370801282052 0.3064181314102564 0.44697391025641026 0.27859033974358977 0.44745964423076917 0.27905050961538463 0.4738228141025641
4 0.30328615705128203 0.46338849038461544 0.3228144326923077 0.46304762179487174 0.3224224358974359 0.44059010897435896 0.30289416025641025 0.4409309743589743 0.30328615705128203 0.46338849038461544
4 0.32238285256410254 0.45231133333333334 0.35021064423076925 0.45182559615384615 0.3498356923076923 0.4303444935897436 0.3220078974358974 0.4308302307692307 0.32238285256410254 0.45231133333333334
4 0.5600146794871795 0.5529157371794872 0.5912599198717948 0.5523703493589743 0.590757141025641 0.5235661442307692 0.5595119006410256 0.5241115288461539 0.5600146794871795 0.5529157371794872
4 0.5892815288461539 0.5509398141025641 0.6151564935897436 0.5504881666666667 0.6146366698717949 0.5207075448717949 0.5887617051282051 0.5211591955128204 0.5892815288461539 0.5509398141025641
4 0.6417820448717949 0.5370819903846153 0.6657041826923077 0.5366644294871795 0.6653462724358975 0.5161597403846154 0.6414241346153846 0.5165773012820514 0.6417820448717949 0.5370819903846153
2 0.9162686762820513 0.5948003301282052 0.9465375 0.5942719871794871 0.9460688076923077 0.567420608974359 0.915799983974359 0.5679489519230769 0.9162686762820513 0.5948003301282052
2 0.14301740064102564 0.41637371794871797 0.16254567628205127 0.4160328525641025 0.16232411217948717 0.40333947115384616 0.14279583653846153 0.40368033974358974 0.14301740064102564 0.41637371794871797
0 0.5648604487179487 0.4825968237179487 0.5438334455128205 0.46374705769230773 0.405469516025641 0.5202016891025641 0.4286263557692308 0.6677843782051281 0.5686659006410257 0.6441516955128205 0.575852516025641 0.604113923076923 0.5564060032051282 0.5911490897435897 0.559968967948718 0.5694058621794872 0.5648604487179487 0.4825968237179487
0 0.8790614647435897 0.5549665673076923 0.9397895576923077 0.5652398237179488 0.9700312724358975 0.5755524711538461 0.9700448653846154 0.5198718782051283 0.9871962435897436 0.48606544230769233 0.9883392083333333 0.46682869871794874 0.9755296378205128 0.4670522916666667 0.9859838814102565 0.41660922756410257 0.8738187564102565 0.4107284775641026 0.8370904519230769 0.5502789166666667 0.860892983974359 0.5587329551282051 0.8790614647435897 0.5549665673076923
3 0.23829744551282053 0.3970077083333333 0.2348731794871795 0.38730427243589743 0.18291252564102564 0.3940690737179487 0.17109627243589742 0.3884175032051282 0.16613318910256408 0.39773845192307694 0.16636707051282051 0.41583771153846155 0.23829744551282053 0.3970077083333333