2 0.672157157051282 0.8163282916666666 0.7350591121794873 0.819624842948718 0.7384578814102564 0.7547724358974359 0.6755559262820513 0.7514758846153846 0.672157157051282 0.8163282916666666
4 0.5840322724358975 0.48729064743589745 0.6103633237179488 0.48867059935897433 0.6118454967948718 0.4603890993589744 0.5855144423076923 0.4590091474358975 0.5840322724358975 0.48729064743589745
4 0.6013179807692308 0.4933305416666667 0.6339879935897436 0.49504270512820514 0.6353168365384615 0.46968687820512817 0.6026468237179488 0.4679747147435898 0.6013179807692308 0.4933305416666667
4 0.6189517916666666 0.5067229519230769 0.6613740416666667 0.5089462083333333 0.6631117596153846 0.47578858653846157 0.6206895096153846 0.4735653301282052 0.6189517916666666 0.5067229519230769
2 0.25961761217948714 0.533852467948718 0.29813896474358975 0.5358712884615385 0.3001577852564103 0.4973499358974359 0.2616364326923077 0.4953311153846154 0.25961761217948714 0.533852467948718
4 0.11713440384615385 0.5936160512820513 0.1556557596153846 0.5956348717948717 0.15775124358974357 0.5556506794871795 0.11922988461538463 0.553631858974359 0.11713440384615385 0.5936160512820513
2 0.33101375 0.4776976442307692 0.36807226923076924 0.4796397980769231 0.3697844294871795 0.44696979166666667 0.33272591346153846 0.44502763461538464 0.33101375 0.4776976442307692
3 0.22361339423076926 0.48380386217948723 0.2533577275641026 0.4853626955128206 0.25486545512820513 0.45659358653846155 0.22512111858974362 0.45503475 0.22361339423076926 0.48380386217948723
3 0.7596447756410257 0.35983221153846157 0.7937776217948718 0.3616210384615385 0.7956686666666667 0.32553774038461536 0.7615358205128205 0.32374891666666666 0.7596447756410257 0.35983221153846157
3 0.3230527435897436 0.39635897756410254 0.34548290064102566 0.3975344935897436 0.34709284615384617 0.3668149326923077 0.3246626891025641 0.36563941666666666 0.3230527435897436 0.39635897756410254
6 0.16705212820512821 0.5461146185897436 0.21435050000000003 0.5485934198717949 0.21688041346153847 0.5003198205128205 0.16958204166666666 0.4978410192307693 0.16705212820512821 0.5461146185897436
6 0.13128378205128205 0.5755329647435897 0.17955738141025643 0.578062875 0.18195951923076922 0.5322273397435898 0.1336859230769231 0.5296974262820513 0.13128378205128205 0.5755329647435897
0 1 0.47400986858974353 0.9914936346153846 0.46151966346153844 0.855378375 0.45869284935897436 0.8372208108974359 0.5195202532051282 0.845720375 0.6429785192307692 0.9837507179487179 0.6615658333333333 1 0.4913067435897436 1 0.47400986858974353
0 0.7037316378205128 0.30392991346153847 0.7023467596153846 0.27057931089743587 0.726616782051282 0.26323787820512823 0.7195642692307692 0.2483825993589744 0.6264984967948718 0.2693697788461538 0.6245541794871795 0.3428462564102564 0.6351809711538462 0.34927597756410256 0.7209421153846154 0.3416337788461538 0.7158179551282051 0.31239339743589745 0.7037316378205128 0.30392991346153847
0 0.5846186378205128 0.3278337628205128 0.5626048365384616 0.3145433173076923 0.5744316762820513 0.2681822467948718 0.5643146282051281 0.24455299679487177 0.5032435384615385 0.2816776794871795 0.48090677884615385 0.2969504935897436 0.5069059230769231 0.30144478205128206 0.5170007147435898 0.31802561217948716 0.4972854230769231 0.3471958782051282 0.5020479326923077 0.3567844423076923 0.58483 0.35368396153846154 0.5846186378205128 0.3278337628205128