6 0.556152342948718 0.5231933589743589 0.5986328141025641 0.5231933589743589 0.5986328141025641 0.4860839839743589 0.556152342948718 0.4860839839743589 0.556152342948718 0.5231933589743589
6 0.541015625 0.5 0.576171875 0.5 0.576171875 0.4658203141025641 0.541015625 0.4658203141025641 0.541015625 0.5
3 0.8161621089743589 0.7966308589743589 0.861083983974359 0.7966308589743589 0.861083983974359 0.7507324230769231 0.8161621089743589 0.7507324230769231 0.8161621089743589 0.7966308589743589
3 0.435546875 0.4609375 0.45947265705128204 0.4609375 0.45947265705128204 0.43408203205128204 0.435546875 0.43408203205128204 0.435546875 0.4609375
2 0.27075195192307694 0.458984375 0.304931641025641 0.458984375 0.304931641025641 0.42578125 0.27075195192307694 0.42578125 0.27075195192307694 0.458984375
2 0.1015625 0.5244140641025641 0.14306640705128204 0.5244140641025641 0.14306640705128204 0.4794921858974359 0.1015625 0.4794921858974359 0.1015625 0.5244140641025641
2 0.6455078141025641 0.717285157051282 0.6943359358974359 0.717285157051282 0.6943359358974359 0.671386717948718 0.6455078141025641 0.671386717948718 0.6455078141025641 0.717285157051282
2 0.701660157051282 0.8215332019230769 0.739746092948718 0.8215332019230769 0.739746092948718 0.7785644519230769 0.701660157051282 0.7785644519230769 0.701660157051282 0.8215332019230769
4 0.22680664102564102 0.6262207019230769 0.28979492307692306 0.6262207019230769 0.28979492307692306 0.5720214839743589 0.22680664102564102 0.5720214839743589 0.22680664102564102 0.6262207019230769
4 0.201171875 0.6103515641025641 0.2509765641025641 0.6103515641025641 0.2509765641025641 0.557128907051282 0.201171875 0.557128907051282 0.201171875 0.6103515641025641
4 0.17358398397435898 0.5939941410256411 0.22094726602564102 0.5939941410256411 0.22094726602564102 0.5471191410256411 0.17358398397435898 0.5471191410256411 0.17358398397435898 0.5939941410256411
0 0.5225874038461539 0.4276259775641026 0.4658203141025641 0.43782568269230765 0.4776762692307693 0.4718798814102564 0.5037114262820512 0.4888002916666667 0.554480467948718 0.4777368173076923 0.5225874038461539 0.4276259775641026