6 0.5573698557692308 0.5128982564102564 0.5983604967948718 0.5114668301282052 0.597167641025641 0.4773079647435897 0.5561770032051282 0.47873939102564106 0.5573698557692308 0.5128982564102564
6 0.5398016634615385 0.4925028589743589 0.5729845576923077 0.4913440865384615 0.5718598685897436 0.459137157051282 0.5386769743589743 0.46029592948717946 0.5398016634615385 0.4925028589743589
3 0.8488728237179487 0.752626842948718 0.8913274134615384 0.7511442948717949 0.8898278269230769 0.7082017211538462 0.8473732371794872 0.7096842692307692 0.8488728237179487 0.752626842948718
3 0.4307078461538461 0.46748634615384616 0.45315509935897436 0.4667024711538462 0.45225193589743595 0.44083932692307687 0.4298046826923077 0.44162320512820513 0.4307078461538461 0.46748634615384616
2 0.26691027243589743 0.48493217628205126 0.29911720192307695 0.48380748397435897 0.2980095512820513 0.45208853846153846 0.265802625 0.45321322756410254 0.26691027243589743 0.48493217628205126
2 0.10670132692307692 0.5701651538461538 0.1452520512820513 0.5688189326923077 0.14375246153846155 0.5258763557692308 0.1052017403846154 0.527222576923077 0.10670132692307692 0.5701651538461538
2 0.6697378365384615 0.6946342532051282 0.7160962948717948 0.6930153782051283 0.7145967083333333 0.6500728044871794 0.6682382467948718 0.6516916794871794 0.6697378365384615 0.6946342532051282
2 0.7386039807692308 0.791899483974359 0.7742267980769231 0.7906555096153846 0.772795375 0.7496648685897436 0.7371725544871796 0.7509088461538461 0.7386039807692308 0.791899483974359
4 0.2427698141025641 0.6540906025641026 0.3032798044871795 0.651977548076923 0.3015246057692308 0.601715217948718 0.2410146153846154 0.6038282724358974 0.2427698141025641 0.6540906025641026
4 0.21574015705128205 0.6425757371794872 0.26258660256410254 0.6409398237179488 0.26081436217948717 0.5901895096153846 0.21396791666666667 0.5918254230769231 0.21574015705128205 0.6425757371794872
4 0.18646345192307692 0.6296736057692308 0.23135796153846153 0.6281058525641026 0.22982429166666668 0.5841873141025642 0.18492978205128205 0.5857550641025642 0.18646345192307692 0.6296736057692308
0 0.5429718365384616 0.4744901378205128 0.555160983974359 0.4575773878205129 0.5127504871794871 0.4236100416666667 0.4645817884615385 0.43724570192307693 0.45908480128205126 0.4597857467948718 0.5062172307692308 0.48442978525641023 0.5429718365384616 0.4744901378205128