2 0.34576016666666665 0.8549943461538462 0.3969594326923077 0.8523111057692307 0.3941228653846154 0.7981861602564103 0.34292359615384616 0.8008694006410256 0.34576016666666665 0.8549943461538462
4 0.38860515705128207 0.5109719455128205 0.41006008974358976 0.5098475384615384 0.4088079102564103 0.48595454807692307 0.3873529775641026 0.48707895512820515 0.38860515705128207 0.5109719455128205
4 0.3666349871794872 0.5209244775641025 0.39540409935897436 0.5194167532051283 0.39440746794871795 0.5003998814102564 0.36563835576923076 0.5019076089743589 0.3666349871794872 0.5209244775641025
4 0.34289221153846156 0.5390376025641026 0.380438342948718 0.5370698942307692 0.3791350544871795 0.5122016794871795 0.34158892307692307 0.5141693878205128 0.34289221153846156 0.5390376025641026
2 0.7022844230769231 0.47864179487179487 0.7339792083333333 0.4769807403846154 0.7323181538461538 0.4452859551282051 0.7006233685897436 0.4469470096153846 0.7022844230769231 0.47864179487179487
4 0.8551052179487179 0.5024146314102564 0.8863123910256411 0.5007791314102564 0.8845491185897436 0.46713389743589745 0.8533419455128205 0.46876939743589746 0.8551052179487179 0.5024146314102564
2 0.6208625352564103 0.441103592948718 0.6525573173076923 0.4394425416666667 0.6512029230769231 0.4135990993589744 0.6195081378205128 0.4152601538461539 0.6208625352564103 0.441103592948718
6 0.7339405384615385 0.4202644102564103 0.7588087564102565 0.41896112179487177 0.7575821314102564 0.3955557403846154 0.7327139134615385 0.39685902884615387 0.7339405384615385 0.4202644102564103
3 0.17951697435897435 0.430495891025641 0.20682325 0.4290648301282051 0.20521330769230767 0.39834526923076924 0.17790703205128205 0.3997763301282051 0.17951697435897435 0.430495891025641
3 0.6239218653846154 0.35953286217948716 0.640500673076923 0.3586640032051282 0.6390440576923077 0.33087011538461536 0.62246525 0.33173897435897437 0.6239218653846154 0.35953286217948716
6 0.786385766025641 0.46934471474358974 0.8249071185897435 0.4673258974358974 0.8227860801282051 0.4268540961538462 0.7842647275641026 0.42887291346153844 0.786385766025641 0.46934471474358974
6 0.8270067467948717 0.488729717948718 0.8674785512820512 0.4866086826923077 0.8655363974358974 0.4495501634615384 0.825064592948718 0.4516712019230769 0.8270067467948717 0.488729717948718
3 0.01237649358974359 0.7492505032051282 0.030905750000000003 0.7482794262820512 0.02868249358974359 0.7058571730769231 0.01015323717948718 0.7068282532051282 0.01237649358974359 0.7492505032051282
0 0.012510910256410256 0.7518153429487179 0.19981246153846152 0.7419992852564103 0.19180771794871795 0.5892596762820512 0.004506166666666666 0.599075733974359 0.012510910256410256 0.7518153429487179
0 0.22292587500000002 0.31022230128205125 0.2522878846153846 0.32529904807692306 0.25649819551282055 0.39425425000000003 0.34139751282051284 0.3868232403846154 0.3531740352564102 0.3611595288461539 0.32638226923076924 0.3393061666666667 0.31615410256410253 0.3034651987179487 0.22292587500000002 0.31022230128205125
0 0.4617353108974359 0.3727637948717949 0.47034818910256415 0.35501869230769234 0.45654577564102566 0.34202598397435896 0.4450682115384615 0.2937274711538462 0.3731848269230769 0.27460690705128205 0.3877005673076923 0.3712770608974359 0.4617353108974359 0.3727637948717949