2 0.32739257692307694 0.8464355480769231 0.378662108974359 0.8464355480769231 0.378662108974359 0.7922363269230769 0.32739257692307694 0.7922363269230769 0.32739257692307694 0.8464355480769231
4 0.38818359294871796 0.5051269519230769 0.40966796794871796 0.5051269519230769 0.40966796794871796 0.4812011730769231 0.38818359294871796 0.4812011730769231 0.38818359294871796 0.5051269519230769
4 0.36572265705128204 0.5139160160256411 0.39453125 0.5139160160256411 0.39453125 0.4948730480769231 0.36572265705128204 0.4948730480769231 0.36572265705128204 0.5139160160256411
4 0.34106445192307694 0.530761717948718 0.378662108974359 0.530761717948718 0.378662108974359 0.505859375 0.34106445192307694 0.505859375 0.34106445192307694 0.530761717948718
2 0.703125 0.4892578141025641 0.734863282051282 0.4892578141025641 0.734863282051282 0.45751953205128204 0.703125 0.45751953205128204 0.703125 0.4892578141025641
4 0.8544921858974359 0.520996092948718 0.8857421858974359 0.520996092948718 0.8857421858974359 0.4873046858974359 0.8544921858974359 0.4873046858974359 0.8544921858974359 0.520996092948718
2 0.6237792980769231 0.4475097660256411 0.6555175769230769 0.4475097660256411 0.6555175769230769 0.4216308589743589 0.6237792980769231 0.4216308589743589 0.6237792980769231 0.4475097660256411
6 0.737792967948718 0.4326171858974359 0.7626953141025641 0.4326171858974359 0.7626953141025641 0.4091796858974359 0.737792967948718 0.4091796858974359 0.737792967948718 0.4326171858974359
3 0.18359375 0.4138183589743589 0.2109375 0.4138183589743589 0.2109375 0.383056641025641 0.18359375 0.383056641025641 0.18359375 0.4138183589743589
3 0.6311035160256411 0.3662109358974359 0.6477050769230769 0.3662109358974359 0.6477050769230769 0.33837890705128204 0.6311035160256411 0.33837890705128204 0.6311035160256411 0.3662109358974359
6 0.787597657051282 0.484375 0.826171875 0.484375 0.826171875 0.44384765705128204 0.787597657051282 0.44384765705128204 0.787597657051282 0.484375
6 0.8271484358974359 0.505859375 0.8676757820512822 0.505859375 0.8676757820512822 0.46875 0.8271484358974359 0.46875 0.8271484358974359 0.505859375
3 0 0.7233886730769231 0.018554685897435898 0.7233886730769231 0.018554685897435898 0.6809082019230769 0 0.6809082019230769 0 0.7233886730769231
0 0 0.725957032051282 0.18755859294871796 0.725957032051282 0.18755859294871796 0.5730078108974359 0 0.5730078108974359 0 0.725957032051282
0 0.3266918942307692 0.2941127916666667 0.23323779166666667 0.2959814455128205 0.2617705064102564 0.3125742179487179 0.26236621153846157 0.3816552724358975 0.3475380865384615 0.37867773397435894 0.36064160256410255 0.3536655288461538 0.33503027243589745 0.3304399423076923 0.3266918942307692 0.2941127916666667
0 0.3851547852564103 0.2682788076923077 0.3945913076923077 0.3655761730769231 0.4684467788461538 0.3709355480769231 0.47797656089743595 0.3536655288461538 0.4648730480769231 0.33996826282051285 0.45593896474358975 0.2911352532051282 0.3851547852564103 0.2682788076923077