6 0.5568847660256411 0.5148925769230769 0.5979003910256411 0.5148925769230769 0.5979003910256411 0.4807128910256411 0.5568847660256411 0.4807128910256411 0.5568847660256411 0.5148925769230769
6 0.5400390641025641 0.4938964839743589 0.5732421858974359 0.4938964839743589 0.5732421858974359 0.4616699230769231 0.5400390641025641 0.4616699230769231 0.5400390641025641 0.4938964839743589
3 0.83984375 0.7646484358974359 0.8823242179487178 0.7646484358974359 0.8823242179487178 0.7216796858974359 0.83984375 0.7216796858974359 0.83984375 0.7646484358974359
3 0.4318847660256411 0.4650878910256411 0.4543457019230769 0.4650878910256411 0.4543457019230769 0.4392089839743589 0.4318847660256411 0.4392089839743589 0.4318847660256411 0.4650878910256411
2 0.267578125 0.4768066410256411 0.2998046858974359 0.4768066410256411 0.2998046858974359 0.4450683589743589 0.267578125 0.4450683589743589 0.267578125 0.4768066410256411
2 0.1044921858974359 0.5563964839743589 0.14306640705128204 0.5563964839743589 0.14306640705128204 0.5134277339743589 0.1044921858974359 0.5134277339743589 0.1044921858974359 0.5563964839743589
2 0.6628417980769231 0.7004394519230769 0.7092285160256411 0.7004394519230769 0.7092285160256411 0.6574707019230769 0.6628417980769231 0.6574707019230769 0.6628417980769231 0.7004394519230769
2 0.7282714839743589 0.8000488269230769 0.7639160160256411 0.8000488269230769 0.7639160160256411 0.7590332019230769 0.7282714839743589 0.7590332019230769 0.7282714839743589 0.8000488269230769
4 0.23754882692307694 0.645019532051282 0.29809570192307694 0.645019532051282 0.29809570192307694 0.5947265641025641 0.23754882692307694 0.5947265641025641 0.23754882692307694 0.645019532051282
4 0.2109375 0.6325683589743589 0.2578125 0.6325683589743589 0.2578125 0.5817871089743589 0.2109375 0.5817871089743589 0.2109375 0.6325683589743589
4 0.18212890705128204 0.618652342948718 0.22705078205128204 0.618652342948718 0.22705078205128204 0.574707032051282 0.18212890705128204 0.574707032051282 0.18212890705128204 0.618652342948718
0 0.46051318269230773 0.45838232371794874 0.5067568365384616 0.48465625 0.5438359391025641 0.4760053717948718 0.5566079102564102 0.45952832051282055 0.5154086923076923 0.42410156089743584 0.4667934583333333 0.43604785256410256 0.46051318269230773 0.45838232371794874