2 0.6830919807692307 0.8101273942307693 0.7460706666666667 0.8112266923076924 0.7472040512820514 0.7462951762820513 0.6842253653846154 0.7451958782051282 0.6830919807692307 0.8101273942307693
4 0.583537532051282 0.4843657083333333 0.6099007051282052 0.4848258782051282 0.6103949615384615 0.45650987820512823 0.5840317884615385 0.45604970512820514 0.583537532051282 0.4843657083333333
4 0.6010234999999999 0.48979865705128206 0.6337333653846153 0.49036961217948716 0.6341764935897436 0.46498285256410254 0.6014666282051282 0.4644119006410256 0.6010234999999999 0.48979865705128206
4 0.6191139583333334 0.5025674967948718 0.6615879551282051 0.5033088846153847 0.6621674294871794 0.47011081730769233 0.6196934326923077 0.4693694294871795 0.6191139583333334 0.5025674967948718
2 0.2609454807692308 0.5422210705128205 0.2995138237179487 0.5428942852564103 0.30018703846153844 0.5043259423076923 0.2616186955128205 0.5036527275641025 0.2609454807692308 0.5422210705128205
4 0.12063478846153845 0.6069208397435898 0.1592031346153846 0.6075940512820512 0.15990191346153848 0.5675610865384615 0.12133356730769232 0.566887875 0.12063478846153845 0.6069208397435898
2 0.3303383525641026 0.483608766025641 0.3674420737179487 0.4842564134615384 0.36801302564102567 0.45154655448717945 0.3309093044871795 0.45089890384615383 0.3303383525641026 0.483608766025641
3 0.22321652564102565 0.4934594807692308 0.252997141025641 0.49397930448717947 0.2534999198717949 0.4651750993589744 0.22371930448717947 0.4646552756410256 0.22321652564102565 0.4934594807692308
3 0.7545948205128205 0.350856125 0.7887693044871795 0.3514526442307693 0.789399907051282 0.31532533333333335 0.7552254262820514 0.3147288141025641 0.7545948205128205 0.350856125
3 0.319543516025641 0.40259748397435896 0.3420010352564103 0.4029894807692308 0.3425379006410256 0.3722324487179487 0.3200803814102564 0.37184045192307696 0.319543516025641 0.40259748397435896
6 0.16886433012820512 0.5577062371794872 0.21622039743589744 0.558532842948718 0.2170640448717949 0.510200358974359 0.16970797435897436 0.5093737564102564 0.16886433012820512 0.5577062371794872
6 0.13414445833333333 0.5883549615384615 0.18247694230769232 0.589198608974359 0.18327798076923077 0.5433071602564102 0.1349454967948718 0.5424635128205129 0.13414445833333333 0.5883549615384615
0 1 0.4582280096153846 0.9898512852564102 0.4443902243589744 0.8537202916666666 0.44631548397435894 0.8376966314102565 0.5077395256410256 0.8504996474358973 0.630825951923077 0.9890945993589744 0.6445847532051282 1 0.46378257692307695 1 0.4582280096153846
0 0.6967647852564103 0.29693922435897435 0.6942168301282051 0.263657266025641 0.7182158525641026 0.25547329807692304 0.7106491955128205 0.24087319551282052 0.6183725576923077 0.26509553846153844 0.6189937179487179 0.3385951121794872 0.6298384294871795 0.34465004807692307 0.7152806217948717 0.33401948076923077 0.7091391089743591 0.3049757467948718 0.6967647852564103 0.29693922435897435
0 0.5785585737179487 0.32498549358974355 0.5560943557692308 0.31247141666666667 0.5662960096153846 0.2657258365384615 0.5553604775641026 0.2424640576923077 0.49562222435897435 0.28169747756410257 0.4738320833333333 0.29774053205128204 0.4999722403846154 0.30132472435897434 0.5106395448717949 0.3175431506410257 0.49195428846153844 0.3473837019230769 0.49704853525641024 0.35680021474358975 0.5796719679487179 0.35081257051282055 0.5785585737179487 0.32498549358974355