6 0.5563303685897436 0.5168687532051282 0.5973210096153847 0.5183001794871794 0.5985138621794872 0.48414131410256406 0.5575232243589744 0.48270989102564105 0.5563303685897436 0.5168687532051282
6 0.5402276826923077 0.4952975448717949 0.573410576923077 0.49645631730769235 0.5745352692307693 0.46424938782051284 0.541352375 0.4630906153846154 0.5402276826923077 0.4952975448717949
3 0.8304006282051282 0.7763475961538462 0.8728552179487179 0.7778301410256411 0.8743548076923077 0.7348875673076923 0.8319002179487179 0.7334050192307692 0.8304006282051282 0.7763475961538462
3 0.43314467628205133 0.4627319711538462 0.45559192948717947 0.4635158461538461 0.45649508974358977 0.4376527051282051 0.4340478365384615 0.43686883012820515 0.43314467628205133 0.4627319711538462
2 0.2685291474358974 0.4687093621794872 0.3007360769230769 0.46983405448717946 0.30184372756410255 0.4381151057692308 0.2696367980769231 0.4369904166666667 0.2685291474358974 0.4687093621794872
2 0.10276491025641026 0.5425591057692307 0.1413156314102564 0.5439053269230769 0.14281522115384615 0.50096275 0.1042644967948718 0.49961653205128204 0.10276491025641026 0.5425591057692307
2 0.6557473621794871 0.7060004455128206 0.7021058237179487 0.7076193205128205 0.7036054102564103 0.6646767435897436 0.6572469519230769 0.6630578717948717 0.6557473621794871 0.7060004455128206
2 0.717660875 0.8078326057692308 0.7532836923076923 0.8090765801282052 0.7547151185897436 0.7680859423076922 0.7190922980769231 0.7668419647435898 0.717660875 0.8078326057692308
4 0.23264759615384614 0.6357717756410256 0.2931575865384615 0.6378848301282052 0.29491278846153846 0.5876225 0.23440279487179488 0.5855094455128205 0.23264759615384614 0.6357717756410256
4 0.20648701923076926 0.6223994647435898 0.25333346474358975 0.6240353814102564 0.25510570512820513 0.5732850641025641 0.2082592596153846 0.5716491506410256 0.20648701923076926 0.6223994647435898
4 0.17818163782051283 0.6074865224358975 0.2230761474358974 0.6090542724358975 0.22460981730769233 0.5651357307692307 0.1797153076923077 0.5635679807692308 0.17818163782051283 0.6074865224358975
0 0.5446466346153847 0.4775498397435898 0.5579858685897435 0.46152856089743594 0.5180481217948718 0.42468555128205127 0.4690455833333333 0.43492791987179485 0.4619896730769231 0.45702960576923074 0.5072882083333333 0.4849014070512821 0.5446466346153847 0.4775498397435898