2 0.3717150833333333 0.3289850737179487 0.37747328205128206 0.35721486858974355 0.3836405224358974 0.3620107307692308 0.42121661858974363 0.35797841025641025 0.44125333333333333 0.37395553205128207 0.4584109455128205 0.3758177564102564 0.48036441987179485 0.37151274358974357 0.49472474358974355 0.35457328525641024 0.4969414711538461 0.317106266025641 0.4831538044871795 0.30123822115384613 0.4285019038461539 0.29872153205128205 0.4145778942307692 0.29066479487179486 0.375521342948718 0.2899830608974359 0.3717150833333333 0.3289850737179487
3 0.2342360256410256 0.3265853685897436 0.24467310256410257 0.26582076602564103 0.22765183653846152 0.25614723076923074 0.2089046923076923 0.2558199967948718 0.18996666346153845 0.26642859935897434 0.18514353205128203 0.2741580993589744 0.18459814423076923 0.30540333974358974 0.1906563044871795 0.3164482532051282 0.20299078525641026 0.3260399807692308 0.2342360256410256 0.3265853685897436
2 0.2761989455128205 0.33981973717948716 0.29532786217948714 0.3182753012820513 0.300641842948718 0.2824250833333333 0.2898968942307692 0.27129836217948716 0.27273928205128206 0.26943613782051284 0.25555440064102564 0.26913617307692306 0.24760674358974358 0.2768111378205128 0.24113953846153846 0.28920015705128205 0.24070322756410256 0.3141963493589744 0.2590140641025641 0.3395197724358975 0.2761989455128205 0.33981973717948716
3 0.4750812564102564 0.1370098237179487 0.4757357211538461 0.09951553525641026 0.46192078846153845 0.08520975 0.444735907051282 0.08490978846153846 0.44451775 0.09740788461538462 0.458141798076923 0.1226495 0.4561704967948718 0.14605616346153846 0.463927266025641 0.14931703205128205 0.4750812564102564 0.1370098237179487
3 0.30188832692307693 0.1214848237179487 0.28960838461538463 0.10876857371794871 0.24898957371794872 0.1080595705128205 0.23640966987179488 0.11252820192307691 0.2172807532051282 0.13407263782051282 0.21689898076923078 0.1559443044871795 0.2243830608974359 0.17482779487179487 0.236663 0.18754404807692307 0.25225835256410256 0.1893790032051282 0.2568360608974359 0.19570985897435897 0.264674641025641 0.19428394551282052 0.2680173173076923 0.18184038782051282 0.2976730288461539 0.18392076602564103 0.31200608012820513 0.1685435705128205 0.31532149038461543 0.15766227564102564 0.3157578012820513 0.13266608333333332 0.3112346314102564 0.12321070192307691 0.31597595512820514 0.12016798717948718 0.30188832692307693 0.1214848237179487
3 0.6034048974358974 0.1267478173076923 0.5972649262820513 0.1203896891025641 0.5816150384615384 0.12167925961538462 0.5751751025641025 0.13250601602564102 0.5764919423076923 0.14659364423076923 0.5826591826923078 0.1513895064102564 0.5982818012820513 0.15166220192307692 0.603104935897436 0.14393269871794873 0.6034048974358974 0.1267478173076923
2 0.5899638269230769 0.0014941602564102563 0.5843226153846154 0.056091522435897434 0.5952039102564103 0.05940693269230769 0.604713826923077 0.051759240384615386 0.6125251378205129 0.05189558653846154 0.6130432564102565 0.022212608974358974 0.617866391025641 0.01448310576923077 0.6133977596153846 0.001903201923076923 0.5899638269230769 0.0014941602564102563
2 0.832430217948718 0.1666884423076923 0.8419401378205128 0.15904075 0.8436932852564103 0.14813218269230768 0.8390610384615383 0.14492585256410256 0.8296056602564104 0.14944902243589744 0.8278252403846154 0.16191984935897435 0.832430217948718 0.1666884423076923
3 0.6035412435897436 0.11893650641025641 0.6121979070512821 0.07064273076923076 0.6044956730769231 0.06425733653846154 0.5873107916666667 0.06395737179487179 0.5825421955128205 0.06856234935897436 0.583259108974359 0.11701974358974358 0.6035412435897436 0.11893650641025641
2 0.11672332692307694 0.16513489743589743 0.1479685673076923 0.16568028525641024 0.14972171474358975 0.15477172115384616 0.14210129166666666 0.14369953846153846 0.11707783012820513 0.14482549038461537 0.11222742628205129 0.15411725641025642 0.11672332692307694 0.16513489743589743
6 0.2538206121794872 0.18940627243589744 0.25354791987179487 0.20502889102564104 0.27854411217948716 0.2054652019230769 0.2974548717948718 0.19641886217948717 0.3054843365384616 0.1840571153846154 0.30570249358974355 0.17155901923076924 0.28520220192307694 0.18214034935897436 0.2538206121794872 0.18940627243589744