3 0.10202831410256409 0.3453918044871795 0.1301361826923077 0.34637335256410257 0.1444082371794872 0.3406179358974359 0.1557753173076923 0.3285072628205128 0.16354836217948718 0.28500203525641027 0.14595492628205128 0.2515551602564102 0.11644910256410257 0.2458344358974359 0.08360206089743591 0.24625084294871796 0.06511629807692308 0.2831281666666667 0.06306397756410256 0.2971275673076923 0.06871033333333333 0.31452272115384616 0.10202831410256409 0.3453918044871795
3 0.23260350000000002 0.23269266025641025 0.26539601282051284 0.23383780128205126 0.283391 0.21101441346153843 0.28399083333333336 0.19383738141025642 0.2724799967948718 0.16529327243589742 0.23818046794871797 0.16253205448717947 0.22223780448717947 0.17135603846153846 0.21571895833333335 0.17894565705128207 0.21473741025641024 0.20705352564102567 0.22205437820512822 0.22138010897435897 0.23260350000000002 0.23269266025641025
2 0.26649153205128207 0.5606376121794872 0.25356290064102566 0.5726937532051283 0.2507273173076923 0.6538942564102564 0.25503025 0.6649886858974359 0.2686479391025641 0.6779718461538462 0.3305645608974359 0.695768544871795 0.3946078717948718 0.6526648685897436 0.4016174903846154 0.6310213141025641 0.39991218589743593 0.5903120000000001 0.3913063237179487 0.5681231442307693 0.3673031025641026 0.5391427884615384 0.35346728846153846 0.5324058237179486 0.3113054903846154 0.5309335 0.29234878846153844 0.536525326923077 0.26670965384615386 0.5543914166666667 0.26649153205128207 0.5606376121794872
2 0.1092659391025641 0.5410760993589744 0.08275431730769231 0.5839269615384616 0.08051856730769232 0.647950435897436 0.09972808333333334 0.6798902948717949 0.1341366730769231 0.6795284166666666 0.1464109391025641 0.6862108557692308 0.18544964102564102 0.6875741153846153 0.21689872756410258 0.682418532051282 0.23650979166666666 0.6580881282051282 0.24384659615384616 0.6270752852564103 0.24559157051282052 0.5771057435897436 0.23843819551282053 0.5580945128205128 0.22186099999999997 0.5403176506410257 0.1909026891025641 0.531419298076923 0.12994777884615383 0.5308541602564103 0.1092659391025641 0.5410760993589744
2 1 0.25473021153846154 0.9776800993589743 0.2524575 0.9571073205128204 0.25955634294871793 0.9452693012820512 0.24038152243589744 0.920284528846154 0.23950903525641026 0.9027257852564102 0.24984003525641027 0.897059592948718 0.2777843108974359 0.9090612051282051 0.2922744903846154 0.9465383621794873 0.29358322115384616 0.9630610256410256 0.31292163461538464 0.991168891025641 0.3139031826923077 1 0.30751640064102564 1 0.25473021153846154
3 0.058254826923076916 0 0.05800757051282052 0.03898134615384615 0.06554265705128205 0.047061740384615386 0.08417217628205129 0.05083920192307693 0.1002784294871795 0.03733057371794871 0.09350676923076924 0.00738850641025641 0.09536191346153847 0 0.058254826923076916 0
2 0.431757842948718 0.6633428878205129 0.4517307884615385 0.6734210737179487 0.4735924615384616 0.6741845 0.4919146314102564 0.6419918237179487 0.5089132115384616 0.5581589967948718 0.5080605576923077 0.5378043397435898 0.4755406987179487 0.5288514583333334 0.45518604166666665 0.529704108974359 0.4040713621794872 0.5607516474358974 0.40174638782051286 0.5825587916666667 0.40759102884615384 0.6390471762820513 0.431757842948718 0.6633428878205129
2 0.4175255256410257 0.08593194230769231 0.4328683557692307 0.09428498717948718 0.4626468301282051 0.09219797115384616 0.46351931730769236 0.06721320192307692 0.45905279487179484 0.06080341666666667 0.43406802564102565 0.05993092948717949 0.41102651602564105 0.04818213461538461 0.39530197435897435 0.05075992628205128 0.3919062243589744 0.058458605769230766 0.3899084326923077 0.07089646153846155 0.3942113653846154 0.08199089102564103 0.4175255256410257 0.08593194230769231
3 0.9010006474358975 0.2544701506410257 0.9016004807692308 0.2372931217948718 0.8941744551282051 0.2260896314102564 0.853574201923077 0.22467183974358973 0.8470008269230769 0.23382300641025638 0.8446213205128206 0.2571916987179487 0.8519382884615385 0.27151828525641025 0.8798825641025642 0.2771844775641025 0.8926476025641026 0.26981298076923077 0.9010006474358975 0.2544701506410257
3 0.8402638589743591 0.24765881730769232 0.845166625 0.24157621794871795 0.8460391121794871 0.21659144551282053 0.8415180608974359 0.21174321153846157 0.8024248269230769 0.21194149679487181 0.7975765897435897 0.21646255128205127 0.7969767564102563 0.23363958012820513 0.803004826923077 0.24010389423076922 0.8244847852564103 0.25179815705128206 0.8402638589743591 0.24765881730769232
3 0.4884247467948718 0.24944339743589744 0.49557812179487176 0.2684546282051282 0.5499398205128205 0.32351036217948714 0.5842393493589744 0.3262715801282051 0.6000729551282051 0.3205706923076923 0.6437070769230769 0.27988121474358973 0.6463790705128205 0.20336535256410257 0.6227030320512821 0.16501571153846153 0.6090308108974359 0.15359409935897436 0.581141064102564 0.14636635897435896 0.5418842403846154 0.15124928846153846 0.5178066506410257 0.16916991025641023 0.4916767403846154 0.2010899358974359 0.4884247467948718 0.24944339743589744