3 0.7109375 0.5421874999999999 0.6984374999999999 0.53125 0.6749999999999999 0.53125 0.6625 0.5375 0.6625 0.571875 0.6671874999999999 0.5812499999999999 0.7046875 0.5812499999999999 0.7140624999999999 0.5671875000000001 0.7109375 0.5421874999999999
2 0.9234375 0.39375 0.921875 0.38125000000000003 0.9125 0.37656249999999997 0.89375 0.375 0.884375 0.36874999999999997 0.8640625 0.36874999999999997 0.85625 0.375 0.8546875 0.39375 0.8609375 0.39999999999999997 0.8765625 0.39999999999999997 0.89375 0.4109375 0.9125 0.4125 0.9234375 0.39375
3 0.9984375 0.4296875 0.9984375 0.403125 0.9921875 0.39999999999999997 0.9703125 0.3984375 0.9484375 0.3875 0.93125 0.38906250000000003 0.925 0.3953125 0.925 0.41875 0.93125 0.4234375 0.946875 0.425 0.96875 0.4375 0.9859375 0.4375 0.9984375 0.4296875
3 0.5984375000000001 0.5046875000000001 0.6 0.4796875 0.5812499999999999 0.4515625 0.5703125 0.4421875 0.5546875 0.4421875 0.53125 0.4578125 0.5296875 0.5031249999999999 0.5359375000000001 0.515625 0.5546875 0.5234375 0.5812499999999999 0.5234375 0.5875 0.5187499999999999 0.5984375000000001 0.5046875000000001
2 0.6546875 0.53125 0.6203124999999999 0.525 0.6109375 0.5328125 0.609375 0.5546875 0.6171875 0.5765625 0.6359374999999999 0.5812499999999999 0.65625 0.5734374999999999 0.6609375000000001 0.546875 0.6546875 0.53125
2 0.5750000000000001 0.37656249999999997 0.5656249999999999 0.371875 0.5375 0.37656249999999997 0.5375 0.4171875 0.5499999999999999 0.4171875 0.55625 0.4109375 0.5812499999999999 0.415625 0.5812499999999999 0.3875 0.5750000000000001 0.37656249999999997
3 0.4390625 0.11875 0.41875 0.1171875 0.4171875 0.1796875 0.41875 0.18437499999999998 0.4375 0.1875 0.4421875 0.18125 0.4421875 0.1234375 0.4390625 0.11875
2 0.44375 0.521875 0.4453125 0.5703125 0.4765625 0.5734374999999999 0.49375 0.5625 0.496875 0.540625 0.4859375 0.5203125000000001 0.44375 0.521875
2 0.5187499999999999 0.5234375 0.50625 0.5234375 0.4984375 0.5390625 0.496875 0.56875 0.5046875000000001 0.5765625 0.5171875 0.5671875000000001 0.5234375 0.5499999999999999 0.5234375 0.53125 0.5187499999999999 0.5234375
3 0.18125 0.309375 0.15937500000000002 0.3171875 0.13749999999999998 0.3125 0.1234375 0.3234375 0.1046875 0.3171875 0.09218749999999999 0.3234375 0.065625 0.325 0.05625 0.33125 0.0578125 0.3546875 0.07968750000000001 0.359375 0.18281250000000002 0.33749999999999997 0.19218749999999998 0.32656250000000003 0.19218749999999998 0.3171875 0.18125 0.309375
2 0.41875 0.19218749999999998 0.41875 0.25 0.4265625 0.2625 0.4375 0.2625 0.4421875 0.25625000000000003 0.4421875 0.1953125 0.41875 0.19218749999999998
3 0.5343749999999999 0.375 0.5734374999999999 0.36874999999999997 0.56875 0.3546875 0.5437500000000001 0.3546875 0.5359375000000001 0.3640625 0.5343749999999999 0.375
3 0.6734375 0.25156249999999997 0.6375000000000001 0.25156249999999997 0.6359374999999999 0.265625 0.6437499999999999 0.2734375 0.6625 0.278125 0.6796875 0.27499999999999997 0.6796875 0.25625000000000003 0.6734375 0.25156249999999997