2 0.3625 0.5890624999999999 0.3859375 0.5546875 0.38437499999999997 0.5203125000000001 0.3359375 0.5 0.31093750000000003 0.5 0.2921875 0.50625 0.27499999999999997 0.5187499999999999 0.2609375 0.5328125 0.26406250000000003 0.6124999999999999 0.3125 0.6359374999999999 0.34218750000000003 0.6359374999999999 0.3484375 0.6296875000000001 0.3625 0.5890624999999999
3 0.7875 0.075 0.7843749999999999 0.090625 0.78125 0.146875 0.8078124999999999 0.15 0.8171875000000001 0.13593750000000002 0.821875 0.07968750000000001 0.8109375 0.0734375 0.7875 0.075
3 0.6046874999999999 0.3328125 0.5984375000000001 0.325 0.5875 0.3234375 0.5671875000000001 0.325 0.5578124999999999 0.33125 0.5484375 0.34375 0.5499999999999999 0.36093749999999997 0.5828125000000001 0.40468750000000003 0.5968749999999999 0.40781249999999997 0.6046874999999999 0.37343750000000003 0.6046874999999999 0.3328125
2 0.8671875 0.8234375 0.9046875 0.8109375 0.925 0.7984375 0.940625 0.7359375 0.925 0.6875 0.909375 0.6687500000000001 0.8625 0.65 0.8359375 0.6484375 0.8015625000000001 0.65625 0.775 0.6765625000000001 0.7687499999999999 0.6890625 0.7640625 0.75 0.7765624999999999 0.7796875 0.8046875 0.8109375 0.8265625 0.8125 0.846875 0.8234375 0.8671875 0.8234375
2 0.7546875000000001 0.7421875 0.75625 0.7218749999999999 0.7687499999999999 0.6906249999999999 0.7687499999999999 0.6593749999999999 0.759375 0.6390625 0.7218749999999999 0.61875 0.6796875 0.6109375 0.6749999999999999 0.6140625000000001 0.6687500000000001 0.6734375 0.6671874999999999 0.7328125 0.6765625000000001 0.7687499999999999 0.6984374999999999 0.78125 0.725 0.7796875 0.7390625000000001 0.7671875 0.7546875000000001 0.7421875
3 0.68125 0.371875 0.7156250000000001 0.375 0.7484375 0.3484375 0.78125 0.309375 0.7796875 0.28125 0.7843749999999999 0.2609375 0.7734375 0.2359375 0.7546875000000001 0.2125 0.71875 0.1890625 0.6734375 0.18125 0.6281249999999999 0.2125 0.6046874999999999 0.24375 0.6046874999999999 0.3046875 0.6124999999999999 0.3125 0.6140625000000001 0.32656250000000003 0.6437499999999999 0.359375 0.665625 0.3625 0.68125 0.371875
3 0.8234375 0.29375 0.8078124999999999 0.29375 0.7999999999999999 0.3078125 0.7875 0.33749999999999997 0.7937500000000001 0.32656250000000003 0.8015625000000001 0.33749999999999997 0.8171875000000001 0.32968749999999997 0.825 0.31406249999999997 0.8234375 0.29375
2 0.9734375 0.7062499999999999 0.9578125 0.7125 0.94375 0.734375 0.9375 0.75625 0.93125 0.7875 0.9328125 0.8078124999999999 0.9796875 0.8671875 0.9984375 0.875 0.9984375 0.7062499999999999 0.9734375 0.7062499999999999
2 0.796875 0 0.7937500000000001 0.0062499999999999995 0.7937500000000001 0.0234375 0.7984375 0.03125 0.790625 0.046875 0.790625 0.065625 0.8046875 0.0734375 0.81875 0.0734375 0.8265625 0.0578125 0.8265625 0.0328125 0.8359375 0.012499999999999999 0.8359375 0 0.796875 0
2 0.45625 0.5734374999999999 0.45625 0.5578124999999999 0.4671875 0.540625 0.4484375 0.53125 0.4109375 0.5375 0.37343750000000003 0.56875 0.3625 0.5875 0.3625 0.6296875000000001 0.375 0.634375 0.39375 0.6203124999999999 0.4125 0.6171875 0.4484375 0.5875 0.45625 0.5734374999999999
2 0.3796875 0.2359375 0.38437499999999997 0.2265625 0.3796875 0.20625 0.3625 0.19375 0.34531249999999997 0.19843750000000002 0.3015625 0.1953125 0.28125 0.209375 0.27187500000000003 0.19999999999999998 0.2484375 0.19999999999999998 0.234375 0.2125 0.209375 0.2015625 0.1875 0.20625 0.18125 0.215625 0.18125 0.2296875 0.1890625 0.240625 0.225 0.240625 0.23125 0.2359375 0.3796875 0.2359375