3 0.4636592051282052 0.39251566666666665 0.4248008525641026 0.38823211217948717 0.41156833974358975 0.3982710128205128 0.4078297564102564 0.42933589423076923 0.412069858974359 0.43589765384615387 0.4432437371794872 0.4380775416666667 0.4670601217948718 0.4334776858974359 0.469131016025641 0.4038625032051282 0.4636592051282052 0.39251566666666665
3 0.13443714102564103 0.4415447307692308 0.14118411858974358 0.4122565320512821 0.13480757692307693 0.3914485384615385 0.12121531089743591 0.3842328141025641 0.09627620833333334 0.38248890064102564 0.08181198717948718 0.38774272435897433 0.07492324358974359 0.39665891025641026 0.07208938782051282 0.4371849487179487 0.08223728205128204 0.44885876923076923 0.11496985256410255 0.45114765384615385 0.13443714102564103 0.4415447307692308
3 0.286644891025641 0.6840028205128206 0.32604821474358975 0.6804929070512821 0.33116027243589746 0.6745851153846153 0.33522583974358977 0.6388441538461539 0.3292852756410256 0.6118013846153847 0.32348648076923076 0.6051306314102565 0.27339028846153846 0.6047601955128206 0.26639255128205125 0.6152350737179487 0.26388567948717945 0.6510850320512821 0.2700442307692308 0.6750104134615384 0.286644891025641 0.6840028205128206
3 0.26961820833333333 0.38991120833333337 0.2306508621794872 0.3871863461538461 0.21730935576923074 0.3987839391025641 0.21056237820512821 0.428072141025641 0.2210372564102564 0.43506987500000005 0.26500766666666664 0.43344564102564104 0.27490480448717947 0.42630613782051285 0.2762127371794872 0.40760181089743586 0.26961820833333333 0.38991120833333337
3 0.3989562980769231 0.1530438814102564 0.40406835897435894 0.14713608974358974 0.4083191442307692 0.08634702884615385 0.3961765769230769 0.08079899038461538 0.38338004166666667 0.08460311858974359 0.37869327884615384 0.15162695192307693 0.3989562980769231 0.1530438814102564
2 0.3828243878205128 0.15974740384615385 0.3750202371794872 0.22655324999999998 0.38237772756410254 0.23333299679487182 0.39328858333333333 0.23409595833333333 0.4037306923076923 0.21916298717948715 0.4073275096153846 0.16772609294871793 0.39873830769230767 0.15616126923076923 0.3828243878205128 0.15974740384615385
3 0.16224214423076924 0.20071014743589743 0.15655233974358973 0.19248070192307692 0.1173670064102564 0.19287322756410258 0.11236394230769231 0.19722232371794873 0.1113829903846154 0.21125056730769232 0.11852249358974361 0.22114770512820514 0.13722681730769232 0.22245563782051284 0.16115219871794872 0.21629708653846152 0.16224214423076924 0.20071014743589743
2 0.35088827564102565 0.39246153205128204 0.34816341346153845 0.43142887820512815 0.3882534743589744 0.44049751282051286 0.40460337500000004 0.43067659935897434 0.4056605480769231 0.3931589519230769 0.3950766762820513 0.3877199102564102 0.36234410576923076 0.38543102564102566 0.35088827564102565 0.39246153205128204
2 0.166264983974359 0.4343724583333333 0.19743886217948717 0.43655234615384614 0.20889468910256412 0.42952183974358976 0.21074759615384614 0.4030240448717949 0.20215839423076923 0.3914592211538462 0.17453788461538464 0.3832625448717949 0.1505035096153846 0.39097978846153847 0.1438327564102564 0.39677858653846154 0.14187085576923075 0.4248350769230769 0.15346844871794874 0.43817658333333337 0.166264983974359 0.4343724583333333
3 0.6265370064102564 0.3255894198717949 0.6323358012820512 0.33226017307692307 0.6972559711538461 0.34463141025641025 0.7077308493589743 0.3516291474358974 0.7279938685897436 0.3530460769230769 0.7462622179487179 0.3605887852564103 0.7591677467948718 0.35522596474358975 0.7601486955128205 0.34119772115384617 0.7531181891025641 0.329741891025641 0.6989998814102564 0.3196923108974359 0.6764914294871794 0.30558784294871794 0.6450995641025641 0.30652533974358975 0.630308358974359 0.3164552467948718 0.6265370064102564 0.3255894198717949
2 0.3416016538461539 0.43566898397435894 0.34838140384615385 0.42831149038461536 0.3382007371794872 0.39470696474358974 0.3075718333333333 0.38473360576923077 0.2855321282051282 0.3863250705128205 0.2808888173076923 0.4079287948717949 0.2860664198717949 0.4458824198717949 0.3202486891025641 0.44983899358974355 0.3305818044871795 0.4364647147435897 0.3416016538461539 0.43566898397435894