2 0.37471924358974357 0.3267722403846154 0.37998388782051284 0.3550982275641026 0.3860664903846154 0.36000099358974363 0.4237072371794872 0.35662508012820515 0.4434620576923077 0.3729494583333333 0.4605845576923077 0.37511084294871794 0.4826098237179487 0.37118962499999997 0.49726359294871797 0.3545033685897436 0.5001338717948718 0.3170807435897436 0.48662524358974363 0.30097448717948716 0.4320255865384615 0.2975043717948718 0.4182443076923077 0.28920585576923075 0.3792056025641025 0.28784259615384616 0.37471924358974357 0.3267722403846154
3 0.23730300641025642 0.3219735576923077 0.24879898397435896 0.26140036217948714 0.2319491346153846 0.2514312371794872 0.21321055769230768 0.2507768717948718 0.19409026602564103 0.26105334294871796 0.18913296794871795 0.2686974935897436 0.18804235897435898 0.29992845833333337 0.19390683974358974 0.31107741666666666 0.20607204166666668 0.32088294871794876 0.23730300641025642 0.3219735576923077
2 0.2790285608974359 0.33593826602564103 0.2985305673076923 0.31473095833333337 0.3044694102564103 0.2789789423076923 0.29392028846153845 0.26766639102564105 0.27679778846153846 0.26550500641025643 0.2596207596153846 0.2649051730769231 0.2515403653846154 0.27244025961538465 0.2448579294871795 0.2847145256410257 0.2439854423076923 0.3096992948717949 0.26185153205128203 0.3353384294871795 0.2790285608974359 0.33593826602564103
3 0.4814201057692307 0.13663021474358975 0.48272883653846155 0.0991530608974359 0.4691656762820513 0.08460835256410257 0.4519886474358974 0.08400851602564104 0.45155240384615386 0.09650090384615384 0.4647338493589744 0.12197644871794872 0.46235434294871797 0.14534513782051284 0.4700530224358974 0.1487408878205128 0.4814201057692307 0.13663021474358975
3 0.3085245 0.11808494871794871 0.29646835897435897 0.1051563205128205 0.25586810897435897 0.10373852884615385 0.24321213141025644 0.10798692948717949 0.223710125 0.1291942371794872 0.22294669871794873 0.15105591346153846 0.23010007371794872 0.17006714102564105 0.24215621794871794 0.18299577243589743 0.25771716666666666 0.185102625 0.2621836891025641 0.19151240705128206 0.27004596153846155 0.1902235128205128 0.27360530128205124 0.1778401891025641 0.3032201858974359 0.18043781410256413 0.31781942307692307 0.16531310897435897 0.321324233974359 0.15449133012820512 0.3221967211538462 0.1295065608974359 0.3178392596153846 0.11997367948717948 0.32263296474358977 0.11701417628205128 0.3085245 0.11808494871794871
3 0.6099032980769231 0.12860933012820513 0.6038752275641026 0.12214501282051281 0.5882052147435898 0.12316125641025642 0.5815773076923078 0.13387397435897436 0.5826480833333333 0.1479824358974359 0.5887306826923078 0.15288520192307692 0.6043461666666666 0.1534305064102564 0.6093034615384615 0.14578635897435896 0.6099032980769231 0.12860933012820513
2 0.5986502532051282 0.0031401698717948715 0.5920570416666667 0.05763076602564103 0.6028788173076923 0.06113557371794872 0.6125207596153847 0.05365501602564103 0.6203285000000001 0.05392766987179487 0.6213645801282051 0.024258253205128207 0.626321875 0.01661410576923077 0.6220734743589744 0.003958128205128205 0.5986502532051282 0.0031401698717948715
2 0.8381966762820513 0.17254091346153846 0.8478386185897435 0.16506035576923078 0.8497818814102565 0.1541840512820513 0.845206298076923 0.15089736217948718 0.8356734166666666 0.15525482371794871 0.8336756249999999 0.16769267948717947 0.8381966762820513 0.17254091346153846
3 0.6101759487179488 0.12080158653846154 0.6196741346153847 0.0726662467948718 0.6120845160256411 0.06614740064102564 0.5949074871794872 0.0655475673076923 0.59005925 0.07006861858974359 0.5899303557692307 0.11853114423076924 0.6101759487179488 0.12080158653846154
2 0.12262590384615384 0.15849679807692307 0.1538568685897436 0.15958741025641027 0.1558001282051282 0.14871110256410255 0.14837409935897436 0.13750761217948718 0.12333480128205128 0.13819667307692307 0.11832297115384616 0.14740237179487178 0.12262590384615384 0.15849679807692307
6 0.25927871474358977 0.18515715384615386 0.2587334102564102 0.20077263782051283 0.2837181826923077 0.201645125 0.30278394230769234 0.19293019871794873 0.3110279262820513 0.18071046794871795 0.31146416987179487 0.16821808333333335 0.29078233012820515 0.17844002243589743 0.25927871474358977 0.18515715384615386