3 0.6011140096153846 0.15644454487179488 0.5794506217948717 0.19477435256410258 0.5772148717948717 0.25879782692307696 0.6140376634615384 0.2788451346153846 0.7007209326923077 0.303760516025641 0.7256511730769231 0.3061945512820513 0.756029483974359 0.2869305032051282 0.7773111602564102 0.25953153205128204 0.7785108301282051 0.22517747435897434 0.7651856282051283 0.15904714423076924 0.7563616410256411 0.14310448076923077 0.7379502467948718 0.1330808269230769 0.671076326923077 0.12292827564102564 0.6444209487179487 0.12512435576923076 0.6186182211538461 0.14767508974358973 0.6011140096153846 0.15644454487179488
2 0.37402023397435896 0.5706464038461538 0.3832259294871795 0.575658233974359 0.41445689423076926 0.576748842948718 0.45883460897435896 0.5595371153846154 0.4611794166666667 0.4923905448717949 0.4575853814102564 0.46099599038461536 0.4174759038461538 0.445524266025641 0.4018604230769231 0.44497896153846156 0.34482673076923076 0.46643908653846156 0.34222910576923077 0.4960539711538462 0.37042619871794874 0.5392518493589744 0.37402023397435896 0.5706464038461538
2 0.6616772532051282 0.43685398717948715 0.6589904006410257 0.42425254166666665 0.6214240192307693 0.3807274807692308 0.6044105801282051 0.375443 0.5731250865384615 0.3759139391025641 0.5757722692307693 0.4791942403846154 0.5863213942307692 0.49050679166666666 0.6159908076923077 0.4915428685897436 0.6497103365384616 0.4661416891025641 0.6616772532051282 0.43685398717948715
2 0.2925322147435897 0.4865012564102564 0.2751370641025641 0.49214761217948716 0.24977058012820513 0.5022059615384615 0.23495322115384612 0.5235768621794872 0.2289053141025641 0.5624519743589743 0.24008896794871795 0.600365375 0.2506926217948718 0.6101163782051282 0.2579005288461539 0.6275660608974359 0.27017479166666664 0.6342484967948717 0.2873518205128205 0.6348483301282051 0.32219665384615387 0.6219940673076924 0.33625058974358973 0.622484842948718 0.3634512724358975 0.604673282051282 0.37067901282051285 0.5767835384615385 0.3699899551282051 0.5517442371794872 0.35858817628205125 0.5200770288461539 0.331461858974359 0.49098761217948717 0.2925322147435897 0.4865012564102564
2 0.08360696794871796 0.6042816185897436 0.08150011538461538 0.6198425705128205 0.09978261538461539 0.6783287467948718 0.10424913782051282 0.684738532051282 0.12276959294871795 0.6916390897435897 0.197669375 0.6958180993589743 0.22336304166666665 0.6763904615384616 0.22525177243589745 0.667075701923077 0.2449173685897436 0.6411837499999999 0.2454626730769231 0.6255682692307692 0.22745282692307692 0.5592743493589744 0.19041191346153846 0.545473233974359 0.13726474679487177 0.5451807435897437 0.11474870512820513 0.5631558974358974 0.08360696794871796 0.6042816185897436
3 0.4539269326923077 0.20758894551282053 0.4660921346153846 0.21739447756410257 0.48633773076923076 0.21966491987179487 0.5202010160256411 0.23491852564102564 0.5763622179487179 0.23844316987179484 0.5830446570512821 0.22616890705128206 0.5842988557692308 0.19025329807692307 0.610483298076923 0.15677172756410257 0.6112467243589743 0.13491005128205127 0.5992451121794872 0.12041987500000001 0.5559034775641026 0.10796218589743589 0.5073318942307693 0.11095638461538461 0.45452676602564107 0.19041191346153846 0.4539269326923077 0.20758894551282053
3 1 0.22353133333333333 0.9896470160256411 0.2231697980769231 0.9769365064102564 0.2289797467948718 0.9605575993589743 0.2502961153846154 0.958178092948718 0.2736648076923077 0.9638789807692307 0.28949841025641027 0.9806197692307693 0.3025906314102564 1 0.3032674038461538 1 0.22353133333333333
2 0.6621134967948717 0.4243616025641026 0.6643641057692308 0.4494554326923077 0.6688851602564103 0.45430366987179494 0.7206343717948718 0.44985698397435897 0.7366860961538462 0.4379099006410257 0.7381038878205128 0.39730965064102564 0.7338554871794871 0.38465367307692305 0.7231973012820513 0.3764642179487179 0.6628422275641025 0.3587220480769231 0.6440491185897436 0.35962923076923076 0.6359141955128205 0.3687258685897436 0.6349326474358974 0.39683373397435895 0.6621134967948717 0.4243616025641026
3 0.018765602564102563 0.13298158333333335 0.024793673076923078 0.13944589743589744 0.04821689743589744 0.14026385576923078 0.049307506410256406 0.10903289102564102 0.02760942307692308 0.1035848205128205 0.019638089743589743 0.1079968141025641 0.018765602564102563 0.13298158333333335
3 0.08574858333333334 0.14001103846153848 0.08947151282051283 0.12294307051282051 0.08522311217948718 0.11028709294871795 0.06820967628205128 0.10500261217948718 0.053937618589743594 0.11075803205128205 0.05295607051282051 0.13886589743589745 0.08574858333333334 0.14001103846153848
4 0.3338513141025641 0.19870545512820512 0.32755059294871797 0.2000488814102564 0.3365381666666667 0.2113069006410256 0.3579635993589743 0.22456271153846152 0.3846735096153846 0.22080508653846154 0.3850006923076923 0.21143579807692306 0.37886355769230773 0.2080945769230769 0.3338513141025641 0.19870545512820512