2 0.41483428205128203 1 0.5399441730769231 0.9978161987179487 0.5629690641025641 0.9739732275641025 0.5615783237179487 0.8942978621794873 0.5534125128205128 0.8741248044871796 0.5375444679487179 0.860337141025641 0.44956694551282045 0.8337435096153846 0.4323820641025641 0.8340434711538461 0.3938436314102564 0.864408185897436 0.3909099935897436 0.8753985576923077 0.36947463461538466 0.9007765224358975 0.3637982435897436 0.9336931025641027 0.37733576282051284 1 0.41483428205128203 1
2 0.5711858653846154 0.7284799326923077 0.5133821730769231 0.7294889006410257 0.47933964102564103 0.7488359711538461 0.46719604487179484 0.769363532051282 0.46138330769230773 0.7944688044871795 0.457214641025641 0.8242335897435898 0.46203777243589744 0.8319630929487178 0.4841003269230769 0.8425171538461538 0.5343108653846154 0.8541426314102564 0.5500971025641025 0.8632435096153847 0.5630860480769231 0.8911460705128206 0.5804890865384615 0.903344201923077 0.6006894134615385 0.8967406538461538 0.6113252852564103 0.8793648846153846 0.6304348397435897 0.8102708525641026 0.6356749198717949 0.7523580801282052 0.617862842948718 0.7167260192307692 0.5900420897435897 0.73440175 0.5711858653846154 0.7284799326923077
3 0.18098712820512822 0.30866340064102565 0.15749866025641024 0.30594791666666665 0.14055920192307692 0.3203082403846154 0.1409682435897436 0.3437421698717949 0.15376630128205127 0.3607088974358974 0.18501154166666667 0.3601635096153846 0.19115151282051282 0.35380538461538463 0.1923320032051282 0.3319064455128205 0.18098712820512822 0.30866340064102565
3 0.23826479807692308 0.3670476602564103 0.338331375 0.36998920512820516 0.3568603653846154 0.357163875 0.3653885865384615 0.3085701378205128 0.35722277564102567 0.2883970769230769 0.33817566666666665 0.2715394294871795 0.3130431282051282 0.2641644294871795 0.27086205128205126 0.2649007019230769 0.24295949038461537 0.27788964743589745 0.2339404198717949 0.2983626698717949 0.23270539102564106 0.31713708333333335 0.23187940384615383 0.3593454262820513 0.23826479807692308 0.3670476602564103
3 0.6900936634615384 0.2888377467948718 0.6561874775641026 0.3159961282051282 0.6534992628205128 0.341046858974359 0.658622358974359 0.3659612435897436 0.6729826826923077 0.3829007019230769 0.7714324583333333 0.3827449903846154 0.8027595064102565 0.38688639102564104 0.8168198653846154 0.3866409647435897 0.8213975737179487 0.380310108974359 0.827237580128205 0.35676710256410255 0.8267194615384614 0.3270841217948718 0.8201977211538461 0.3115705801282051 0.7931484166666667 0.28391344230769233 0.7694690641025641 0.27026212499999996 0.7241634647435897 0.2710529391025641 0.6900936634615384 0.2888377467948718
3 0.9966708846153847 0.3944408205128205 0.994898375 0.29289378846153846 0.9838261923076923 0.2852733653846154 0.9446605641025642 0.2797060512820513 0.8805805512820513 0.2792618333333334 0.8406162051282052 0.31746512820512823 0.833350282051282 0.34884671474358975 0.834032016025641 0.387903266025641 0.8575750256410256 0.3937432724358974 0.9889141121794872 0.3977016923076923 0.9966708846153847 0.3944408205128205
3 0.711836891025641 0.19156846153846155 0.7007919807692308 0.18551029807692307 0.657130451923077 0.19096062820512819 0.6509904807692307 0.1973187532051282 0.651344983974359 0.21762816025641024 0.6561135769230769 0.2222331378205128 0.6982946506410256 0.2214968621794872 0.7122459326923077 0.21500239102564103 0.711836891025641 0.19156846153846155
2 0.6277079006410257 0.6540446506410256 0.5915849871794872 0.6437360128205128 0.5541997756410256 0.6506395256410256 0.5279412852564103 0.6682879871794872 0.5097667980769232 0.7014227243589743 0.5102576474358974 0.729543439102564 0.5461896730769231 0.7289162435897436 0.5838203108974359 0.7360730897435898 0.639317560897436 0.7819865224358974 0.6529416089743589 0.7567449038461539 0.6600439166666667 0.7159897435897437 0.6661566185897436 0.7080693557692308 0.664294391025641 0.6909117435897435 0.6594167211538462 0.6800577179487179 0.6515236025641026 0.6755072788461539 0.6622685512820513 0.6643805576923076 0.6650931121794872 0.6471411378205129 0.6508145993589743 0.634888467948718 0.6277079006410257 0.6540446506410256
3 0.19655521153846153 0.3052661826923077 0.19203204166666668 0.31472156410256413 0.19710059935897437 0.33651142307692306 0.20189646153846152 0.34267866346153847 0.22061633653846152 0.34078916987179486 0.23092497435897436 0.3046662564102564 0.2261291121794872 0.298499016025641 0.19655521153846153 0.3052661826923077
2 0.6390140512820514 0.4960107628205128 0.6252263878205128 0.5118788076923076 0.6240458942307692 0.5337777435897436 0.6180150032051283 0.5463849198717948 0.6056532532051282 0.5544143846153846 0.6014027788461538 0.5794923846153847 0.6733486378205128 0.5829247788461539 0.6812690256410256 0.5890374807692308 0.6794419775641025 0.48436592307692306 0.6390140512820514 0.4960107628205128
2 0.6167720673076923 0.6542355384615385 0.6433305192307692 0.6537719583333333 0.6559376955128204 0.6598028493589744 0.6687357532051282 0.6767695769230769 0.6765470641025642 0.6766332307692308 0.6824961474358974 0.6593392724358974 0.6812962948717949 0.5905997435897437 0.6749654391025641 0.5860220320512821 0.6045545705128205 0.5810001089743589 0.5952900769230769 0.5874127724358974 0.5755533269230769 0.6205747756410256 0.5712210416666667 0.6409659903846154 0.6167720673076923 0.6542355384615385
3 0.3727829487179487 0.3740760641025641 0.40241138782051283 0.37043342307692306 0.48532035256410255 0.3752371923076923 0.4975730256410256 0.36095867948717947 0.4949745256410256 0.3016199935897436 0.47422881089743585 0.2769783012820513 0.45849711217948713 0.27100194871794875 0.4225378173076923 0.2700668814102564 0.389839391025641 0.27688858653846155 0.3759971891025641 0.289632108974359 0.3596303878205128 0.33679993269230774 0.3584771666666667 0.3602611314102564 0.3727829487179487 0.3740760641025641