3 0.7116416474358974 0.5384997083333334 0.6989526634615384 0.5277820288461539 0.6755187339743589 0.5281910705128205 0.6631297147435897 0.5346582724358974 0.663729641025641 0.5690280384615384 0.6685800448717948 0.5783198012820513 0.7060743333333332 0.5776653365384615 0.7152024807692308 0.5634413621794871 0.7116416474358974 0.5384997083333334
2 0.8591372852564103 0.39371600320512823 0.874759907051282 0.3934433076923077 0.8921356762820514 0.4040791794871795 0.9109100897435898 0.4053142083333333 0.9215186891025641 0.3863761794871795 0.9197382724358975 0.37390535256410257 0.9102828942307692 0.3693821826923077 0.8915084775641026 0.3681471538461539 0.882025830128205 0.36206172115384616 0.8617164230769231 0.36241622435897436 0.8540141891025641 0.3688016185897436 0.8527791602564102 0.38757603205128205 0.8591372852564103 0.39371600320512823
3 0.9298481185897436 0.41592281089743594 0.9454980096153847 0.41721237820512824 0.9675878301282052 0.42932870512820515 0.9847727147435896 0.42902874038461536 0.9971344647435897 0.4209992756410257 0.9966708846153847 0.3944408205128205 0.990367298076923 0.391425375 0.968468358974359 0.39024488461538465 0.9464058044871795 0.37969082051282055 0.9292481923076923 0.38155304487179487 0.9231082211538462 0.3879111730769231 0.9235172628205128 0.41134510256410256 0.9298481185897436 0.41592281089743594
3 0.5550882115384616 0.5224795032051283 0.5816466666666666 0.522015923076923 0.5878139070512821 0.5172200576923077 0.5985043141025641 0.5029688141025641 0.5996302660256411 0.4779453525641026 0.5803922756410257 0.4501518685897436 0.5692928237179488 0.44096918269230767 0.5536702051282051 0.44124187820512817 0.5305089679487179 0.45727353846153845 0.529737516025641 0.502606407051282 0.5362047211538462 0.514995423076923 0.5550882115384616 0.5224795032051283
2 0.6552093269230769 0.5285455705128205 0.6207304871794872 0.5228964487179487 0.6114932596153846 0.530871375 0.6103127692307693 0.552770314102564 0.6185058525641026 0.5745056346153846 0.6373348044871795 0.5788651891025641 0.6575078621794871 0.5706993782051283 0.6617310705128205 0.5440591153846154 0.6552093269230769 0.5285455705128205
2 0.5728342948717948 0.3752723685897436 0.5633789166666667 0.3707491987179487 0.5353400064102564 0.3759268333333333 0.5360490096153846 0.41654564743589745 0.5485471057692307 0.41632749358974364 0.554687076923077 0.40996936538461537 0.579765076923077 0.41421984294871794 0.5792742307692308 0.386099125 0.5728342948717948 0.3752723685897436
3 0.412081375 0.1186638108974359 0.4116098878205128 0.18118156410256409 0.41325395833333334 0.18584108012820513 0.432055641025641 0.1886383717948718 0.43663334935897435 0.18230751282051283 0.4356243846153846 0.12450382051282051 0.4324180512820513 0.11987157371794872 0.412081375 0.1186638108974359
2 0.47784773076923076 0.5738353557692307 0.4948417275641025 0.5625995576923076 0.49758448076923073 0.5406733525641025 0.4862941442307692 0.5205548301282051 0.44414033974358974 0.5228533653846154 0.4465479519230769 0.571256217948718 0.47784773076923076 0.5738353557692307
2 0.519156185897436 0.5231066987179488 0.5066580897435897 0.5233248525641025 0.4991194711538462 0.5390838205128206 0.49807533012820515 0.5687940673076923 0.5060229871794872 0.5764690320512821 0.5183574647435898 0.5668773044871795 0.5243065512820513 0.5495833429487179 0.5239793173076923 0.5308361987179487 0.519156185897436 0.5231066987179488
3 0.055343794871794874 0.3624268685897436 0.07729727243589743 0.3667318814102564 0.18002479166666666 0.3430604358974359 0.18920748076923077 0.33196098397435897 0.18904386217948718 0.32258741346153846 0.17797168269230768 0.3149669871794872 0.15623636217948716 0.32316007051282053 0.1342828846153846 0.3188550544871795 0.12041341025641025 0.33003631410256407 0.1015571891025641 0.3241144967948718 0.08916816987179486 0.33058170192307695 0.06263698717948718 0.3326075416666667 0.05337249038461538 0.33902020833333335 0.055343794871794874 0.3624268685897436
2 0.42242873717948715 0.26381783333333336 0.4333645737179487 0.26362694871794873 0.43794228205128205 0.25729609294871797 0.4368787756410256 0.1963678717948718 0.4133903044871795 0.1936523878205128 0.41439927243589747 0.2514560833333333 0.42242873717948715 0.26381783333333336
3 0.5412072852564103 0.3539460897435897 0.5335595897435897 0.3634560096153846 0.5321882147435897 0.3744191121794872 0.5711356858974359 0.3674883301282051 0.5662034775641026 0.35350977884615387 0.5412072852564103 0.3539460897435897
3 0.6331432243589743 0.24920063141025642 0.6318263878205128 0.2632882596153846 0.6397740448717949 0.27096322435897435 0.6586029967948718 0.27532277564102564 0.6757333397435897 0.27189828846153846 0.675406108974359 0.25315114423076923 0.6690752532051282 0.2485734358974359 0.6331432243589743 0.24920063141025642