3 0.5951027403846154 0.1547321858974359 0.5741115993589744 0.19343423397435897 0.5729935544871795 0.25748697756410255 0.610160608974359 0.27688858653846155 0.6972655096153846 0.30028733974358973 0.7222344326923077 0.30228591346153844 0.7522719134615384 0.282494625 0.773072169871795 0.25472841025641024 0.7736720961538461 0.22035864743589742 0.7591947916666667 0.1544709455128205 0.7500939102564103 0.13868471153846154 0.7315103846153846 0.12898390705128204 0.6644694647435897 0.12000001282051283 0.6378564711538461 0.12266095512820513 0.6124512371794872 0.14565857692307693 0.5951027403846154 0.1547321858974359
2 0.3752723685897436 0.5728342948717948 0.38456413461538463 0.5776846987179487 0.41580937500000004 0.5782300865384615 0.4598799423076923 0.5602464839743589 0.46105252564102567 0.49306921794871794 0.45691112820512825 0.4617421698717949 0.4165377403846154 0.4469728076923077 0.4009151185897436 0.44670011217948713 0.34426464743589746 0.46915234615384616 0.34218426602564106 0.4988080544871795 0.37113097115384613 0.5415072467948718 0.3752723685897436 0.5728342948717948
2 0.6605505801282051 0.4340419487179487 0.6576442115384615 0.42148931410256407 0.6193239326923077 0.3786265032051282 0.602220858974359 0.3736397532051282 0.5709483493589743 0.37465662820512824 0.5753976185897436 0.47787500000000005 0.5861425673076923 0.4890017211538461 0.6158255448717949 0.4895198397435897 0.6490966282051281 0.4635340416666667 0.6605505801282051 0.4340419487179487
2 0.29232822756410254 0.49012412499999997 0.27503426923076923 0.49607320833333335 0.24984718910256412 0.506572733974359 0.23540506089743587 0.5281989775641025 0.23003654166666665 0.567173717948718 0.24188016987179486 0.6048861634615385 0.2526523878205128 0.6144506217948719 0.2601637371794872 0.6317718493589743 0.2725527532051282 0.6382390512820513 0.2897376378205128 0.638539016025641 0.32435282692307693 0.6250785833333333 0.3384131826923077 0.6253240096153846 0.3652988717948718 0.6070404455128204 0.37203876923076923 0.5790288044871794 0.3709128173076923 0.554005342948718 0.358960108974359 0.5225419487179487 0.3313302403846154 0.4939303814102564 0.29232822756410254 0.49012412499999997
2 0.08549035256410256 0.6115327948717949 0.08365539743589744 0.6271281474358974 0.10295583653846155 0.6852863429487179 0.10753354487179487 0.6916171987179488 0.1261716121794872 0.6981934807692307 0.20113291987179485 0.7010646730769231 0.22648361217948718 0.6811915769230769 0.2282094903846154 0.6718452756410256 0.24742021474358972 0.6456140512820513 0.24769291025641024 0.6299914326923076 0.22852881730769228 0.5640219262820513 0.1912526826923077 0.5508693653846154 0.13810850641025643 0.5515044679487179 0.11590960576923078 0.5698698397435897 0.08549035256410256 0.6115327948717949
3 0.44883067307692304 0.2084375673076923 0.46116515384615386 0.21802929166666665 0.4814472884615385 0.2199460576923077 0.5155716282051283 0.23460634294871796 0.5717857916666667 0.23715030128205128 0.5782529967948719 0.22476128205128204 0.5788801923076924 0.1888292564102564 0.6044763108974359 0.15489580128205127 0.6048580833333334 0.13302413461538462 0.5926054102564102 0.11874562179487179 0.5490529583333333 0.1070462435897436 0.5005410288461538 0.11088767948717948 0.4491306346153846 0.1912526826923077 0.44883067307692304 0.2084375673076923
3 1 0.21493278525641024 0.9847410865384615 0.21466644230769233 0.9721339134615385 0.22069733333333333 0.9561295192307693 0.24229630769230767 0.9541582179487179 0.26570296794871795 0.9601345705128205 0.28143466666666667 0.9771012980769231 0.29423272756410257 1 0.29463242307692306 1 0.21493278525641024
2 0.660768733974359 0.42154385256410254 0.6634569487179487 0.44659458333333335 0.6680619262820512 0.4513631762820513 0.7197256506410257 0.4460140192307692 0.7355664262820513 0.4337886153846154 0.7362754294871795 0.3931698044871795 0.7318067980769231 0.38058990064102566 0.721007310897436 0.37258770512820516 0.6603517852564103 0.35590157692307695 0.6415773717948718 0.3571366057692308 0.6336024455128205 0.36637383333333334 0.6331115961538462 0.3944945480769231 0.660768733974359 0.42154385256410254
3 0.012433541666666667 0.1414361794871795 0.01857351282051282 0.1477943076923077 0.04200744230769231 0.14820334615384614 0.042552830128205134 0.11695810576923077 0.020762971153846153 0.11188954807692308 0.012869852564102563 0.11643998717948718 0.012433541666666667 0.1414361794871795
3 0.07952900320512821 0.1472955512820513 0.08295349038461539 0.13016520833333334 0.07848485897435897 0.11758530128205127 0.061381785256410255 0.1125985544871795 0.04721234935897436 0.11860217628205127 0.046721500000000006 0.14672289423076923 0.07952900320512821 0.1472955512820513
4 0.3286183044871795 0.20165103846153845 0.3223419871794872 0.20310422115384613 0.33152467307692307 0.2142036730769231 0.3531781858974359 0.22708353846153848 0.37981844871794873 0.22286033333333335 0.3799820673076923 0.2134867596153846 0.3737875576923077 0.21025316025641025 0.3286183044871795 0.20165103846153845