3 0.46178887820512815 0.39316627243589747 0.42286168589743595 0.3895615416666667 0.4098063942307692 0.3998298525641026 0.4066105352564103 0.43095524999999996 0.4109645128205128 0.43744200961538465 0.44217168589743594 0.43907750641025645 0.46590416346153846 0.4340626955128205 0.4674578878205128 0.4044158814102564 0.46178887820512815 0.39316627243589747
3 0.13347263141025642 0.44793358333333333 0.13970743269230768 0.4185320961538461 0.13296871153846154 0.3978385576923077 0.11925258653846153 0.39086114743589745 0.09428684615384615 0.38955275 0.07991651923076923 0.39505821153846155 0.0731844358974359 0.40409326282051283 0.07105828525641025 0.4446625865384615 0.0814083717948718 0.4561575224358974 0.11417590384615384 0.45787479487179483 0.13347263141025642 0.44793358333333333
3 0.2898886762820513 0.6876983557692308 0.3292247435897436 0.6835012948717949 0.3342329198717949 0.6775051858974359 0.33767409935897436 0.6416987115384616 0.33126248076923076 0.6147637403846153 0.32534814743589746 0.6081952051282051 0.2752531185897436 0.608699125 0.2684392596153846 0.6192945352564103 0.2665584358974359 0.6551827852564103 0.2731336057692308 0.6789970384615385 0.2898886762820513 0.6876983557692308
3 0.26773198076923077 0.3939486923076923 0.22872301602564102 0.3919043173076923 0.21558594551282054 0.4037329871794872 0.20935114743589744 0.43313447756410256 0.2199465576923077 0.43994833653846155 0.26388192307692304 0.43755695833333336 0.2736529519230769 0.43024581410256413 0.27463424999999997 0.4115215128205128 0.26773198076923077 0.3939486923076923
3 0.392916467948718 0.15486017948717948 0.39792464423076923 0.14886407051282052 0.4011138653846154 0.08801008333333334 0.3888763205128205 0.0826748076923077 0.3761481282051282 0.08670168269230769 0.3726318044871795 0.15379710576923075 0.392916467948718 0.15486017948717948
2 0.3769040064102564 0.16184422435897436 0.370266967948718 0.22877609615384614 0.37774166025641026 0.23542640384615388 0.3886641730769231 0.23599883012820513 0.3988440737179487 0.22088589102564102 0.40154264423076924 0.1693940576923077 0.3927529198717949 0.15798089743589744 0.3769040064102564 0.16184422435897436
3 0.15707025641025643 0.20665041987179486 0.15123769871794873 0.19852152564102563 0.1120651826923077 0.1995978685897436 0.10713878205128206 0.2040336217948718 0.1064028076923077 0.21807684935897434 0.11371394871794872 0.227847875 0.1324382532051282 0.22882917307692305 0.15625250961538462 0.22225400641025642 0.15707025641025643 0.20665041987179486
2 0.34903417948717946 0.3950802692307692 0.3469898076923077 0.4340892371794872 0.38723203205128204 0.4424568205128205 0.4034080448717949 0.4323520576923077 0.40381028205128205 0.3948216762820513 0.3931330993589744 0.38956817628205126 0.3603655673076923 0.3878509006410256 0.34903417948717946 0.3950802692307692
2 0.1651704551282051 0.44020693269230765 0.19637762820512822 0.4418424294871795 0.20770901282051282 0.4346130608974359 0.2090991858974359 0.40808696474358974 0.20030945833333333 0.3966738044871795 0.17255010256410255 0.38896041987179486 0.14865407371794873 0.39709594871794873 0.14208554166666668 0.4030102820512821 0.14061359294871795 0.4310967403846154 0.15244225961538463 0.44423380769230764 0.1651704551282051 0.44020693269230765
3 0.6234738493589743 0.323407608974359 0.6293881826923077 0.32997614102564105 0.6945143717948717 0.341212483974359 0.705109782051282 0.348026342948718 0.7253944455128205 0.34908941666666665 0.7437916474358974 0.35631215064102567 0.7566016185897436 0.3507249134615385 0.7573375929487179 0.3366816858974359 0.7501082243589744 0.3253503012820513 0.6958227692307692 0.3162467435897436 0.6730715897435897 0.30253725 0.6417008685897435 0.3040224711538462 0.6270852147435898 0.3142090064102564 0.6234738493589743 0.323407608974359
2 0.3405030480769231 0.43844321153846155 0.34715335897435895 0.43096851923076923 0.33638776282051286 0.39754678846153846 0.3055894647435897 0.38810949679487183 0.2835808942307692 0.39008536538461536 0.2793153269230769 0.4117668365384615 0.28515452243589745 0.44962431730769237 0.3194006378205128 0.4529837243589743 0.3294987628205128 0.43943114743589745 0.3405030480769231 0.43844321153846155