3 0.09221283012820514 0.37352952564102565 0.12032069871794872 0.3725479775641026 0.1341565096153846 0.36581100961538465 0.14465110256410257 0.3529369102564103 0.1493704423076923 0.3089954391025641 0.12948672435897438 0.27685729487179483 0.09965371794871795 0.2732087275641026 0.06691573717948718 0.2759154166666667 0.0510474391025641 0.31399240705128206 0.049976663461538465 0.3281008717948718 0.05682269230769231 0.34505977884615385 0.09221283012820514 0.37352952564102565
3 0.2146084487179487 0.2519964455128205 0.24740095833333334 0.2508513044871795 0.26376003205128207 0.22682824679487182 0.2631601987179487 0.20965121794871797 0.24968626282051282 0.18197959294871796 0.21527767307692308 0.18161771474358973 0.199989375 0.1915323108974359 0.19401583333333333 0.19955817307692308 0.1949973814102564 0.22766603846153843 0.20329589743589743 0.2414473205128205 0.2146084487179487 0.2519964455128205
2 0.2712902115384615 0.5767786282051283 0.2592340705128205 0.5897072564102565 0.2620696538461538 0.6709077628205128 0.2671360128205128 0.6816750064102565 0.2816261891025641 0.6936766185897436 0.34463341987179485 0.7071108814102564 0.40551396474358975 0.659644766025641 0.4109967307692307 0.6375649711538462 0.40645584294871795 0.5970737788461538 0.396323125 0.5755392884615385 0.37035680769230767 0.5483039070512821 0.35608475 0.5425484903846154 0.31392295192307695 0.5440208108974358 0.2954024935897436 0.5509213685897435 0.27107208974358976 0.570532435897436 0.2712902115384615 0.5767786282051283
2 0.11308307371794872 0.5682322724358974 0.08962515384615385 0.612828108974359 0.09186090384615385 0.6768515833333334 0.11325163782051281 0.7073736506410256 0.14755116987179487 0.7046124326923077 0.1602616762820513 0.7104223814102564 0.1993003814102564 0.7090591185897436 0.23031322115384617 0.7017223173076923 0.2481793108974359 0.6760831794871794 0.2533348942307692 0.6446340961538461 0.25158991987179485 0.5946645544871795 0.24312781410256412 0.5761986282051281 0.2253509487179487 0.5596214326923077 0.19384733333333332 0.5529043012820514 0.13300148397435896 0.5565925384615384 0.11308307371794872 0.5682322724358974
2 0.8805913942307692 0.25062814102564107 0.8935745544871795 0.26424583012820513 0.9310517083333334 0.26293709935897436 0.9488831057692309 0.28107584294871796 0.9769909711538463 0.2800942948717949 0.9906631923076922 0.2686726826923077 0.9890818076923077 0.22338778525641026 0.9827265544871795 0.2204828108974359 0.9592488012820513 0.21973922115384617 0.9392213269230769 0.228255858974359 0.9260745769230769 0.20995352243589743 0.9010898076923076 0.2108260096153846 0.8842944903846154 0.2223566826923077 0.8805913942307692 0.25062814102564107
3 0.02692520512820513 0.07093619871794872 0.035005599358974356 0.07847128525641026 0.05385323717948717 0.08094001602564103 0.06897794551282051 0.06634077884615384 0.060134125 0.03694401602564103 0.06405534294871795 0.01491875 0.023455089743589744 0.016336541666666666 0.02692520512820513 0.07093619871794872
2 0.4433183012820513 0.6677053237179488 0.4639456121794872 0.6763657179487179 0.4858072852564103 0.6756022916666666 0.5018391762820513 0.6422099455128205 0.5129484647435897 0.5573955705128205 0.5106780192307693 0.5371499743589744 0.47761285576923074 0.5304873717948718 0.45736725961538466 0.5327578173076923 0.408542858974359 0.5672953012820513 0.40774473717948717 0.5892115064102564 0.41751557371794873 0.6451545897435897 0.4433183012820513 0.6677053237179488
2 0.3888425032051282 0.09269372115384615 0.4047306346153846 0.09995615705128205 0.4342909903846153 0.09579698076923077 0.4334185032051282 0.07081221153846154 0.4285157371794872 0.06472960897435898 0.40353096474358974 0.06560209615384616 0.3797260288461538 0.05548921794871795 0.36421960897435895 0.059157618589743596 0.36136916346153847 0.06707441987179487 0.36024385897435895 0.07962133653846154 0.36531021794871793 0.09038858012820512 0.3888425032051282 0.09269372115384615
3 0.8828965320512819 0.227095858974359 0.8822966987179487 0.20991882692307692 0.8741072435897436 0.19926064423076922 0.8335069903846155 0.2006784358974359 0.8275879807692308 0.21026584615384614 0.8268443910256411 0.23374359935897437 0.8351429038461539 0.2475248814102564 0.8634143653846155 0.25122797756410253 0.8756340961538461 0.24298399038461538 0.8828965320512819 0.227095858974359
3 0.8218325641025641 0.22453790064102563 0.8262990865384615 0.21812811858974357 0.8254265993589743 0.19314334615384615 0.8205783621794871 0.18862229487179485 0.7815941891025641 0.19154710256410257 0.7770731346153846 0.19639533974358975 0.7776729711538461 0.2135723685897436 0.7841372852564102 0.2196004391025641 0.8063806730769231 0.22976784935897435 0.8218325641025641 0.22453790064102563
3 0.470975 0.2508611891025641 0.4794371057692307 0.2693271153846154 0.537506875 0.32045665705128207 0.5719154647435898 0.32081853525641024 0.587312826923077 0.31402703525641024 0.6280023044871795 0.2703929134615385 0.625330310897436 0.19387705448717948 0.5990368076923077 0.15727238461538462 0.5846011634615385 0.14683232051282052 0.5562751730769231 0.14156767628205127 0.5174545897435897 0.1491771314102564 0.494685733974359 0.16873366666666664 0.4708461025641026 0.20239866666666667 0.470975 0.2508611891025641