3 0.7133665192307692 0.5273704775641026 0.7001340064102565 0.517331576923077 0.6767535993589744 0.5189664935897436 0.6647200256410256 0.5260732243589744 0.6671179038461538 0.5603644903846153 0.6724479519230769 0.5693896698717948 0.7098566057692307 0.5667738012820512 0.7182278173076923 0.5520915897435897 0.7133665192307692 0.5273704775641026
2 0.8530826282051283 0.37506586858974356 0.8686695641025641 0.37397592307692307 0.8865781602564103 0.3836878397435897 0.9053914807692308 0.38393859935897434 0.9149944006410257 0.3644713141025641 0.9125637532051283 0.3521107564102564 0.9028846057692308 0.348088641025641 0.8840712852564102 0.3478378814102564 0.8742831442307692 0.3422570737179487 0.8540201249999999 0.3436740032051282 0.8466626346153847 0.35045375 0.846411875 0.36926707051282054 0.8530826282051283 0.37506586858974356
3 0.924858766025641 0.3935415224358974 0.9405546987179486 0.3940102724358975 0.9632483685897437 0.40495390064102565 0.980394 0.4037549615384615 0.9923185801282051 0.3950895352564102 0.990465673076923 0.3685917403846154 0.984012907051282 0.3659103301282051 0.9620822019230769 0.3658775608974359 0.9394975256410256 0.356492625 0.9224608878205128 0.3592502596153846 0.9166620897435899 0.3659210128205128 0.9182970064102565 0.38930141987179484 0.924858766025641 0.3935415224358974
3 0.556189201923077 0.5195655993589744 0.5826869967948718 0.5177126955128205 0.5885947884615385 0.5126006346153846 0.5985246955128205 0.4978094294871795 0.5983394775641026 0.4727613333333333 0.5776732499999999 0.44601277884615387 0.5661084262820513 0.43742357692307693 0.5505214871794872 0.4385135224358974 0.5282310256410256 0.4557353782051282 0.5298331730769231 0.5010464935897436 0.5369399038461539 0.5130800641025641 0.556189201923077 0.5195655993589744
2 0.6564905801282052 0.520383423076923 0.6217633365384615 0.5165465256410257 0.6129561474358974 0.5249939615384616 0.6129233749999999 0.5469246698717949 0.6222427660256411 0.5682014102564102 0.6412740769230769 0.5715695576923077 0.660992125 0.5623591602564103 0.6638152980769231 0.5355343814102564 0.6564905801282052 0.520383423076923
2 0.5662067403846154 0.3716314519230769 0.5565275929487179 0.36760933653846156 0.5287980865384616 0.3742473205128205 0.5316319423076923 0.41477335897435896 0.5441014935897436 0.4139014038461538 0.5499002916666667 0.40723065064102565 0.5751663782051282 0.4101628205128205 0.5732044743589744 0.3821063301282051 0.5662067403846154 0.3716314519230769
3 0.3922442692307692 0.12378772435897435 0.3950453557692307 0.18624447435897434 0.39693103525641027 0.1908115608974359 0.41585334935897433 0.1926210128205128 0.4200934519230769 0.18605925641025642 0.41606065705128203 0.12838758333333333 0.41261628525641025 0.12392949038461538 0.3922442692307692 0.12378772435897435
2 0.48174233333333333 0.5748935288461539 0.49812500320512815 0.5627837307692308 0.499716467948718 0.5407440288461539 0.4873886826923077 0.5212439711538461 0.4454129455128205 0.525745516025641 0.4503504679487179 0.5739560288461539 0.48174233333333333 0.5748935288461539
2 0.5203392435897436 0.5220724743589744 0.5078696923076923 0.5229444294871795 0.5011661698717949 0.5390763397435898 0.5016783685897436 0.568800516025641 0.5100168108974359 0.5760490128205128 0.5218323942307693 0.5658248942307692 0.5268682307692308 0.5482432852564103 0.5255602980769231 0.5295389583333333 0.5203392435897436 0.5220724743589744
3 0.04875316025641026 0.38588691346153847 0.07090185576923078 0.3890370737179487 0.17224972435897437 0.3600217243589744 0.18083892628205128 0.34845690064102564 0.18018496153846156 0.3391047371794872 0.16872913141025642 0.33207422756410254 0.14745239102564103 0.34139362179487176 0.1253036923076923 0.3382434615384615 0.11203841025641026 0.3501352692307692 0.09289810576923077 0.34520842948717945 0.08086453205128205 0.35231516025641024 0.054475733974358974 0.35572675961538464 0.04555954807692308 0.3626155032051282 0.04875316025641026 0.38588691346153847
2 0.4101742275641026 0.26820127884615386 0.42108508333333333 0.2674383173076923 0.4253251891025641 0.26087655769230766 0.42107440384615386 0.2000875 0.3974760064102564 0.19860502884615383 0.4015088012820513 0.25627670192307694 0.4101742275641026 0.26820127884615386
3 0.5335069391025641 0.3519896282051282 0.526367435897436 0.3618867628205128 0.5255717051282052 0.3729066153846154 0.5641030737179487 0.36394697756410255 0.5584460416666667 0.35024571794871795 0.5335069391025641 0.3519896282051282
3 0.6198349326923077 0.24257616666666665 0.6192571891025641 0.2567134038461539 0.6275956314102563 0.2639619006410256 0.6466269391025641 0.26733004807692307 0.6635545833333334 0.2630137211538462 0.6622466506410257 0.2443093974358974 0.6556848910256411 0.24006929166666666 0.6198349326923077 0.24257616666666665