2 0.4639561025641025 1 0.5486261826923077 0.9970432564102564 0.5712314455128205 0.972802076923077 0.5684503942307693 0.8931631185897436 0.5599337564102564 0.8731356474358974 0.5438275 0.859627016025641 0.4553992532051282 0.8345728557692308 0.43822222435897434 0.8351726923076922 0.4002195993589744 0.8662053685897436 0.39747821794871796 0.8772452660256409 0.3764890288461539 0.9029934647435898 0.3713879775641025 0.9360040961538462 0.3856214519230769 1 0.4639561025641025 1
2 0.5751625480769231 0.7272027692307692 0.517385266025641 0.7292203974358974 0.4836855737179487 0.7491586474358974 0.47190208333333333 0.769895016025641 0.46652837820512816 0.795097907051282 0.46287981410256407 0.8249309134615385 0.467837108974359 0.8325750641025641 0.49008049679487176 0.8427424743589744 0.540486282051282 0.8534898846153846 0.5564289455128205 0.8623138685897436 0.5699028814102564 0.8899854935897437 0.5875161538461539 0.9018780448717948 0.6075981570512821 0.8949229551282051 0.6179291602564103 0.8773642115384616 0.6358299455128205 0.8079471955128205 0.6400585128205127 0.7499517916666667 0.621627282051282 0.7146360192307692 0.59411925 0.7327945961538461 0.5751625480769231 0.7272027692307692
3 0.1776964326923077 0.31426008333333333 0.15416414743589746 0.3119549455128205 0.13747789423076925 0.32660871474358977 0.13829584935897435 0.3500319358974359 0.15138807051282052 0.3667727211538461 0.18261903205128205 0.3656821121794872 0.18864710576923077 0.35921779807692306 0.18944522435897435 0.3373015929487179 0.1776964326923077 0.31426008333333333
3 0.23598432371794872 0.3716358173076923 0.3360869967948718 0.3728305128205128 0.35438933333333333 0.35968376282051284 0.3620681762820513 0.3109485865384615 0.3535515384615385 0.2909211121794872 0.334213125 0.2743984487179487 0.3089557019230769 0.2674631955128205 0.26679390384615387 0.26893551602564103 0.23912227884615384 0.2824094519230769 0.23046188782051283 0.3030367596153846 0.2295547051282051 0.3218298685897436 0.22946547756410254 0.36404619871794874 0.23598432371794872 0.3716358173076923
3 0.6863794198717948 0.28555231730769226 0.6529523782051282 0.3132983044871795 0.6507017692307693 0.3383921378205128 0.6562589038461538 0.3632133173076923 0.6709126698717949 0.37989957051282053 0.7693447371794873 0.37802570192307694 0.8007392916666667 0.3816197371794872 0.8147932243589744 0.38112896153846154 0.8192597467948718 0.3747191762820513 0.824687983974359 0.3510778333333333 0.8236519038461539 0.32140841987179486 0.816860407051282 0.3060110576923077 0.7893325384615384 0.27883020833333333 0.7654185416666667 0.265594233974359 0.7201336442307693 0.2671756153846154 0.6863794198717948 0.28555231730769226
3 0.9947529775641026 0.3857887948717949 0.9912084967948718 0.28428816346153846 0.9800050064102565 0.27686213782051283 0.9407481794871796 0.2719792051282051 0.8766701762820512 0.27265340705128205 0.8373786538461538 0.31154835576923073 0.8306615224358975 0.3430519711538461 0.8320247852564102 0.38209067628205123 0.8556661282051282 0.3875189102564103 0.987054298076923 0.3891845448717949 0.9947529775641026 0.3857887948717949
3 0.7064217564102565 0.1879183717948718 0.6952727948717949 0.18205389423076923 0.6517130384615384 0.18826539102564102 0.645684967948718 0.19472970512820512 0.6463938621794871 0.21502983012820515 0.6512420993589744 0.2195508846153846 0.6934039006410256 0.21807856089743588 0.7072397115384615 0.21134159615384618 0.7064217564102565 0.1879183717948718
2 0.6303769006410257 0.6517923782051281 0.5940795801282052 0.6421157435897437 0.5568205448717949 0.6496706666666666 0.5308740608974359 0.6677747147435897 0.5132806217948718 0.701221592948718 0.5142621698717948 0.7293294583333333 0.5501777788461538 0.7280752596153847 0.5879275865384616 0.7345742692307693 0.6442176858974359 0.7795121474358974 0.6573991314102564 0.7540366025641025 0.6637890801282051 0.7131636955128204 0.6697626217948718 0.7051378333333334 0.6676012371794872 0.6880153365384616 0.6625348814102564 0.6772480897435897 0.6545635480769231 0.6728360961538461 0.665112673076923 0.661523548076923 0.6676359326923077 0.6442374551282051 0.6531457564102564 0.6322358461538462 0.6303769006410257 0.6517923782051281
3 0.19320285256410258 0.3105916826923077 0.18884539102564102 0.32012456410256407 0.19429346153846153 0.34182264743589746 0.19919622756410257 0.3479052467948718 0.21788027564102563 0.34568933333333335 0.22755691346153845 0.3093920128205128 0.22265414743589743 0.30330941346153845 0.19320285256410258 0.3105916826923077
2 0.6389232564102564 0.4935852403846154 0.6254146282051283 0.5096914967948718 0.6246165064102563 0.5316077019230769 0.6188065576923076 0.5443182083333333 0.6065868237179487 0.5525621923076923 0.6027746666666667 0.5777105544871795 0.6747694743589744 0.579886798076923 0.6827953365384616 0.5858603397435898 0.6791417948717948 0.4812366121794872 0.6389232564102564 0.4935852403846154
2 0.6194460641025641 0.652174092948718 0.6459923814102564 0.6512470737179488 0.6587028878205128 0.6570570224358975 0.671795108974359 0.673797810897436 0.6796028493589744 0.673525157051282 0.6852492083333334 0.6561300064102564 0.6828498685897436 0.5874218878205129 0.6764400833333334 0.5829553653846153 0.6059522948717949 0.5791630416666667 0.596801125 0.5857364166666666 0.577646141025641 0.6192378237179488 0.573670391025641 0.6397015416666667 0.6194460641025641 0.652174092948718
3 0.37060464743589744 0.3763154871794872 0.4001650032051282 0.3721563108974359 0.4831451762820513 0.375512391025641 0.4951467884615384 0.36102221153846153 0.4915130833333333 0.30173791346153844 0.470340467948718 0.27746203846153844 0.4545068653846154 0.27176115064102563 0.4185367275641026 0.2714538044871795 0.3859623365384615 0.2788451346153846 0.37234464743589746 0.29182829487179485 0.35680353205128207 0.3392745737179487 0.3560599423076923 0.3627523269230769 0.37060464743589744 0.3763154871794872