2 0.4890625 0.6921875000000001 0.4859375 0.7125 0.4109375 0.7140624999999999 0.3875 0.7312500000000001 0.37656249999999997 0.7546875000000001 0.375 0.790625 0.421875 0.8234375 0.4375 0.85 0.4515625 0.85 0.45625 0.8625 0.4625 0.8640625 0.478125 0.8625 0.50625 0.85 0.5171875 0.8265625 0.5171875 0.8078124999999999 0.5125000000000001 0.790625 0.509375 0.6828124999999999 0.5046875000000001 0.6765625000000001 0.4890625 0.6921875000000001
2 0.4234375 0.89375 0.425 0.84375 0.415625 0.825 0.39218749999999997 0.8046875 0.33749999999999997 0.7875 0.30624999999999997 0.7921874999999999 0.28750000000000003 0.8078124999999999 0.2859375 0.8234375 0.2609375 0.8703125 0.2625 0.8921875 0.2734375 0.9015625 0.27968750000000003 0.915625 0.2921875 0.9234375 0.29375 0.9421875 0.30312500000000003 0.953125 0.31093750000000003 0.95625 0.32656250000000003 0.946875 0.3359375 0.946875 0.325 0.9671875 0.3484375 0.96875 0.39375 0.95625 0.40468750000000003 0.94375 0.4234375 0.89375
2 0.46875 0.31093750000000003 0.48125 0.3171875 0.5125000000000001 0.3078125 0.53125 0.31406249999999997 0.5515625000000001 0.3125 0.5609375 0.296875 0.5609375 0.2859375 0.5484375 0.26406250000000003 0.5187499999999999 0.26875 0.5125000000000001 0.2765625 0.4984375 0.26875 0.4734375 0.26875 0.4671875 0.2765625 0.46875 0.31093750000000003
3 0.7421875 0.403125 0.7000000000000001 0.40625 0.68125 0.4125 0.6515624999999999 0.44375 0.6484375 0.4625 0.63125 0.5 0.625 0.540625 0.6359374999999999 0.5484375 0.6875 0.571875 0.709375 0.5750000000000001 0.7453124999999999 0.5921875 0.7875 0.6046874999999999 0.80625 0.6046874999999999 0.821875 0.59375 0.83125 0.5812499999999999 0.853125 0.5265624999999999 0.846875 0.4890625 0.8156249999999999 0.4265625 0.7921874999999999 0.4125 0.7421875 0.403125
3 0.48125 0.446875 0.4796875 0.4875 0.4890625 0.4984375 0.625 0.5421874999999999 0.63125 0.5375 0.63125 0.4953125 0.6484375 0.4625 0.65625 0.425 0.63125 0.3859375 0.6171875 0.37656249999999997 0.5921875 0.371875 0.55625 0.38125000000000003 0.5125000000000001 0.40625 0.4875 0.43125 0.48125 0.446875
2 0.240625 0.88125 0.21875 0.8703125 0.2046875 0.8703125 0.16874999999999998 0.8875 0.09999999999999999 0.9375 0.09999999999999999 0.9984375 0.2859375 0.9984375 0.2859375 0.9296875 0.278125 0.9125 0.240625 0.88125
3 0.1875 0.3984375 0.2171875 0.40625 0.2359375 0.4171875 0.2609375 0.4171875 0.26875 0.38437499999999997 0.28750000000000003 0.35000000000000003 0.31093750000000003 0.32968749999999997 0.31093750000000003 0.325 0.2921875 0.3125 0.246875 0.3015625 0.2265625 0.3015625 0.19375 0.3234375 0.1875 0.35000000000000003 0.1875 0.3984375
3 0.3984375 0.27499999999999997 0.37656249999999997 0.27499999999999997 0.36874999999999997 0.28281249999999997 0.3671875 0.29062499999999997 0.371875 0.296875 0.39999999999999997 0.30624999999999997 0.4109375 0.3046875 0.4109375 0.28281249999999997 0.3984375 0.27499999999999997
3 0.975 0.209375 0.9984375 0.20625 0.9984375 0.16874999999999998 0.975 0.16874999999999998 0.9640625 0.178125 0.965625 0.203125 0.975 0.209375
3 0.45625 0.27499999999999997 0.44375 0.2703125 0.4171875 0.27499999999999997 0.415625 0.296875 0.421875 0.30624999999999997 0.4375 0.31093750000000003 0.4578125 0.309375 0.4625 0.28281249999999997 0.45625 0.27499999999999997
2 0.6531250000000001 0.5921875 0.6203124999999999 0.59375 0.61875 0.6984374999999999 0.6234375 0.7109375 0.63125 0.7109375 0.6390625 0.7062499999999999 0.6421875 0.696875 0.6453125000000001 0.7062499999999999 0.665625 0.696875 0.6687500000000001 0.6875 0.6609375000000001 0.6875 0.65625 0.6796875 0.6734375 0.665625 0.6828124999999999 0.6359374999999999 0.6734375 0.6124999999999999 0.6531250000000001 0.5921875