3 0.8213052660256411 0.45821435576923075 0.8191253461538461 0.4270400801282051 0.7785991057692307 0.429873951923077 0.7807790224358975 0.4610482275641026 0.8213052660256411 0.45821435576923075
2 0.993786375 0.5056730897435897 0.9887726410256411 0.4339733717948718 0.9295416762820512 0.4381152051282052 0.9345554070512819 0.509814923076923 0.993786375 0.5056730897435897
3 0.6284635801282051 0.47796401923076925 0.6238858525641026 0.41249948076923076 0.536599 0.418603173076923 0.5411767243589743 0.4840677115384615 0.6284635801282051 0.47796401923076925
3 0.783810092948718 0.36998977884615386 0.7820661826923077 0.34505067628205127 0.7602438685897436 0.346576641025641 0.7619877788461539 0.3715157435897436 0.783810092948718 0.36998977884615386
3 0.8817784230769231 0.5166382788461539 0.8789445512820513 0.47611204166666665 0.8353007243589744 0.4791639166666667 0.8381345961538462 0.5196901538461538 0.8817784230769231 0.5166382788461539
2 0.5387131442307692 0.4936384775641026 0.5323914519230769 0.4032340352564103 0.4544565608974359 0.40868377243589743 0.4607782564102564 0.4990882179487179 0.5387131442307692 0.4936384775641026
3 0.7568433621794872 0.3875388301282051 0.7381386378205128 0.3888467916666667 0.7405365 0.4231378557692308 0.756123641025641 0.42204789743589743 0.7590232243589744 0.4187123044871795 0.7568433621794872 0.3875388301282051
4 0.5183954423076923 0.4984454903846154 0.5327673269230769 0.48537258974358977 0.5308861794871795 0.4814814903846154 0.5219114807692308 0.4796954775641025 0.47365075320512817 0.47985208653846156 0.47603575961538463 0.49094870192307694 0.4730012596153846 0.4935744807692308 0.47974207051282053 0.4979302852564103 0.4943210608974359 0.4993244070512821 0.5183954423076923 0.4984454903846154
4 0.48184166987179483 0.4704295128205129 0.5342174358974359 0.47159421153846154 0.5380525480769232 0.4689124519230769 0.5415126025641026 0.44936182692307686 0.5408967756410257 0.4405550833333333 0.5326835384615384 0.42664790384615386 0.5201704807692308 0.4202821474358974 0.5063361185897436 0.4180314294871795 0.48483153205128204 0.42114423397435896 0.47178095192307695 0.43010209935897437 0.4599788557692308 0.4454088878205128 0.46223506089743593 0.4661688461538462 0.48184166987179483 0.4704295128205129
2 0.906543685897436 0.33321352884615385 0.9085055993589745 0.36127021794871794 0.9365614871794872 0.359308358974359 0.9394610737179487 0.35597276602564104 0.9392431282051282 0.35285598076923075 0.9421427083333334 0.3495203878205128 0.9408347467948718 0.33081566346153846 0.906543685897436 0.33321352884615385
4 0.41322970512820517 0.46718204807692304 0.4470234102564103 0.4672325480769231 0.4526445352564103 0.4555760865384615 0.4500355929487179 0.44127701923076923 0.4446160865384615 0.4328061794871795 0.4335363012820513 0.4239266153846154 0.40581159615384615 0.41862456730769226 0.4013438205128205 0.42376415384615385 0.3903086762820513 0.46154409294871795 0.38909933974358973 0.4672603525641026 0.393326342948718 0.4701828846153846 0.41322970512820517 0.46718204807692304
4 0.40239617628205127 0.4848346923076923 0.4167343974358974 0.4942909294871795 0.42474053205128204 0.4937310865384615 0.4268064615384615 0.4887594551282052 0.4403609038461539 0.48700710897435895 0.4432274487179488 0.4819794903846154 0.4406016762820513 0.47894499038461535 0.42767989423076924 0.47823951602564096 0.42395675 0.4825225032051282 0.41274816666666664 0.48330628205128207 0.40200428846153846 0.4792303974358974 0.3996584326923077 0.48019896794871797 0.40239617628205127 0.4848346923076923
4 0.36738216025641024 0.42131181410256413 0.3488560897435898 0.4209982243589744 0.33392435897435896 0.42606499679487175 0.318695875 0.438393266025641 0.3175985096153846 0.4457107532051282 0.3212320032051282 0.46315629166666666 0.32408171794871793 0.4693932435897436 0.33076654487179485 0.4729484358974359 0.3269314294871795 0.47563019551282054 0.32652270833333336 0.4812904743589744 0.33274282692307694 0.4897053269230769 0.356296516025641 0.4928854615384615 0.3690503461538462 0.49118909935897437 0.37677655448717945 0.4866261891025641 0.3715978173076923 0.47009323397435904 0.383657516025641 0.43545976282051285 0.38229705769230765 0.42750961217948724 0.36738216025641024 0.42131181410256413