3 0.30156259935897434 0.521354467948718 0.30156259935897434 0.48697886538461543 0.26093740064102566 0.48697886538461543 0.26093740064102566 0.521354467948718 0.30156259935897434 0.521354467948718
2 0.8703121987179486 0.571354467948718 0.8703121987179486 0.5526040673076923 0.8734374006410257 0.5494788653846154 0.8734374006410257 0.5244788653846154 0.8296878012820513 0.5244788653846154 0.8296878012820513 0.571354467948718 0.8515625993589743 0.571354467948718 0.8546878012820514 0.5744788653846153 0.8640625993589744 0.5744788653846153 0.8671878012820512 0.571354467948718 0.8703121987179486 0.571354467948718
2 0.7265625993589744 0.49947886538461533 0.7671878012820513 0.49947886538461533 0.7703121987179486 0.49635446794871796 0.7703121987179486 0.4651040673076923 0.7265625993589744 0.4651040673076923 0.7265625993589744 0.49947886538461533
3 0.4046878012820513 0.5151040673076923 0.4046878012820513 0.48385446794871795 0.37343740064102565 0.48385446794871795 0.37343740064102565 0.5151040673076923 0.4046878012820513 0.5151040673076923
2 0.9640625993589743 0.44635446794871797 0.9640625993589743 0.41510406730769234 0.9328121987179486 0.41510406730769234 0.9328121987179486 0.44635446794871797 0.9640625993589743 0.44635446794871797
2 0.9953121987179486 0.7276040673076923 0.9953121987179486 0.6494788653846154 0.9296878012820512 0.6494788653846154 0.9296878012820512 0.7276040673076923 0.9953121987179486 0.7276040673076923
2 0.6390625993589744 0.5401040673076923 0.6390625993589744 0.49947886538461533 0.5953121987179487 0.49947886538461533 0.5953121987179487 0.5401040673076923 0.6390625993589744 0.5401040673076923
3 0.6921878012820513 0.6651040673076923 0.6921878012820513 0.5994788653846154 0.6328121987179488 0.5994788653846154 0.6328121987179488 0.6651040673076923 0.6921878012820513 0.6651040673076923
2 0.9171878012820514 0.5307292660256411 0.9171878012820514 0.47135446794871794 0.8421878012820512 0.47135446794871794 0.8421878012820512 0.5307292660256411 0.9171878012820514 0.5307292660256411
2 0.9953121987179486 0.49635446794871796 0.9953121987179486 0.458854467948718 0.9609374006410257 0.458854467948718 0.9609374006410257 0.49635446794871796 0.9953121987179486 0.49635446794871796
2 0.6921878012820513 0.49635446794871796 0.6921878012820513 0.458854467948718 0.6546878012820513 0.458854467948718 0.6546878012820513 0.49635446794871796 0.6921878012820513 0.49635446794871796
2 0.43906259935897435 0.6588544679487179 0.49218780128205125 0.6588544679487179 0.49531219871794874 0.6557292660256411 0.49531219871794874 0.5932292660256411 0.43906259935897435 0.5932292660256411 0.43906259935897435 0.6588544679487179
3 0.7484374006410257 0.43385446794871796 0.7734374006410256 0.43385446794871796 0.7765625993589743 0.430729266025641 0.7765625993589743 0.40885446794871794 0.7484374006410257 0.40885446794871794 0.7484374006410257 0.43385446794871796
3 0.5390625993589744 0.543229266025641 0.5390625993589744 0.5401040673076923 0.47343740064102563 0.5401040673076923 0.47343740064102563 0.618229266025641 0.5390625993589744 0.618229266025641 0.5390625993589744 0.5963544679487179 0.5359374006410257 0.5932292660256411 0.5359374006410257 0.5463544679487179 0.5390625993589744 0.543229266025641
2 0.7948717948717948 0.5288461538461539 0.8076923076923077 0.5384615384615384 0.8076923076923077 0.5544871794871795 0.8044871794871795 0.5576923076923077 0.8044871794871795 0.5608974358974359 0.7948717948717948 0.5673076923076923 0.7852564102564102 0.5673076923076923 0.782051282051282 0.5641025641025641 0.7788461538461539 0.5641025641025641 0.7692307692307693 0.5512820512820513 0.7692307692307693 0.5448717948717948 0.7724358974358975 0.5416666666666666 0.7724358974358975 0.5384615384615384 0.782051282051282 0.5288461538461539 0.7916666666666666 0.5288461538461539
2 0.6934189391025641 0.5831995705128206 0.6861958269230769 0.575173891025641 0.6677367564102564 0.5671482083333333 0.6637239166666666 0.5671482083333333 0.6404494391025641 0.5783841634615384 0.6396468685897436 0.6080791858974359 0.6661316217948718 0.6032637788461539 0.6902086666666667 0.6169074358974359 0.6934189391025641 0.6112894583333333 0.6934189391025641 0.5831995705128206
2 0.7030497596153846 0.42669876923076927 0.7078651698717949 0.4283039070512821 0.7070625993589744 0.43151417948717946 0.7126805769230768 0.43873729166666664 0.7247191025641025 0.44194756410256414 0.7343499198717949 0.4403424294871795 0.7399678974358974 0.43392188461538456 0.7407704647435898 0.421883358974359 0.7327447820512821 0.41385767948717944 0.7231139647435898 0.413055108974359 0.7118780096153846 0.4178705192307692 0.7054574647435897 0.42669876923076927 0.7054574647435897 0.4226859294871795 0.6982343493589743 0.41385767948717944 0.6894060993589743 0.41144997435897435 0.6878009615384615 0.41144997435897435 0.682182983974359 0.413055108974359 0.6749598717948718 0.42027822435897433 0.6749598717948718 0.43392188461538456 0.6805778493589744 0.43873729166666664 0.6982343493589743 0.43713215705128206 0.7030497596153846 0.42669876923076927
2 0.4654895673076923 0.4379347243589744 0.4711075448717949 0.4323167467948718 0.47191011217948714 0.421883358974359 0.46308186217948716 0.413055108974359 0.4590690224358974 0.413055108974359 0.4494382019230769 0.41546281410256414 0.44462279166666663 0.4242910641025641 0.4454253621794872 0.430711608974359 0.4526484743589744 0.43873729166666664 0.45666131730769227 0.4395398621794872 0.4654895673076923 0.4379347243589744
2 0.6260032115384616 0.4162653814102564 0.6235955064102564 0.404226858974359 0.6179775288461539 0.40021401923076927 0.6139646858974359 0.40021401923076927 0.6059390064102563 0.40021401923076927 0.6011235961538463 0.40904226923076925 0.6019261634615385 0.4178705192307692 0.6091492788461539 0.4250936314102564 0.6219903685897435 0.4242910641025641 0.6260032115384616 0.4162653814102564
2 0.4807383621794871 0.4066345641025641 0.48234350000000004 0.40181915384615385 0.47512038461538464 0.3873729262820513 0.4727126794871795 0.386570358974359 0.469502407051282 0.386570358974359 0.4638844294871795 0.3905831987179487 0.46308186217948716 0.3994114487179487 0.469502407051282 0.3994114487179487 0.4654895673076923 0.40101658653846156 0.4670947019230769 0.4058319967948718 0.4807383621794871 0.4066345641025641
2 0.5818619583333333 0.3986088814102564 0.577046548076923 0.3986088814102564 0.5690208653846154 0.40101658653846156 0.5650080256410256 0.40904226923076925 0.5666131634615384 0.41546281410256414 0.5730337083333333 0.4178705192307692 0.5818619583333333 0.41706795192307694 0.5818619583333333 0.3986088814102564
2 0.9438202243589743 0.7204387371794871 0.9534510448717948 0.7260567147435898 0.9727126794871795 0.7292669871794871 0.9767255224358974 0.7284644198717949 0.9711075448717948 0.7244515769230769 0.97351525 0.722043875 0.9839486346153847 0.7212413044871795 0.9919743173076924 0.7244515769230769 0.99117175 0.7276618525641025 0.9871589070512821 0.7260567147435898 0.9839486346153847 0.7284644198717949 0.9863563397435897 0.730872125 0.9991974326923077 0.730872125 0.9991974326923077 0.667469233974359 0.9871589070512821 0.6570358493589743 0.9598715897435898 0.6538255737179488 0.9574638846153846 0.6538255737179488 0.9454253621794871 0.6554307115384616 0.9398073846153846 0.658640983974359 0.9325842692307693 0.6690743717948718 0.9293739967948719 0.6859283044871796 0.9325842692307693 0.7051899423076923 0.9438202243589743 0.7204387371794871
3 0.7038523269230769 0.3889780641025641 0.6966292147435897 0.3849652211538462 0.6837881217948718 0.3873729262820513 0.6813804166666666 0.3905831987179487 0.6829855544871796 0.404226858974359 0.6878009615384615 0.4066345641025641 0.7006420544871795 0.4058319967948718 0.7054574647435897 0.39620117628205126 0.7038523269230769 0.3889780641025641
3 0.4149277692307692 0.37613697115384614 0.40770465384615384 0.37613697115384614 0.4020866762820513 0.38175494871794874 0.4020866762820513 0.3905831987179487 0.40690208653846155 0.39379347115384616 0.41733547435897433 0.39299090384615387 0.4213483141025641 0.386570358974359 0.41974317948717943 0.3785446762820513 0.4149277692307692 0.37613697115384614
3 0.6147672564102564 0.36570358333333336 0.6059390064102563 0.3665061538461538 0.6019261634615385 0.3729266987179487 0.6011235961538463 0.37613697115384614 0.6059390064102563 0.38336008653846154 0.620385233974359 0.3809523814102564 0.6219903685897435 0.37774210897435895 0.6195826634615385 0.36971642628205126 0.6147672564102564 0.36570358333333336
3 0.5561797756410256 0.3640984487179487 0.548154092948718 0.3640984487179487 0.5433386826923077 0.36811128846153846 0.5425361153846153 0.37613697115384614 0.5473515256410256 0.3809523814102564 0.5553772083333334 0.3809523814102564 0.5617977532051283 0.3769395384615385 0.5617977532051283 0.3705189935897436 0.5561797756410256 0.3640984487179487
3 0.5032102724358974 0.3608881762820513 0.49759229487179485 0.36490101602564107 0.4967897275641025 0.3705189935897436 0.5008025673076923 0.37613697115384614 0.5096308173076923 0.3769395384615385 0.5152487948717949 0.37372926602564105 0.5112359551282051 0.3624933108974359 0.5032102724358974 0.3608881762820513
3 0.46629213461538466 0.3584804711538461 0.460674157051282 0.3584804711538461 0.45666131730769227 0.36169074358974357 0.45585874679487176 0.36891385897435897 0.460674157051282 0.37372926602564105 0.4678972724358974 0.37372926602564105 0.47351525000000005 0.36971642628205126 0.47030497435897434 0.3608881762820513 0.46629213461538466 0.3584804711538461