2 0.5261437916666666 0.7748366025641026 0.5258169935897435 0.7767973846153846 0.529738560897436 0.7787581698717948 0.539869282051282 0.779084967948718 0.5372549006410257 0.7764705897435897 0.529738560897436 0.7745098044871795 0.5261437916666666 0.7748366025641026
4 0.19607843269230768 0.649019608974359 0.2111111121794872 0.6457516346153847 0.25457516346153847 0.6287581698717949 0.26830065384615387 0.6192810448717949 0.270588233974359 0.6163398685897435 0.27352941025641025 0.5986928108974359 0.2725490192307692 0.5950980384615385 0.2689542467948718 0.5944444455128205 0.2689542467948718 0.5866013076923077 0.2725490192307692 0.5816993461538461 0.2738562083333333 0.5754901955128205 0.27189542628205127 0.5493464038461539 0.2692810448717949 0.5428104583333333 0.2620915032051282 0.5346405224358974 0.24346405128205129 0.5225490192307692 0.2212418301282051 0.5140522884615384 0.21666666666666665 0.5137254903846153 0.20653594871794873 0.5147058814102564 0.16830065384615386 0.5245098044871795 0.1542483653846154 0.5316993461538462 0.14411764743589744 0.5388888878205128 0.140522875 0.5441176474358974 0.13562091346153846 0.559150326923077 0.1349673205128205 0.5728758173076923 0.13758169871794873 0.6006535961538462 0.14019607692307692 0.6120915032051282 0.14313725641025643 0.6147058814102564 0.14705882371794873 0.6235294102564103 0.19607843269230768 0.649019608974359
4 0.5163398685897436 0.4964052275641026 0.5186274519230769 0.5058823525641026 0.5205882339743589 0.508169935897436 0.5225490192307692 0.5088235288461538 0.5336601314102564 0.5068627435897436 0.5382352948717949 0.5078431378205128 0.539869282051282 0.510457516025641 0.5437908493589744 0.5084967307692307 0.5545751634615385 0.5078431378205128 0.5552287596153845 0.5049019615384616 0.5535947724358974 0.5019607852564102 0.5571895416666667 0.4931372564102564 0.561437907051282 0.4915032692307692 0.5650326794871795 0.4918300641025641 0.5607843141025641 0.49084967307692307 0.561437907051282 0.4869281057692308 0.5598039230769231 0.48464052243589745 0.5607843141025641 0.4826797371794872 0.5692810448717949 0.480392157051282 0.5683006538461539 0.46339869230769226 0.5493464038461539 0.46241830128205125 0.5424836602564103 0.4581699358974359 0.5421568621794872 0.4545751634615384 0.5444444455128206 0.4522875801282051 0.5369281057692308 0.44869281089743585 0.529411766025641 0.4483660128205128 0.5248366025641026 0.45032679807692305 0.5052287596153846 0.4506535961538462 0.5009803910256411 0.45196078525641026 0.49575163461538463 0.45784313782051284 0.49705882371794874 0.46241830128205125 0.5111111121794872 0.4712418301282052 0.5143790865384615 0.47614379166666665 0.5156862756410256 0.479411766025641 0.5147058814102564 0.48300653525641024 0.5163398685897436 0.4964052275641026
4 0.5692810448717949 0.4437908493589744 0.5980392147435898 0.4627450993589744 0.5973856217948718 0.46993464102564103 0.5990196089743589 0.47843137179487183 0.6029411762820513 0.4751633974358974 0.6084967307692307 0.4767973846153846 0.6137254903846153 0.4764705897435898 0.6235294102564103 0.4732026153846154 0.6225490192307692 0.470588233974359 0.6235294102564103 0.468627451923077 0.6205882339743589 0.4653594775641026 0.6199346410256411 0.4617647051282051 0.6156862756410256 0.4552287596153846 0.600980391025641 0.4362745096153846 0.5954248365384616 0.43137254807692305 0.5856209134615386 0.4323529423076923 0.5816993461538461 0.4349673205128205 0.559477125 0.4418300641025641 0.5535947724358974 0.4408496730769231 0.5467320256410256 0.4424836602564102 0.5444444455128206 0.4431372564102564 0.5526143782051282 0.44575163461538464 0.5532679743589743 0.4470588237179487 0.5549019615384615 0.4447712403846154 0.5598039230769231 0.4431372564102564 0.5692810448717949 0.4437908493589744
6 0.5715686282051282 0.46143790705128207 0.5640522884615385 0.46633986858974363 0.5617647051282051 0.4722222211538462 0.5627450993589743 0.48921568589743586 0.5640522884615385 0.49117647115384616 0.5676470576923077 0.4915032692307692 0.5810457532051282 0.48594771153846156 0.6071895416666667 0.4774509807692308 0.609477125 0.47777777884615386 0.6209150320512821 0.4732026153846154 0.6169934647435897 0.47254901923076925 0.5830065352564103 0.44052287500000004 0.5833333333333334 0.43823529487179486 0.5816993461538461 0.4356209134615385 0.5764705897435898 0.43921568589743587 0.5647058814102563 0.4418300641025641 0.5611111121794872 0.44052287500000004 0.5565359487179488 0.4408496730769231 0.5519607852564103 0.44346405128205124 0.5424836602564103 0.4454248365384615 0.5431372564102563 0.4493464038461538 0.5467320256410256 0.4516339871794872 0.5532679743589743 0.45326797435897437 0.5663398685897436 0.45261437820512823 0.5702614391025641 0.4549019615384616 0.5715686282051282 0.46143790705128207
6 0.32745098076923074 0.5764705897435898 0.32418300641025644 0.5787581698717948 0.3245098044871795 0.5820261442307691 0.3339869294871795 0.5839869294871795 0.3349673205128205 0.5869281057692307 0.34477124038461543 0.5934640512820513 0.3663398685897436 0.5872549006410257 0.4287581698717949 0.5633986923076924 0.4326797371794872 0.5588235288461538 0.4362745096153846 0.5516339871794872 0.4408496730769231 0.5467320256410256 0.4424836602564102 0.5473856217948718 0.4454248365384615 0.5447712403846153 0.4447712403846154 0.5434640512820513 0.45620915064102563 0.529411766025641 0.4545751634615384 0.5218954262820513 0.44967320192307686 0.5160130705128205 0.4418300641025641 0.5019607852564102 0.43366013141025644 0.4944444455128206 0.4287581698717949 0.48562091346153846 0.41830065384615384 0.47254901923076925 0.41470588141025644 0.4728758173076923 0.4117647051282051 0.4774509807692308 0.38071895512820514 0.48660130769230764 0.3686274519230769 0.48986928205128205 0.36241830128205127 0.489542483974359 0.3522875801282051 0.4921568621794872 0.34313725641025644 0.49705882371794874 0.320915032051282 0.500326798076923 0.3071895416666667 0.5062091506410257 0.30424836538461536 0.510130717948718 0.30294117628205125 0.5183006538461539 0.30326797435897435 0.5565359487179488 0.30457516346153846 0.5633986923076924 0.3071895416666667 0.5666666666666667 0.319934641025641 0.5647058814102563 0.32418300641025644 0.5656862756410256 0.32745098076923074 0.5764705897435898
6 0.47156862820512824 0.5124183012820512 0.47026143910256407 0.5192810448717948 0.47156862820512824 0.5218954262820513 0.47156862820512824 0.5267973846153846 0.46633986858974363 0.5343137243589744 0.4558823525641026 0.5428104583333333 0.45130718910256407 0.5493464038461539 0.4516339871794872 0.5513071891025642 0.45653594871794867 0.5526143782051282 0.46699346474358977 0.5496732019230769 0.5084967307692307 0.5333333333333333 0.5277777788461538 0.5241830064102564 0.529084967948718 0.5173202628205128 0.5264705897435897 0.5137254903846153 0.5241830064102564 0.5140522884615384 0.520915032051282 0.5176470576923078 0.5150326794871795 0.5192810448717948 0.509803923076923 0.5166666666666666 0.5065359487179487 0.5169934647435898 0.5052287596153846 0.510130717948718 0.5124183012820512 0.508169935897436 0.5133986923076923 0.5055555544871795 0.5130718942307693 0.5009803910256411 0.511437907051282 0.4983660128205128 0.5124183012820512 0.49607843269230767 0.5107843141025642 0.49346405128205123 0.5130718942307693 0.4879084967948718 0.5117647051282052 0.4816993461538462 0.4954248365384616 0.4810457532051282 0.4820261442307692 0.4741830064102564 0.48137254807692303 0.47026143910256407 0.47777777884615386 0.4676470576923077 0.4741830064102564 0.46699346474358977 0.4712418301282052 0.468627451923077 0.46241830128205125 0.468627451923077 0.459803923076923 0.46568627564102566 0.459477125 0.4683006538461538 0.4545751634615384 0.4728758173076923 0.4447712403846154 0.4732026153846154 0.4431372564102564 0.480065358974359 0.4493464038461538 0.490196076923077 0.4542483653846154 0.4944444455128206 0.46339869230769226 0.510457516025641 0.46928104487179484 0.5091503269230769 0.47156862820512824 0.5124183012820512
6 0.6264705897435897 0.4516339871794872 0.6248366025641026 0.4542483653846154 0.6254901955128205 0.45718954166666664 0.6297385608974359 0.459803923076923 0.6428104583333333 0.4607843141025641 0.6470588237179487 0.4627450993589744 0.6467320256410256 0.4679738557692308 0.6509803910256411 0.4666666666666667 0.6539215673076922 0.47156862820512824 0.6647058814102564 0.4722222211538462 0.6751633974358975 0.47091503205128205 0.6888888878205128 0.4591503269230769 0.6892156858974359 0.4555555544871795 0.6859477115384615 0.4539215673076923 0.6836601314102564 0.4542483653846154 0.6826797371794873 0.450980391025641 0.690522875 0.44771241987179483 0.690849673076923 0.4359477115384615 0.6862745096153846 0.4248366025641026 0.6761437916666667 0.4186274519230769 0.6673202628205128 0.4173202628205128 0.6562091506410257 0.4176470576923077 0.6441176474358975 0.42091503205128206 0.6294117660256411 0.4218954262820513 0.6209150320512821 0.42450980448717945 0.6133986923076923 0.43039215705128203 0.6107843141025641 0.4339869294871795 0.619607842948718 0.4343137243589744 0.6254901955128205 0.43823529487179486 0.6264705897435897 0.4421568621794872 0.6254901955128205 0.4454248365384615 0.6264705897435897 0.4516339871794872
4 0.6330065352564103 0.45196078525641026 0.6248366025641026 0.43888888782051283 0.6163398685897435 0.4323529423076923 0.6124183012820513 0.43137254807692305 0.6088235288461539 0.4326797371794872 0.6088235288461539 0.4359477115384615 0.6147058814102564 0.4460784326923077 0.6209150320512821 0.450980391025641 0.6254901955128205 0.4581699358974359 0.6300653589743589 0.4611111121794872 0.6330065352564103 0.45196078525641026
2 0.590196076923077 0.539215685897436 0.5915032692307692 0.5267973846153846 0.5908496730769232 0.5192810448717948 0.5895424839743589 0.5173202628205128 0.5866013076923077 0.5169934647435898 0.5709150320512821 0.5218954262820513 0.5630718942307692 0.5254901955128205 0.5581699358974359 0.5303921570512821 0.5584967307692308 0.5372549006410257 0.5617647051282051 0.5424836602564103 0.5725490192307692 0.5454248365384615 0.5849673205128205 0.5450980384615384 0.5888888878205127 0.5421568621794872 0.590196076923077 0.539215685897436
2 0.8117647051282051 0.5029411762820513 0.809477125 0.49869281089743583 0.8042483653846154 0.4944444455128206 0.7960784326923077 0.4924836602564102 0.7859477115384615 0.4931372564102564 0.7816993461538462 0.4954248365384616 0.7781045737179487 0.5009803910256411 0.7781045737179487 0.5143790865384615 0.7852941185897436 0.5218954262820513 0.7983660128205128 0.5235294102564102 0.8035947724358974 0.5225490192307692 0.8081699358974359 0.5189542467948718 0.8117647051282051 0.5029411762820513
2 0.9042483653846154 0.5228758173076924 0.9055555544871796 0.5166666666666666 0.9042483653846154 0.509477125 0.9006535961538461 0.5045751634615384 0.8937908493589745 0.5013071891025641 0.8892156858974359 0.5006535961538462 0.8833333333333334 0.5006535961538462 0.8767973846153847 0.5032679743589744 0.870915032051282 0.508169935897436 0.8679738557692307 0.5140522884615384 0.8676470576923077 0.519934641025641 0.8692810448717949 0.5258169935897435 0.8748366025641027 0.5310457532051281 0.8830065352564103 0.5333333333333333 0.8970588237179488 0.5330065352564102 0.9042483653846154 0.5228758173076924