2 0.5394489647435897 0.7775504967948718 0.5495849198717949 0.7775235384615384 0.546880891025641 0.7750019935897436 0.5393006987179487 0.7733047211538462 0.5357195256410257 0.7737567756410256 0.5354613557692307 0.775727766025641 0.5394489647435897 0.7775504967948718
4 0.27211733653846154 0.5946119326923077 0.27553884294871794 0.5895875032051282 0.27662853846153845 0.5833365128205128 0.27375654487179485 0.5572770769230769 0.270915657051282 0.5508363557692307 0.26344536858974354 0.5429223076923078 0.24440727564102566 0.5314882596153847 0.2219020608974359 0.5237722467948718 0.21731827884615385 0.5236053205128205 0.2072279455128205 0.5249386698717949 0.16935809615384614 0.5360710128205128 0.15556527884615384 0.543746592948718 0.14569164423076922 0.5512853141025641 0.14228154166666668 0.5566363429487179 0.1379071987179487 0.5718309423076924 0.13773301923076922 0.5855708814102564 0.14131523397435897 0.6132404967948718 0.1443271955128205 0.6245801955128205 0.14735782371794873 0.6270903365384616 0.1515849391025641 0.6357716282051282 0.20146428205128206 0.6595355384615385 0.21637375320512822 0.655744923076923 0.259218266025641 0.6372449358974359 0.27260464743589746 0.6272945737179487 0.2747881891025641 0.6242753525641026 0.2771116987179487 0.6065364006410257 0.2760064487179487 0.602978032051282 0.27239105769230765 0.6024502916666667 0.27211733653846154 0.5946119326923077
4 0.5548156378205128 0.5059337147435897 0.5553661923076922 0.5029715192307692 0.5536305544871795 0.5000891602564103 0.5569151955128205 0.4911455512820513 0.5611039487179488 0.4893642916666667 0.5647079358974358 0.4895654326923077 0.5604279455128205 0.4887339038461539 0.5609442788461538 0.48479191666666666 0.559231455128205 0.48256275320512826 0.5601428173076923 0.48056894551282053 0.5685545384615385 0.47798622756410253 0.5669816794871795 0.46103733012820514 0.5480047596153846 0.46071902884615384 0.5409979326923077 0.45671275961538466 0.5405458782051282 0.4531315833333333 0.5427522307692307 0.4507655576923077 0.535115016025641 0.44743529487179484 0.5275918493589743 0.4473710096153846 0.5230879038461539 0.4494902724358974 0.5035034102564102 0.4505011762820513 0.49930325 0.45195583333333333 0.49428296794871796 0.45801708333333335 0.49574903205128207 0.46254383974358976 0.5101006987179487 0.47087157692307696 0.5135377564102565 0.47565650000000004 0.5149582019230768 0.4788768653846154 0.514103858974359 0.4825036602564103 0.5162044583333333 0.4958371634615385 0.5188213942307692 0.5052286794871795 0.5208608173076923 0.507446439102564 0.5228432211538462 0.5080312051282052 0.5338791314102564 0.5056838429487179 0.5384857243589743 0.5065039679487179 0.5402099583333333 0.5090597275641026 0.5440607051282051 0.5069632756410256 0.5548156378205128 0.5059337147435897
4 0.6214479102564103 0.46632925320512825 0.6223592724358975 0.4643354487179487 0.6193058365384615 0.4611721121794871 0.6185271891025641 0.4576023397435897 0.6140533076923077 0.451218641025641 0.5986948878205128 0.43278916346153845 0.5929716442307692 0.4280840737179487 0.5832079070512821 0.42940602564102565 0.5793799679487179 0.4321556698717949 0.5574107916666667 0.4397897788461539 0.5514978076923077 0.43901527564102566 0.544696266025641 0.44088777243589744 0.542432891025641 0.4416208076923077 0.5506890865384616 0.44394846474358973 0.5513879038461539 0.44523204807692307 0.5529410608974359 0.44288883333333334 0.5577830096153846 0.4410847692307692 0.5672771698717949 0.44140721794871796 0.5966793141025641 0.4593462756410256 0.596277032051282 0.46655424679487173 0.5982065544871795 0.4749887756410256 0.6020116826923076 0.47158593269230775 0.6076208782051281 0.4730250384615384 0.612835048076923 0.47251596153846154 0.6225189455128205 0.4689078269230769 0.6214479102564103 0.46632925320512825
6 0.608634891025641 0.47397061858974354 0.619906157051282 0.4689990673076923 0.6159641698717949 0.46848272756410253 0.5808802467948718 0.4376622211538462 0.5811270128205128 0.4353646282051282 0.5794027788461538 0.4328088653846153 0.5743026634615385 0.4365839294871795 0.5626363621794871 0.43960729807692306 0.5589981634615385 0.438426358974359 0.5544371923076924 0.4389126282051282 0.5499560544871794 0.4416850865384615 0.5405531346153847 0.44397542307692306 0.5413431923076923 0.44787179166666663 0.545015608974359 0.45003252564102564 0.5516045993589744 0.4514374166666667 0.5646457211538461 0.45032801602564104 0.5686447403846154 0.45247734615384616 0.5701792339743589 0.45896368910256413 0.562838548076923 0.46412498076923075 0.5607576506410257 0.47008358653846155 0.5623305096153846 0.487032483974359 0.5637053333333334 0.48894645512820517 0.5673093173076923 0.4891475961538461 0.5805059647435897 0.48312781730769233 0.6063372948717949 0.47372385576923076 0.608634891025641 0.47397061858974354
6 0.43477365705128207 0.5611371378205128 0.4381153301282051 0.5538265192307692 0.44251663141025643 0.548767875 0.44417243269230766 0.5493640480769231 0.4470205769230769 0.5466486121794872 0.4463217564102564 0.5453650288461538 0.45726228205128205 0.5309221282051282 0.4553669743589744 0.523467391025641 0.4502627083333333 0.5177596955128205 0.44193392948717947 0.5039896923076923 0.43350665705128205 0.49676305769230766 0.4282997467948718 0.4881159775641025 0.41739239743589746 0.4754170064102564 0.41381122115384616 0.4758690608974359 0.4110315064102564 0.4805440833333333 0.3803240096153846 0.4907723173076923 0.36835392307692305 0.4944602884615385 0.36213715064102564 0.4943503878205128 0.3521038397435897 0.4973167275641026 0.3431301666666667 0.5025350448717949 0.32103553205128205 0.5065765737179487 0.3075236923076923 0.5129343557692307 0.3047211698717949 0.5169561794871794 0.3036999038461538 0.5251667596153846 0.30536089423076923 0.5633673557692307 0.30690679487179484 0.5701803012820513 0.30963362820512824 0.5733550416666667 0.3223025352564103 0.5709506538461538 0.32658252884615385 0.5717821858974359 0.3302248782051282 0.5824458814102564 0.3270387307692308 0.5848461185897437 0.3274793782051282 0.5881006955128205 0.33701916025641027 0.5897295384615385 0.3381016025641026 0.5926347083333333 0.34812765064102563 0.5988245224358975 0.36946644230769227 0.5918664198717948 0.43101415064102566 0.565846375 0.43477365705128207 0.5611371378205128
6 0.45839864102564104 0.5540992019230769 0.468747141025641 0.5507948525641025 0.5096548717948718 0.5330164967948717 0.5286048333333334 0.5231988429487179 0.5296717179487179 0.5162946602564102 0.5269334775641026 0.5127933205128204 0.5246586923076924 0.5131997532051282 0.5215181634615385 0.5169063846153846 0.5156964198717948 0.5187446666666666 0.510379608974359 0.5163143621794871 0.507125032051282 0.5167550128205128 0.5055791314102565 0.509942064102564 0.5126958621794871 0.5077315673076923 0.5135844166666667 0.5050845641025641 0.5130981474358974 0.5005235897435898 0.5113739134615385 0.4979678301282051 0.512273875 0.4956474294871795 0.5105496442307693 0.4930916666666667 0.5126419423076923 0.48745966025641024 0.5111188557692308 0.48129991346153844 0.4947661314102564 0.4812169711538461 0.48113609294871795 0.4748260128205128 0.4803460352564103 0.4709296442307692 0.4766622147435898 0.4684423108974359 0.47304682051282054 0.46791457051282054 0.4701644615384616 0.4696502083333334 0.46134630769230767 0.4699581442307692 0.4586308782051282 0.46710999999999997 0.45839551923076927 0.46973419230769226 0.45365621474358975 0.4744776442307692 0.4438696698717949 0.47514639423076926 0.4424761858974359 0.48206198397435895 0.44903510897435894 0.49196983333333333 0.4540823493589743 0.49604453846153845 0.463785951923077 0.5117285128205129 0.4696190993589744 0.5102168301282051 0.4720193397435898 0.5134029775641026 0.4709524551282051 0.5203071602564103 0.4723500865384616 0.5228743301282051 0.47252116346153844 0.5277733012820512 0.4675579038461538 0.5354675416666667 0.45740329166666666 0.5443240641025641 0.453059016025641 0.5510156987179488 0.4534540448717949 0.5529638846153846 0.45839864102564104 0.5540992019230769
6 0.6528355608974359 0.4662141634615385 0.6636361153846154 0.4664909903846154 0.674041641025641 0.46481963461538467 0.687348189102564 0.4525830833333333 0.6875493333333333 0.4489790961538462 0.6842263237179487 0.4474601570512821 0.6819515416666666 0.4478665897435897 0.6808576955128205 0.44463482051282055 0.6885820032051282 0.4410951185897436 0.6884980192307693 0.4293261730769231 0.6835378717948718 0.41838150320512824 0.6731966282051283 0.41252969230769226 0.6643328557692307 0.4115312371794872 0.6532399166666667 0.4122456025641026 0.6412698301282052 0.4159335737179487 0.6266071217948718 0.41742659935897436 0.6182068044871796 0.42033591666666664 0.6109003333333334 0.4264770032051282 0.6084130032051283 0.43016082692307694 0.6172425641025641 0.430179483974359 0.6232581923076923 0.43389337499999997 0.6243748493589744 0.4377783397435897 0.6235091057692308 0.44107853846153844 0.6247055993589744 0.4472496891025641 0.6231638461538461 0.4499195 0.6239196858974358 0.45283607692307687 0.6282567051282051 0.4553005993589744 0.6413548557692307 0.4558241891025641 0.6456690608974359 0.45763551602564106 0.6455249455128206 0.46287249038461536 0.6497251025641025 0.46141783333333336 0.6528355608974359 0.4662141634615385
4 0.6239539006410256 0.4538158717948718 0.6286289230769231 0.4565955865384615 0.631248967948718 0.4473481891025641 0.6226278076923076 0.4345693814102564 0.6139081506410257 0.4283339487179488 0.6099547564102564 0.42749101282051283 0.6064077916666667 0.428922858974359 0.6065218429487179 0.43218884294871796 0.6127541698717949 0.44210810256410255 0.6191306153846154 0.4467903782051282 0.6239539006410256 0.4538158717948718
2 0.5597612724358975 0.5351906987179488 0.5632097371794872 0.5403022243589743 0.5740901282051282 0.5428652403846154 0.5864894583333333 0.54210525 0.5903059935897436 0.5390290032051283 0.5915097403846153 0.5360440000000001 0.5923827435897436 0.523587641025641 0.5914672275641026 0.5160986923076923 0.5900924070512821 0.5141847243589743 0.5871416153846154 0.5139607692307693 0.5716359711538461 0.5194071891025641 0.5639230673076923 0.5232734903846153 0.5591951698717949 0.5283435416666666 0.5597612724358975 0.5351906987179488
2 0.7858844647435898 0.511925467948718 0.7990054198717949 0.5131022532051283 0.8041967788461538 0.5119399775641025 0.8086437019230769 0.5081877243589744 0.8116774326923076 0.4920589519230769 0.8092429807692307 0.48789301282051284 0.803869141025641 0.4838297147435897 0.7956357532051282 0.48215525 0.7855340128205128 0.4831620064102564 0.7813680705128204 0.4855964583333333 0.7779693750000001 0.49127408333333333 0.778436983974359 0.5046646185897437 0.7858844647435898 0.511925467948718
2 0.8709742083333333 0.4952202115384615 0.8682401153846154 0.501201625 0.8681188044871795 0.5070918012820512 0.8699570897435897 0.5129135448717949 0.8756917435897436 0.5179452307692308 0.8839365352564104 0.5199462916666666 0.8979688589743591 0.5191292756410256 0.9048004615384616 0.5087538173076923 0.9058901602564102 0.5025028301282051 0.9043328557692308 0.4953632884615385 0.9005691987179488 0.490589766025641 0.8935965833333334 0.4875632916666666 0.8890013974358973 0.487069766025641 0.8831226282051282 0.4872750576923077 0.8766819006410256 0.49011594551282056 0.8709742083333333 0.4952202115384615