3 0.16882623076923076 0.4177461153846154 0.12508329487179487 0.4185096538461538 0.12568323076923077 0.4528800192307692 0.1663022467948718 0.45217101282051286 0.169371625 0.44899175641025646 0.16882623076923076 0.4177461153846154
2 0.2779124903846154 0.40021523076923077 0.27742164102564104 0.3720943141025641 0.24617599999999998 0.3726397083333333 0.24666684935897437 0.40076062500000004 0.2779124903846154 0.40021523076923077
2 0.7716647403846154 0.7541519743589743 0.7701921826923077 0.6697892211538461 0.6858294326923077 0.6712617788461538 0.6873019903846154 0.7556245288461538 0.7716647403846154 0.7541519743589743
2 0.9043443878205127 0.4767941506410256 0.9037444487179488 0.4424237852564103 0.8662501602564103 0.44307824999999995 0.8668500993589743 0.47744861538461536 0.9043443878205127 0.4767941506410256
3 0.2821665096153846 0.6439277083333332 0.2853449743589743 0.6469979006410257 0.38220582051282054 0.6453071891025641 0.3801878814102564 0.5296995993589744 0.26770501602564106 0.5316629967948717 0.26966841346153847 0.6441458621794872 0.2821665096153846 0.6439277083333332
3 0.782923657051282 0.5039173653846154 0.7890640224358975 0.49755883333333334 0.7858847564102565 0.4944886474358975 0.7854484455128204 0.46949245512820514 0.747954157051282 0.47014692307692313 0.748554092948718 0.5045172884615384 0.782923657051282 0.5039173653846154
2 0.8717737884615385 0.5805027788461539 0.8780232371794872 0.5803936955128205 0.884162814102564 0.5740359775641025 0.8832901955128205 0.5240435929487179 0.8270491634615385 0.5250252820512821 0.8280308525641025 0.581266314102564 0.8342795000000001 0.5811572435897435 0.8373496987179487 0.5779787820512821 0.8685953397435898 0.5774333846153846 0.8717737884615385 0.5805027788461539
2 0.347197 0.4302602243589743 0.3065779871794872 0.430969233974359 0.30723245192307697 0.46846352243589745 0.34472674038461537 0.4678090576923077 0.3477969230769231 0.46462978846153846 0.347197 0.4302602243589743
3 0.7692802435897436 0.43852031410256415 0.768789391025641 0.41039939743589743 0.7375445512820513 0.4109447788461539 0.7380354038461538 0.4390656955128205 0.7692802435897436 0.43852031410256415
3 0.10370267948717948 0.4470123397435897 0.10277551923076923 0.3938952275641026 0.04340895833333333 0.39493147435897435 0.04433612179487179 0.4480485865384615 0.10370267948717948 0.4470123397435897
2 0.5918214262820513 0.6572759166666666 0.5899671025641026 0.5510416987179487 0.49310705769230767 0.5527323974358974 0.49496138461538464 0.6589666153846154 0.5637005128205128 0.6577667692307693 0.5667706923076923 0.6545875 0.5698954198717948 0.6545329583333334 0.5730738814102564 0.6576031570512821 0.5918214262820513 0.6572759166666666
2 0.06182927884615385 0.3758574935897436 0.06133842628205128 0.34773657692307697 0.02696886217948718 0.3483365 0.02745971474358974 0.37645741346153844 0.06182927884615385 0.3758574935897436
2 0.18550860897435897 0.8362691121794871 0.18381791025641026 0.7394090705128205 0.07133504487179487 0.7413724647435898 0.07302574358974359 0.8382325096153846 0.18550860897435897 0.8362691121794871