3 0.5609951858974359 0.6393793461538462 0.5730337083333333 0.628143391025641 0.6043338685897436 0.6177100064102564 0.7744783301282051 0.4620117724358974 0.8828250416666668 0.3592830384615384 0.8996789711538461 0.3392188333333333 0.8924558589743591 0.32958801602564103 0.8603531314102565 0.3111289455128205 0.7584269647435897 0.2902621730769231 0.5995184583333333 0.34724451602564105 0.5642054583333334 0.36891385897435897 0.4839486346153846 0.4283039070512821 0.39967897115384615 0.5278223653846154 0.3675762435897436 0.5583199583333334 0.36677367628205126 0.5663456378205128 0.37560192628205125 0.5831995705128206 0.4510433397435898 0.6891385769230769 0.4582664519230769 0.6955591217948718 0.469502407051282 0.6955591217948718 0.5609951858974359 0.6393793461538462
3 0.11369983974358974 0.531947564102564 0.2633948621794872 0.531947564102564 0.2633948621794872 0.4395398621794872 0.11369983974358974 0.4395398621794872 0.11369983974358974 0.531947564102564
2 0.00023675641025641027 0.37396201282051283 0.02891251923076923 0.37396201282051283 0.02891251923076923 0.33961209294871797 0.00023675641025641027 0.33961209294871797 0.00023675641025641027 0.37396201282051283
2 0.429614766025641 0.3541345641025641 0.5253290544871795 0.3541345641025641 0.5253290544871795 0.3192308717948718 0.429614766025641 0.3192308717948718 0.429614766025641 0.3541345641025641
3 0.8326605128205128 0.4711369711538461 0.993310592948718 0.4711369711538461 0.993310592948718 0.3928865705128205 0.8326605128205128 0.3928865705128205 0.8326605128205128 0.4711369711538461
3 0.8898555384615384 0.32002140064102563 0.9195505608974358 0.32002140064102563 0.9195505608974358 0.2946281442307692 0.8898555384615384 0.2946281442307692 0.8898555384615384 0.32002140064102563
3 0.9129614775641025 0.3102982884615385 0.933780096153846 0.3102982884615385 0.933780096153846 0.2876578397435897 0.9129614775641025 0.2876578397435897 0.9129614775641025 0.3102982884615385
3 0.99398475 0.30309523717948716 0.9999959871794871 0.30309523717948716 0.9999959871794871 0.2773970032051282 0.99398475 0.2773970032051282 0.99398475 0.30309523717948716
2 0.8832584262820513 0.30306313461538464 0.9114285705128206 0.30306313461538464 0.9114285705128206 0.2817950769230769 0.8832584262820513 0.2817950769230769 0.8832584262820513 0.30306313461538464
2 0.9147953461538462 0.30305912179487177 0.9434550576923078 0.30305912179487177 0.9434550576923078 0.2814299102564103 0.9147953461538462 0.2814299102564103 0.9147953461538462 0.30305912179487177
2 0.9587881217948717 0.3052942756410256 0.991195826923077 0.3052942756410256 0.991195826923077 0.2773970032051282 0.9587881217948717 0.2773970032051282 0.9587881217948717 0.3052942756410256