3 0.923556592948718 0.3212761794871795 0.9201133717948718 0.329562233974359 0.9138987371794872 0.35574169871794875 0.9152591923076924 0.36369184615384614 0.9435045929487179 0.36493484935897436 0.9690682307692308 0.3623427371794872 0.9910206955128206 0.36563483974358973 0.9858701378205128 0.2919784262820513 0.9807998493589744 0.2923329743589744 0.9619077243589743 0.2944585673076923 0.9390258461538462 0.30088579487179484 0.923556592948718 0.3212761794871795
3 0.9681443044871794 0.4066563846153846 0.9937639262820513 0.40486488782051283 0.9915805384615385 0.37364097435897436 0.9745997083333333 0.3724148044871795 0.9418865352564103 0.37631138461538466 0.9279961858974358 0.37326005448717947 0.9263949615384616 0.3733720224358974 0.921759233974359 0.3761097692307692 0.9229517371794872 0.3816580769230769 0.9471044230769231 0.40490952243589745 0.9681443044871794 0.4066563846153846
3 0.858807919871795 0.2582234935897436 0.8521230897435899 0.25466830448717953 0.846518798076923 0.25506019551282055 0.8382718974358975 0.26368215384615384 0.8395763717948719 0.2708316858974359 0.8470618108974358 0.27433089743589745 0.8557565865384615 0.27211383974358977 0.8608570192307693 0.2645164326923077 0.858807919871795 0.2582234935897436
2 0.9450725288461539 0.2723044871794872 0.9352972147435897 0.27057446153846154 0.9336959903846154 0.27068642948717947 0.9188202435897436 0.2765538076923077 0.9223977532051282 0.29319873397435897 0.9392666153846153 0.29282367628205125 0.946992826923077 0.28826076602564105 0.9485549006410258 0.2760836153846154 0.9450725288461539 0.2723044871794872
3 0.7775372628205128 0.2695381891025641 0.778265060897436 0.2799461602564103 0.7841492756410257 0.28355733974358976 0.783684564102564 0.288417 0.7943164743589743 0.29089165705128206 0.8003126570512821 0.2961040576923077 0.803403141025641 0.2942788974358974 0.8023785929487179 0.2911324294871795 0.7929560192307692 0.2829415096153846 0.7981124358974359 0.27614471153846154 0.7985771442307692 0.27128505128205127 0.790811782051282 0.26378277884615386 0.7844068750000001 0.26423065384615385 0.7775372628205128 0.2695381891025641
3 0.7410281282051282 0.28818171794871794 0.7455518878205128 0.2838427467948718 0.7425902019230769 0.27600456730769235 0.7367619743589743 0.2731940032051282 0.7295564551282051 0.27369786217948716 0.7257773269230768 0.27718023717948714 0.7238793461538462 0.2845537083333333 0.724103282051282 0.28775616346153843 0.7298755288461539 0.289766108974359 0.7410281282051282 0.28818171794871794
2 0.7944675961538461 0.3045580641025641 0.793443048076923 0.30141159615384616 0.7993440929487179 0.2937582051282051 0.7860864038461539 0.28824904807692303 0.783684564102564 0.288417 0.7774476121794872 0.2912667147435897 0.7739484070512821 0.29875215705128205 0.7825143846153846 0.3061984455128205 0.7898318685897435 0.3072958108974359 0.7944675961538461 0.3045580641025641
2 0.10372792628205128 0.6086991955128206 0.09708225320512821 0.6172091858974359 0.09775406410256411 0.626816544871795 0.10779246474358974 0.6438142083333334 0.1288883301282051 0.6463616826923078 0.1435961217948718 0.6380924615384616 0.15098642628205128 0.6287258717948718 0.15122719551282052 0.6206637564102564 0.14450321794871795 0.6050433814102565 0.1328467596153846 0.5994222564102564 0.12777647435897435 0.5997768044871794 0.1152892532051282 0.6014545224358974 0.10372792628205128 0.6086991955128206
2 0.31249221474358974 0.5337613717948718 0.3176877852564103 0.5390297596153847 0.3234040480769231 0.5402390961538461 0.3414822435897436 0.5341477756410257 0.3464707083333333 0.524949141025641 0.34574291025641024 0.5145411698717949 0.3410680352564103 0.505213733974359 0.3294675608974359 0.5003932211538461 0.3254644903846154 0.5006731442307693 0.31373521474358973 0.5055159743589743 0.30742544871794875 0.5188296442307693 0.31249221474358974 0.5337613717948718
3 0.05354689743589743 0.5928995224358975 0.07477705128205128 0.6203779743589743 0.07986065384615385 0.6240451314102564 0.08386371794871794 0.6237652115384615 0.09371184935897436 0.6150312852564103 0.09551469230769231 0.594792016025641 0.09026313782051283 0.588723016025641 0.07866266346153845 0.5839025032051283 0.07465959615384615 0.5841824262820513 0.06190576923076923 0.5858787916666667 0.05337894551282051 0.5904976826923077 0.05354689743589743 0.5928995224358975
3 0.15909903846153847 0.5951729326923076 0.17161209935897434 0.6015386891025641 0.18036285897435897 0.6001222467948718 0.19432602243589744 0.5927096217948717 0.1993144871794872 0.5835109871794872 0.1948803782051282 0.5661214358974359 0.1880835801282051 0.5609650192307692 0.17579446153846154 0.5578017147435897 0.1701901698717949 0.5581936057692308 0.1585168782051282 0.5638370512820513 0.1514064967948718 0.5772067051282052 0.15909903846153847 0.5951729326923076
3 0.4275287724358975 0.4645731057692308 0.4374720384615385 0.46870497115384613 0.4485126698717949 0.4655193525641026 0.45303642628205126 0.46118038141025647 0.45260538782051285 0.44351090705128204 0.4416375705128205 0.4362325705128205 0.43643358653846154 0.4365964679487179 0.43122959935897437 0.4369603653846154 0.4236713397435898 0.4439251153846154 0.42194131410256414 0.45370042628205126 0.4275287724358975 0.4645731057692308
2 0.9123311762820513 0.3333245288461538 0.9029814198717949 0.3146696570512821 0.8853847628205128 0.30463674358974363 0.8413510352564103 0.3077158814102564 0.8164032243589744 0.3191147371794872 0.7977315192307692 0.3397290641025641 0.7960574743589743 0.3503049871794872 0.7961526121794872 0.36317078205128206 0.8054632147435897 0.36976047435897436 0.9097668685897435 0.36568496474358975 0.9123311762820513 0.3333245288461538
2 0.6325980961538462 0.3367948141025641 0.6216525993589743 0.3528462275641026 0.6211150737179487 0.3681698461538462 0.6267585192307692 0.37984314102564104 0.6270216057692307 0.39511077564102565 0.6332417275641026 0.4035256282051282 0.670349858974359 0.4049534166666667 0.6827677788461539 0.398453375 0.7072340512820513 0.40317875 0.6839379615384615 0.3806719294871795 0.6861886826923077 0.3668375705128205 0.695365 0.3484962820512821 0.6933887115384615 0.3317393878205128 0.6736141538461539 0.3250768846153846 0.6513649391025641 0.32904628205128206 0.6325980961538462 0.3367948141025641
2 0.7629300929487179 0.32526752884615384 0.7253740897435897 0.31743483333333333 0.7075253173076923 0.3613229262820513 0.7073965128205127 0.37098627243589744 0.7188850192307692 0.3742055544871795 0.7741833173076923 0.37114325 0.7802523173076923 0.3658916987179487 0.7791494647435897 0.33861486217948716 0.7629300929487179 0.32526752884615384
2 0.8722555064102563 0.4045117724358974 0.8980767435897437 0.3825929775641026 0.8977408365384616 0.3777892980769231 0.8886541698717949 0.37440205769230767 0.8020199935897436 0.37804652564102564 0.7989295096153847 0.3798716923076923 0.8001220128205129 0.38542 0.8108490576923076 0.4007604519230769 0.8281098076923076 0.4059896858974359 0.8722555064102563 0.4045117724358974
2 0.7315323653846154 0.40550228525641024 0.7419403397435897 0.4047744903846154 0.7459602339743591 0.39322999999999997 0.7388275352564103 0.38326990384615384 0.7089249262820513 0.3813382564102564 0.7118306249999999 0.38837582371794876 0.7315323653846154 0.40550228525641024
6 0.921014608974359 0.37696636538461537 0.922039157051282 0.38011283333333334 0.9437900000000001 0.40353223717948716 0.9568797339743589 0.40663955128205126 0.9938199102564104 0.40566549999999996 0.9915245544871795 0.37284035576923075 0.9819731762820513 0.37431278525641026 0.9551610544871795 0.37055597435897436 0.9521265544871795 0.37318175 0.9440644358974359 0.37294098076923077 0.9418865352564103 0.37631138461538466 0.9311426538461538 0.37223550641025643 0.9263389775641026 0.3725714102564102 0.921014608974359 0.37696636538461537
6 0.9138987371794872 0.35574169871794875 0.9143466121794871 0.36214660576923074 0.9234332788461538 0.36553384294871794 0.9650651666666666 0.36262265705128205 0.9910206955128206 0.36563483974358973 0.9858141506410255 0.2911778108974359 0.9802098589743589 0.2915697019230769 0.9516117179487179 0.29678758974358976 0.938281217948718 0.30174239102564104 0.9208580000000001 0.3287056378205128 0.9138987371794872 0.35574169871794875
4 0.7479592115384615 0.3182691121794872 0.7399530801282052 0.31882895512820514 0.7357260769230769 0.3159064262820513 0.7252061378205129 0.3150329935897436 0.7161977724358974 0.3357761217948718 0.7095689294871794 0.33302154166666664 0.7057338205128205 0.3357033044871795 0.714708516025641 0.3374893173076923 0.7048267243589743 0.3687523846153846 0.7010475929487179 0.3722347596153846 0.701215548076923 0.37463659935897436 0.7043060288461539 0.3728114326923077 0.7078443878205128 0.3773911762820513 0.7040652628205128 0.3808735512820513 0.6976043717948718 0.3805208108974359 0.7009187916666667 0.3818980993589744 0.7002301506410257 0.3835553108974359 0.6873643525641026 0.3836504487179487 0.6850913141025641 0.3741550576923077 0.6861886826923077 0.3668375705128205 0.6907124391025642 0.36249859615384616 0.6889432596153846 0.36020872756410255 0.6937469391025641 0.35987282051282055 0.692778375 0.35752696474358975 0.6973581153846153 0.3539886057692308 0.6970390416666666 0.33792035897435896 0.7039646378205128 0.33341343269230767 0.698472314102564 0.33540655128205127 0.6752713653846154 0.32576552884615384 0.6664646185897436 0.3263813557692308 0.664286717948718 0.3297517596153846 0.657713858974359 0.3277977948717949 0.6379784519230769 0.33320047115384616 0.6258404487179487 0.34370357692307696 0.6276096314102564 0.34599344871794874 0.6224532115384616 0.3527902435897436 0.6199225737179487 0.36262153846153844 0.622643483974359 0.37852183333333334 0.632474782051282 0.3810524743589744 0.6258850897435898 0.3903630801282051 0.6261650096153846 0.39436614743589743 0.6324411153846154 0.4035816121794872 0.6382133589743589 0.4055915641025641 0.6719510833333333 0.4048414487179487 0.6790446346153847 0.40273636217948716 0.686658875 0.3965722275641026 0.6943122692307693 0.4024732724358975 0.7139188750000001 0.4067339423076923 0.7144395673076923 0.402674891025641 0.7017585576923077 0.3939073012820513 0.6997094551282051 0.3876143621794872 0.7026319871794872 0.383387358974359 0.7283299134615385 0.4057262243589744 0.743597548076923 0.4054631378205128 0.7519004326923078 0.39764178846153847 0.7489947371794872 0.39060422435897435 0.7431105224358975 0.3869930480769231 0.7434072756410257 0.3797315448717949 0.7547838141025641 0.38134960256410255 0.7572248044871795 0.3932468333333333 0.7621964391025641 0.39531276923076925 0.7698666634615384 0.3899492435897436 0.7706841121794872 0.3786286891025641 0.7836787051282051 0.36887021153846156 0.7924854551282051 0.3682543846153846 0.8042538814102564 0.37547673717948715 0.7964157019230769 0.37843841666666667 0.7976082051282051 0.38398672435897435 0.8153 0.4068854358974359 0.8803176217948717 0.40475254487179485 0.8823275705128205 0.39898030128205125 0.8923996346153847 0.3934488237179487 0.9012791987179488 0.38236903846153847 0.9038658237179488 0.37333835576923075 0.8982055480769231 0.3729296346153846 0.9027293012820513 0.36859066346153846 0.9121687115384615 0.3655170128205128 0.9132829102564103 0.34693495512820516 0.911194657051282 0.32857683653846154 0.9037820320512819 0.31461367307692306 0.8878425865384616 0.30526940384615386 0.8748088365384615 0.30296269871794873 0.8724069967948719 0.30313065384615384 0.8397498108974358 0.30782784935897434 0.8170358846153847 0.31665691346153846 0.7952736955128206 0.33909640064102564 0.7936556346153846 0.3504729391025641 0.7954248173076923 0.35276281089743594 0.7901564294871795 0.3579583814102564 0.7935268333333334 0.36013628205128206 0.7889470929487179 0.363674641025641 0.782374233974359 0.3617206762820513 0.7808066730769231 0.3393035064102564 0.7712721314102564 0.3295113621794872 0.7644753365384614 0.3243549455128205 0.753098798076923 0.32273688782051285 0.7479592115384615 0.3182691121794872