4 0.44010887820512823 0.6624476474358973 0.4423064230769231 0.657981375 0.44390118589743593 0.6462841025641025 0.44597900961538467 0.6441022724358975 0.44731722435897436 0.6373002435897436 0.4493266314102564 0.6364238141025641 0.44992940705128204 0.6436548141025641 0.4482676153846154 0.6628752275641026 0.4429091987179487 0.6652123717948718 0.441570983974359 0.6720144038461539 0.443100108974359 0.6740580160256411 0.4420711378205128 0.6812035 0.4492864230769231 0.6871448173076923 0.45998754487179483 0.6890146217948718 0.5232822467948718 0.6926590032051282 0.5293959839743589 0.688397967948718 0.5299959871794871 0.6831934775641025 0.5285865801282051 0.6788654166666667 0.5300616217948717 0.6694525897435897 0.5279824166666667 0.6654166762820513 0.528616625 0.6595594871794871 0.5304023012820513 0.656707858974359 0.5314326602564103 0.6557801153846154 0.5347830608974359 0.6605371474358974 0.5429417948717948 0.6609647275641025 0.5409494903846154 0.6615148076923076 0.5395072692307692 0.6640571891025642 0.5352305192307691 0.664487548076923 0.5340975416666667 0.6673733846153846 0.5316933717948717 0.6695381057692308 0.5317631730769231 0.674450451923077 0.5329317435897436 0.6771296602564103 0.5374664294871795 0.6780218076923077 0.5459658461538461 0.6657046538461538 0.5444538205128205 0.6633346923076923 0.5455012820512821 0.6620806025641026 0.5459288621794871 0.6539218653846154 0.5481948205128205 0.6481501923076923 0.5475393461538461 0.6356804967948718 0.5502157820512821 0.6220764358974359 0.5501787980769232 0.6102936474358974 0.5491470512820512 0.605003641025641 0.5464664551282051 0.5999544711538461 0.5436647467948718 0.5909720032051282 0.5378232756410256 0.5837936987179487 0.5369810512820512 0.5811315961538462 0.5316554519230768 0.5765982948717948 0.5119533717948718 0.5716388012820512 0.48295957371794873 0.5691375641025641 0.4810667435897436 0.5690383653846154 0.4705411891025641 0.5688139903846154 0.4661618205128205 0.5712024455128205 0.4520090673076923 0.5727514487179487 0.44895219871794867 0.5748819679487179 0.434889125 0.5934524583333333 0.43222840705128207 0.6005124262820514 0.42824934935897435 0.626483560897436 0.42929819871794866 0.6314472179487179 0.42883502243589744 0.6340409102564103 0.4303470480769231 0.636410875 0.42902870833333334 0.6553220416666666 0.43064474358974364 0.6619516538461538 0.4337372051282051 0.6653861826923078 0.44010887820512823 0.6624476474358973
4 0.4892512467948718 0.36166617307692306 0.4865378301282051 0.36348744551282053 0.4837046923076923 0.3675931634615384 0.48075044230769226 0.36776558012820515 0.4823137756410256 0.3691564967948718 0.4822453653846154 0.3704618942307692 0.4746367051282051 0.3720266153846154 0.47048106730769235 0.37639026923076924 0.47034424038461536 0.37900106730769234 0.4608472852564103 0.385375516025641 0.4611408141025641 0.3922630641025641 0.4600420448717949 0.3944961987179487 0.46474915384615384 0.39834259294871793 0.4715853878205128 0.39902811217948714 0.4759134455128205 0.39761870512820513 0.4790572211538462 0.40007418269230766 0.48311024358974364 0.3976686282051282 0.48558421153846154 0.40041625 0.48287079807692307 0.40223752243589744 0.47895459935897433 0.40203228205128205 0.47845721794871793 0.40527867307692306 0.4811720256410257 0.40967514743589745 0.4784928141025641 0.410843717948718 0.4779783269230769 0.4144164615384615 0.4752820160256411 0.4159113814102564 0.4671745897435898 0.41450475 0.46643637179487174 0.4161022916666667 0.4679655 0.4181459070512821 0.4662140288461538 0.42034483653846155 0.467794467948718 0.4214094038461539 0.47019863461538464 0.41924467628205125 0.47378848076923075 0.41943281410256406 0.4743556666666666 0.421098766025641 0.4781692403846154 0.4232621025641025 0.48057341025641026 0.4210973782051282 0.4803838846153846 0.41846948076923074 0.4886281378205128 0.4172653141025641 0.4897269134615384 0.41503217948717946 0.49450104487179486 0.4113554262820513 0.49946469871794874 0.4103065801282051 0.5022650192307692 0.41307130448717944 0.5058548621794872 0.41325943910256413 0.5073668878205129 0.4156294038461539 0.5062681185897436 0.4178625384615384 0.5081749038461538 0.4189442083333333 0.5175877307692307 0.42041925 0.5239607916666666 0.4236984615384615 0.5261255160256411 0.4261026314102564 0.5321893301282051 0.42903839102564106 0.533099967948718 0.43039509615384614 0.5351093717948718 0.4295186698717949 0.5399704102564102 0.43042791666666663 0.5414482275641026 0.4334505769230769 0.5433550160256411 0.4345322467948718 0.5444537852564103 0.43229910897435897 0.5431127948717949 0.4266656506410257 0.5453417660256411 0.4091111891025641 0.549205266025641 0.404077733974359 0.5476932403846154 0.40170776923076923 0.5478300673076922 0.39909697435897434 0.5519172916666667 0.396038717948718 0.5524317788461538 0.39246597756410256 0.5499407051282051 0.3900447019230769 0.5500946346153847 0.3871075576923077 0.552859358974359 0.38430723717948717 0.552944875 0.38267549038461535 0.549784 0.38054635897435896 0.5455414551282052 0.38032401602564103 0.5449913782051282 0.37833171474358973 0.5412804198717949 0.37421028205128204 0.5399223237179488 0.3689031730769231 0.536589032051282 0.3638197948717949 0.5331360128205128 0.3610208621794872 0.5310910096153846 0.3563322467948718 0.5274142628205128 0.3515581153846154 0.52334275 0.34807227564102566 0.5133456378205128 0.34525762820512823 0.5130192884615384 0.34524052564102564 0.5103571794871795 0.34608275 0.5028853493589743 0.3450366730769231 0.4982138365384615 0.3467553269230769 0.49580966666666665 0.34892004807692306 0.4912236698717949 0.3490069551282051 0.4901933141025641 0.3499346955128205 0.4912934711538461 0.3539193012820513 0.49565573717948713 0.3518571955128205 0.4954505 0.35577339102564104 0.49139748076923073 0.3581789455128205 0.486811483974359 0.3582658525641026 0.4861074743589744 0.3592106923076923 0.48835771474358974 0.3599831153846154 0.4892512467948718 0.36166617307692306
6 0.46780140705128204 0.4524981217948718 0.46979371153846156 0.45194804487179485 0.4726795480769231 0.4530810192307692 0.47635490705128203 0.451637407051282 0.48432273397435893 0.44321934615384617 0.49251429166666666 0.4367764839743589 0.49517639423076926 0.43593426282051284 0.4959488173076923 0.43368402243589743 0.4943512756410256 0.4329458076923077 0.49268532371794865 0.43351299038461544 0.4919129038461538 0.43576323076923074 0.49091674999999996 0.4360382692307692 0.48924940705128206 0.43038770833333334 0.491310125 0.42853223076923075 0.49112059935897434 0.42590433333333333 0.495930326923077 0.427792625 0.4999833493589744 0.4253870705128205 0.5020953717948717 0.4225525448717949 0.5007030705128205 0.4178981346153846 0.49654604487179493 0.4160440448717949 0.49426159935897435 0.41592432051282047 0.4883359967948718 0.4165955128205128 0.48187880769230773 0.4211657916666667 0.47325828205128206 0.4295496506410256 0.47092252564102566 0.43040897435897435 0.47037383333333327 0.43463441346153847 0.46152957692307695 0.4410430705128205 0.45907548717948715 0.45040458653846155 0.46354175961538463 0.4526021282051282 0.4624429871794871 0.454835266025641 0.4643668782051282 0.4555905833333333 0.46486565064102564 0.45856193589743593 0.4672014038461539 0.45770261217948716 0.4663591826923077 0.4550405032051282 0.46780140705128204 0.4524981217948718
6 0.49177884935897437 0.45080951282051285 0.4883443205128205 0.45390197756410255 0.4869890032051282 0.4610303557692308 0.48017125641025643 0.46623623397435904 0.47933042307692314 0.4697918717948718 0.475998516025641 0.47092623717948723 0.47230743589743585 0.47891394230769235 0.46992036858974356 0.4807523173076923 0.4677584230769231 0.4907836346153846 0.46674516666666666 0.49138502564102565 0.4632237371794871 0.4898914903846154 0.4602352820512821 0.49071661217948714 0.4589483717948718 0.49653959294871797 0.4568705512820513 0.49872141666666664 0.457746983974359 0.5007308269230769 0.456837733974359 0.5055918621794872 0.4523557435897436 0.5099384134615385 0.4517728461538461 0.5148165544871794 0.45033062179487177 0.5173589358974359 0.4503491153846154 0.5232503301282051 0.451551891025641 0.5252768429487179 0.4550904294871795 0.5264440256410257 0.4574617788461538 0.5311497435897435 0.4553155448717949 0.5346369711538461 0.44841089743589746 0.5352568493589743 0.448741407051282 0.5539271858974358 0.45001398717948715 0.5608660416666666 0.4568174038461538 0.568422 0.4596690352564103 0.5702076794871795 0.47447448397435893 0.5686928814102564 0.4930764070512821 0.5696677660256411 0.5139285705128205 0.5714150705128205 0.521984689102564 0.57380075 0.526227233974359 0.5740230929487179 0.5361032371794872 0.5729044423076923 0.538334983974359 0.5677854711538461 0.5417010993589744 0.565998407051282 0.5434525705128205 0.5637994743589744 0.5454605897435898 0.5567053012820513 0.545594641025641 0.541659016025641 0.5479789294871795 0.5273851570512821 0.5475984967948718 0.5159116121794872 0.5484222275641025 0.5126823237179488 0.5463259166666666 0.5089727564102564 0.5421346826923077 0.5077713621794872 0.5435598044871794 0.5055553301282051 0.541996467948718 0.5041644166666667 0.5413081762820513 0.4985651634615385 0.5397961506410257 0.4961952019230769 0.5402422243589744 0.493927858974359 0.5374419038461539 0.4911631346153846 0.5348653108974358 0.490373608974359 0.5336625352564103 0.48834709935897436 0.5297121346153846 0.48879455769230773 0.5301753108974359 0.4862008653846154 0.5257589583333334 0.4768065288461538 0.528163125 0.4746418076923077 0.5243324487179487 0.4728048205128205 0.5193503012820513 0.46796227564102566 0.5190923685897436 0.46663977243589744 0.5211530833333333 0.46478429487179485 0.5173053012820513 0.46327365705128204 0.516806532051282 0.4603023076923077 0.5185580032051282 0.45810337500000003 0.5119441089743589 0.45317531410256406 0.5130086730769231 0.451594875 0.5176459775641026 0.45052892307692305 0.5234689615384616 0.45181583333333336 0.5265956282051282 0.4545976602564103 0.5280734487179487 0.4576203205128205 0.5325739294871794 0.4591651634615385 0.5353913525641025 0.4616035416666667 0.5366269487179487 0.45675960897435897 0.539357467948718 0.4546119871794872 0.5401640961538461 0.4517090480769231 0.5408496153846154 0.4448728108974359 0.5388901282051283 0.4385524487179487 0.5400231057692307 0.4356666121794872 0.5328420288461538 0.4290725961538462 0.5322748461538461 0.4274066410256411 0.5296811538461539 0.4269434647435897 0.5240292051282051 0.42239306410256405 0.5166941987179486 0.4187361923076923 0.5153888012820513 0.41866777884615386 0.5051693461538461 0.4200956762820513 0.5066813685897436 0.42246563782051283 0.5039679551282051 0.4242869102564103 0.5064590288461539 0.4267081858974359 0.5050168044871796 0.4292505673076923 0.5071815288461539 0.431654733974359 0.5064091057692307 0.43390497756410257 0.5129032788461538 0.441117483974359 0.5117018878205128 0.44530871794871796 0.504161641025641 0.44556804166666664 0.5006402115384615 0.4440745096153846 0.49794389743589745 0.4455694326923077 0.49399349679487176 0.44601689102564107 0.49177884935897437 0.45080951282051285
3 0.460177032051282 0.46060693910256406 0.46441957692307695 0.4608292820512821 0.46879894551282053 0.4584408269230769 0.47307569551282047 0.4580104711538462 0.4743112948717949 0.4531665384615384 0.48425432051282047 0.4445247435897436 0.4879467852564102 0.442754782051282 0.49153524358974354 0.43672517307692305 0.5012901346153846 0.4316732275641026 0.5051892243589743 0.43220481730769233 0.505756407051282 0.4338707692307692 0.5095528782051283 0.43636045512820515 0.5135730801282051 0.4408253397435898 0.5153943525641025 0.44353875961538464 0.5152575256410257 0.44614955448717947 0.5181604647435898 0.44695618269230775 0.5215450673076923 0.45106051282051285 0.528451108974359 0.4566583782051282 0.5369875032051282 0.4561240128205128 0.5436342179487179 0.4541816314102564 0.5443197371794871 0.44734539423076924 0.5429445384615385 0.4423646346153846 0.5410890608974359 0.44030391987179485 0.5411916794871795 0.43834582051282045 0.536896439102564 0.4328847852564103 0.5324985769230769 0.429381842948718 0.5298521858974359 0.42367997115384615 0.5262452371794871 0.4238181858974359 0.5246990064102564 0.42210091987179493 0.5170034455128205 0.41907964743589743 0.5094803044871795 0.41901262179487186 0.5059089487179487 0.42471588141025646 0.5056181955128205 0.4302638205128205 0.5016677916666666 0.43071128205128206 0.5004992211538462 0.42803207051282055 0.502387516025641 0.42322234615384613 0.5013557724358975 0.41793233974358973 0.4962367980769231 0.41570058974358975 0.4946050480769231 0.41561507371794865 0.4880438557692307 0.41592570833333337 0.48369869230769236 0.4176614647435897 0.48330392948717954 0.4189497596153846 0.4751123717948718 0.4253926185897436 0.4739622916666667 0.42860480448717947 0.46996058012820513 0.4300313141025641 0.4681749006410257 0.43288294230769236 0.46109922115384616 0.43676631730769233 0.45898858333333337 0.4458185897435898 0.4575976666666667 0.44738192307692304 0.4574266346153846 0.45064541987179485 0.4591794903846154 0.4546642307692308 0.4580636185897436 0.45722372115384613 0.460177032051282 0.46060693910256406
3 0.9468321282051283 0.5597417692307692 0.9539947179487179 0.560444391025641 0.9590609903846155 0.5574374455128205 0.9572226185897436 0.5550503814102564 0.9579950384615384 0.5528001378205128 0.9612756378205128 0.5526448205128205 0.9647799679487179 0.5544647051282051 0.9695027884615385 0.5517670064102564 0.9719411634615384 0.5489495833333333 0.9722148173076923 0.5437279871794872 0.979033951923077 0.5447398557692308 0.9808367307692307 0.5415618782051282 0.9815222467948718 0.534725641025641 0.9765045064102563 0.5243180512820513 0.9697010897435897 0.5167620897435897 0.9633964423076924 0.5121774807692308 0.9540520256410258 0.5093970384615384 0.9517675833333333 0.5092773173076923 0.946855233974359 0.5093471185897436 0.9425271762820514 0.5107565224358974 0.9282902948717949 0.5201550224358974 0.9237569967948718 0.5254806217948718 0.9228477467948718 0.5303416602564103 0.9285167980769231 0.5345657115384616 0.9256323525641026 0.5396504775641026 0.9287077115384614 0.5434113525641026 0.9291722756410257 0.5470354070512821 0.9316120384615385 0.5504357275641026 0.9402866506410257 0.5535083108974359 0.9404590705128205 0.556462560897436 0.9433106987179486 0.5582482371794872 0.9468321282051283 0.5597417692307692
3 0.6843282948717948 0.39839664102564104 0.6778683301282051 0.39053143589743594 0.6711518141025641 0.38756147115384615 0.6695200673076923 0.38747595512820515 0.6639550224358974 0.38751154807692306 0.6595756538461538 0.38990000320512824 0.654080407051282 0.39484794551282054 0.651556516025641 0.3992971153846154 0.650956516025641 0.40450160256410256 0.6527449647435898 0.4140854615384615 0.6564046121794872 0.4191859455128205 0.6592391378205128 0.42129796794871793 0.6683256153846154 0.42275591025641024 0.6745775673076922 0.42210182051282047 0.6792832852564102 0.41973047115384615 0.6849666634615384 0.41119268589743585 0.6860127403846155 0.4037208557692308 0.6843282948717948 0.39839664102564104
3 0.3941864679487179 0.38351819871794873 0.38680015064102563 0.3808403782051282 0.3845157019230769 0.38072065705128205 0.38123510576923075 0.38087597115384614 0.3752068846153846 0.3835052564102564 0.370347233974359 0.38881375641025645 0.3684418365384615 0.3939498301282051 0.3694065576923077 0.4067629807692308 0.3739426314102564 0.4138728653846154 0.3774640641025641 0.4153664038461538 0.39118784615384616 0.41575839102564105 0.3941763044871795 0.41493326923076923 0.3979371794871795 0.4118579102564103 0.39977416666666665 0.40802723076923075 0.4017123846153846 0.3960207115384616 0.39978710576923077 0.38904765064102564 0.3941864679487179 0.38351819871794873
3 0.3429297115384615 0.3687238493589744 0.33822260576923074 0.36487745512820513 0.3324509326923077 0.3626115 0.3306560128205128 0.3625174326923077 0.32226568589743587 0.3633866987179487 0.31644409294871795 0.36831753205128204 0.31325039743589744 0.37305884615384616 0.31316626923076923 0.38090833974358973 0.31612190705128207 0.3869536634615385 0.3195578237179487 0.3900789455128205 0.32979576602564104 0.3945424455128205 0.3346910096153846 0.3947989935897436 0.3366662083333333 0.39457526282051286 0.3442905865384615 0.3864664455128205 0.34686578525641026 0.38103822756410255 0.3471565416666667 0.37549028525641026 0.3460221762820513 0.3721583782051282 0.3429297115384615 0.3687238493589744
2 0.43368589423076925 0.6663652275641025 0.43741256730769235 0.6639425705128205 0.44227360256410253 0.6648518141025641 0.4412617371794872 0.6716709519230769 0.44277375961538457 0.6740409102564102 0.4420882435897436 0.6808771506410256 0.4502483653846153 0.6875224743589744 0.4596611955128205 0.6889975192307692 0.5125469198717949 0.6914418942307693 0.51869625 0.692745907051282 0.5256009006410256 0.6921260256410257 0.530082891025641 0.6877794743589744 0.5301143205128205 0.6746912884615385 0.5311104711538461 0.6744162467948718 0.5322619423076923 0.6774218044871795 0.5374664294871795 0.6780218076923077 0.5432182243589744 0.668178625 0.5456223942307692 0.6660139006410256 0.5453815576923077 0.6643650480769231 0.5431826314102565 0.6626135769230769 0.5455183846153846 0.6617542532051283 0.544693266025641 0.6587657980769231 0.5457749326923077 0.6568590096153846 0.5456196185897435 0.6535784102564103 0.548469858974359 0.649146342948718 0.5478999038461538 0.6350449038461539 0.5506105416666667 0.6207881442307692 0.5494734006410257 0.6050207467948717 0.5439910961538461 0.5909891057692308 0.5378061698717949 0.5841200512820512 0.5366889102564103 0.5804617916666667 0.5338885897435898 0.5776970673076923 0.5145470641025641 0.5721019775641025 0.4878377147435897 0.5697204647435897 0.48616974038461536 0.5696330480769232 0.47052408653846156 0.5691403397435898 0.46286411538461536 0.571684108974359 0.4556502211538462 0.5719605384615384 0.45231831410256407 0.5730949038461538 0.4433543365384615 0.5817880064102564 0.4394053205128205 0.5884532115384615 0.4355931314102564 0.5925076185897437 0.43303503525641024 0.5976094871794871 0.42883224999999997 0.6216054198717949 0.42852439102564105 0.6274797147435898 0.43002069871794874 0.6363937724358975 0.42935506089743586 0.6553391442307692 0.430971092948718 0.6619687564102564 0.43368589423076925 0.6663652275641025
2 0.4606249423076923 0.3896180576923077 0.46036839423076925 0.39451330128205125 0.4634950641025641 0.3972951282051282 0.4641662532051282 0.403220733974359 0.4630845865384616 0.40512751923076923 0.4600961314102564 0.40595264102564105 0.4611449807692307 0.4109162948717949 0.4633268044871795 0.4129941153846154 0.4632768846153846 0.42019090705128204 0.4673312916666667 0.4240030929487179 0.47159093910256406 0.4238990865384616 0.47411622115384616 0.4256676602564103 0.47487153846153846 0.42374376923076923 0.4879426217948718 0.4241015512820513 0.4885426217948718 0.41889706089743595 0.4899677435897436 0.4166810288461538 0.49166790384615383 0.4154611442307692 0.4962881057692308 0.4147215416666667 0.49948041666666665 0.403762483974359 0.5066601057692308 0.4041387564102564 0.5075536346153846 0.40582181410256407 0.5074866121794872 0.4133449551282051 0.5092223653846154 0.4176901217948718 0.5173297916666666 0.41909674999999996 0.5293890096153847 0.4262736666666667 0.5329617532051282 0.42678814743589744 0.5357791762820513 0.42922652564102565 0.5400730288461538 0.4284698205128205 0.5433721185897437 0.43420589743589744 0.544298467948718 0.4290185096153847 0.5427864423076922 0.4266485480769231 0.5442115641025641 0.4244325128205128 0.5433522403846154 0.4220967596153846 0.5446904551282051 0.4152947275641026 0.5443969262820513 0.4084071826923077 0.5485525641025641 0.40404352564102564 0.5467484006410256 0.4010037628205128 0.5482077275641025 0.39813502884615387 0.550234233974359 0.39693225 0.5503710608974358 0.39432145192307694 0.5479141955128205 0.39124748076923077 0.5468140352564103 0.38726287499999995 0.5418147852564102 0.38274667948717944 0.5419174038461538 0.3807885833333333 0.5357837884615385 0.37294047756410253 0.5329321602564102 0.37115480128205125 0.5317464871794871 0.3688019423076923 0.5291698942307692 0.3680124166666667 0.5271419967948717 0.36299744871794876 0.5216966762820513 0.36074859935897435 0.5222624679487179 0.3561968108974359 0.5207504423076923 0.35382684615384613 0.5251127115384615 0.35176474358974363 0.5232230288461539 0.35035672115384614 0.5192897275641025 0.3504778333333333 0.5138786121794872 0.34757628205128205 0.511920516025641 0.34747366346153846 0.5095505544871795 0.3489856891025641 0.504397375 0.34740663782051284 0.49905606089743587 0.3494174326923077 0.49900475 0.35039648397435896 0.5022511442307692 0.3508938621794872 0.5024919743589744 0.3525427115384615 0.500156217948718 0.35340204166666667 0.4963440320512821 0.3574564487179487 0.49096850961538463 0.3601199423076923 0.48466663782051284 0.3679708205128205 0.47341821153846153 0.37654419871794875 0.47228523397435895 0.37943003846153844 0.4651924487179487 0.3836397596153846 0.4606249423076923 0.3896180576923077
2 0.326549375 0.3940450608974359 0.3245912756410257 0.3939424423076923 0.3127229711538462 0.39561116987179484 0.3082922948717949 0.3989786730769231 0.30575129487179487 0.40375419551282055 0.3058566923076923 0.4142315865384615 0.3096032403846154 0.4239180641025641 0.3117850705128205 0.4259958846153846 0.3175396378205128 0.42858818910256413 0.33562568910256413 0.42691807051282055 0.33734295192307695 0.42537184294871794 0.34139458333333333 0.4167485384615385 0.3414958173076923 0.4085726987179487 0.33977716346153847 0.4039011858974359 0.3348121185897436 0.3987322916666667 0.326549375 0.3940450608974359
3 0.4544307884615385 0.4953210993589744 0.44871181730769233 0.49829383653846154 0.4508765384615385 0.5006980064102564 0.44845526602564106 0.5031890801282051 0.44974356089743583 0.5035838429487179 0.4518042788461538 0.5017283653846154 0.45371106410256407 0.5028100352564103 0.45161614423076923 0.5053182115384615 0.45309396153846154 0.5083408717948718 0.4503648301282051 0.5167062371794872 0.4500398685897436 0.5229068782051283 0.45594975320512826 0.528779782051282 0.45620768910256415 0.5301022852564102 0.45603665705128205 0.5333657756410256 0.4546628461538461 0.5346027628205129 0.44775819551282053 0.5352226442307693 0.44896513782051284 0.5559023846153845 0.45121676602564104 0.5628925512820513 0.4596690352564103 0.5702076794871795 0.4751100801282051 0.5690534358974358 0.492097358974359 0.5696164551282051 0.5122968237179487 0.5713295544871795 0.5226373910256411 0.5738349583333333 0.525677157051282 0.5720307884615384 0.5255218365384616 0.5687501923076923 0.5268956474358975 0.5675132051282051 0.5270324743589744 0.5649024102564102 0.525812592948718 0.5632022467948717 0.5264296987179488 0.5576714102564103 0.5297616025641025 0.5565370448717949 0.5313078365384616 0.5582543108974358 0.5311723974358974 0.5670828493589744 0.533337125 0.569487016025641 0.5363084743589744 0.5689882500000001 0.5431433237179487 0.5634560224358974 0.5416312980769231 0.5610860576923077 0.5440012628205129 0.5595740352564103 0.5454605897435898 0.5567053012820513 0.545836858974359 0.5495256121794871 0.5446340833333334 0.5474991025641025 0.54571575 0.5455923173076923 0.5469841666666667 0.5338779391025641 0.5484263910256411 0.5313355544871795 0.5489394871794872 0.5215450673076923 0.5469629006410256 0.5155510544871795 0.5474431762820513 0.5126310128205128 0.5456219102564103 0.5099175961538461 0.5418083333333333 0.5077542596153847 0.5425807564102565 0.5055040224358974 0.5410858333333334 0.5028077115384615 0.5402422243589744 0.493927858974359 0.536789205128205 0.4911289262820513 0.5341955128205128 0.49066575 0.5333190801282052 0.4886563461538462 0.5319110641025642 0.4905460288461539 0.529609516025641 0.4907526538461538 0.5289896346153846 0.4838480064102564 0.5254326089743591 0.47678942628205123 0.5255010224358975 0.47548402884615387 0.5271840801282052 0.4745904967948718 0.523937685897436 0.4740931153846154 0.5168421249999999 0.4658673493589744 0.5162735576923076 0.4579836506410256 0.5116348621794872 0.45283185897435896 0.5118743076923077 0.44826296794871795 0.5079410096153847 0.44838407692307697 0.5057762852564103 0.44597991025641026 0.5025640993589744 0.4448298269230769 0.5009323525641026 0.4447443108974359 0.4946461955128205 0.4460510961538462 0.4911261538461538 0.4507753076923077 0.4870218205128205 0.45415991346153844 0.48631919871794876 0.46132249999999997 0.4758589102564103 0.4611015448717949 0.47391930448717945 0.46689032051282053 0.4746418076923077 0.47183687500000004 0.47196398397435896 0.4792231891025641 0.46890711538461544 0.48135370512820513 0.46677798397435893 0.4845145801282052 0.4638237371794872 0.4846870032051282 0.4607839711538462 0.48649116987179486 0.460286592948718 0.4897375608974359 0.4544307884615385 0.4953210993589744