0 0 0.8039058333333333 0.008828250000000001 0.7990904230769231 0.024879615384615385 0.8119315128205128 0.03451043269230769 0.8151417884615385 0.04895666025641026 0.814339217948718 0.060995185897435904 0.8103263782051282 0.0971107532051282 0.7710005352564102 0.09550561858974359 0.7613697179487179 0.10112359615384615 0.7517388974358975 0.09951845833333334 0.7453183525641025 0.12921348397435897 0.7356875320512821 0.1388443012820513 0.7252541474358974 0.14365971153846152 0.7148207596153846 0.14365971153846152 0.7035848044871795 0.1484751217948718 0.6971642596153846 0.16051364423076925 0.6923488493589743 0.18138041666666668 0.6899411442307692 0.1926163717948718 0.6690743717948718 0.19903691666666667 0.6634563942307692 0.19422150961538462 0.6538255737179488 0.17977528205128207 0.6554307115384616 0.17255216666666667 0.6530230064102565 0.16051364423076925 0.634563939102564 0.09149277564102565 0.634563939102564 0.06581059294871795 0.6128945961538462 0.060192615384615386 0.6032637788461539 0.03852327564102564 0.5848047083333333 0.02808988782051282 0.5799892980769231 0.012038522435897437 0.5631353653846154 0.024879615384615385 0.5518994102564102 0.02568218269230769 0.542268592948718 0.01926163782051282 0.5342429102564102 0.005617977564102565 0.5358480480769231 0 0.5406634551282051 0 0.8039058333333333
2 0.45115409294871794 0.4914074358974359 0.4313651698717949 0.4933384166666666 0.4294688846153846 0.5073756858974359 0.45356741666666667 0.5155470833333333 0.45115409294871794 0.4914074358974359
2 0.31942215064102564 0.5527019807692307 0.32664526602564103 0.5607276602564103 0.3426966282051282 0.5663456378205128 0.35993418910256414 0.5445141794871794 0.38683788141025643 0.5984483685897436 0.3892455865384616 0.6064740512820513 0.39325842628205127 0.6048689134615385 0.40690208653846155 0.6177100064102564 0.4181380416666667 0.6185125737179487 0.42857142948717947 0.6128945961538462 0.43377849038461536 0.6053456378205129 0.4415008012820513 0.5990695544871796 0.44294943910256407 0.591827983974359 0.4281016794871795 0.569549891025641 0.4199947211538462 0.5653836826923077 0.40771589102564104 0.5696193141025641 0.3927536121794872 0.5908624935897436 0.36717335576923077 0.546445157051282 0.335473516025641 0.5302300705128206 0.32504012820512823 0.5342429102564102 0.32022471794871793 0.5430711602564102 0.31942215064102564 0.5527019807692307
2 0.4582664519230769 0.5880149807692308 0.47030497435897434 0.5928303910256411 0.48154092948717947 0.5928303910256411 0.4927768846153846 0.5856072756410257 0.49759229487179485 0.575173891025641 0.4902487948717949 0.5503079198717948 0.47239084935897435 0.5459628141025641 0.45549759294871794 0.5701024615384616 0.47239084935897435 0.592310326923077 0.44657683653846153 0.5790443717948718 0.4582664519230769 0.5880149807692308
2 0.31942215064102564 0.5077581602564103 0.3234349903846154 0.5101658653846154 0.3282504006410256 0.5085607275641026 0.3362760833333333 0.5157838429487179 0.344301766025641 0.5149812724358974 0.35152487820512823 0.5061530224358974 0.3499197435897436 0.5021401826923076 0.3587479935897436 0.47886570512820514 0.361958266025641 0.4772605673076923 0.3699839487179487 0.48047083974358973 0.3715890865384615 0.47806313461538463 0.36035313141025643 0.4684323173076923 0.361958266025641 0.4652220448717949 0.3595505608974359 0.463616907051282 0.34751203846153844 0.463616907051282 0.34510433333333335 0.45880149679487175 0.34028892307692304 0.4596040673076923 0.34028892307692304 0.45559122435897437 0.3346709455128205 0.4523809519230769 0.3234349903846154 0.454788657051282 0.3290529679487179 0.4604066346153846 0.3290529679487179 0.46441947435897435 0.3242375608974359 0.47244515705128204 0.3170144455128205 0.47324772756410255 0.31139646794871795 0.4828785448717949 0.31942215064102564 0.5077581602564103
2 0.4072335480769231 0.4271963621794872 0.4044943814102564 0.42027822435897433 0.38683788141025643 0.4210807916666667 0.38041733653846155 0.4178705192307692 0.37560192628205125 0.42027822435897433 0.37399678846153844 0.4283039070512821 0.3764044935897436 0.43392188461538456 0.3908234358974359 0.4334724455128205 0.4024069006410257 0.43636891346153844 0.4057849102564103 0.4334724455128205 0.4072335480769231 0.4271963621794872
2 0.21669341987179486 0.5222043878205128 0.20064205448717948 0.5214018205128205 0.19020866666666666 0.5326377756410257 0.19181380448717947 0.5438737307692307 0.19903691666666667 0.5518994102564102 0.2102728717948718 0.5502942756410256 0.22070625961538462 0.5438737307692307 0.2215088269230769 0.5326377756410257 0.21669341987179486 0.5222043878205128
2 0.06581059294871795 0.5342429102564102 0.05296950320512821 0.533440342948718 0.04253611538461538 0.5398608878205129 0.04173354807692308 0.5494917083333334 0.04654895512820513 0.5567148205128205 0.06741573076923077 0.5559122532051283 0.0706260032051282 0.5502942756410256 0.0714285705128205 0.5406634551282051 0.06581059294871795 0.5342429102564102
2 0.5361155705128205 0.4379347243589744 0.5184590705128205 0.43713215705128206 0.5144462275641026 0.44275013461538465 0.5152487948717949 0.45639379487179493 0.5280898878205128 0.4620117724358974 0.5337078653846153 0.4620117724358974 0.5385232756410256 0.4579989294871795 0.539325842948718 0.4451578397435898 0.5361155705128205 0.4379347243589744
2 0.49197431730769237 0.4122525416666667 0.4839486346153846 0.41385767948717944 0.4799357948717949 0.42027822435897433 0.4839486346153846 0.43151417948717946 0.49598716025641026 0.430711608974359 0.49919743269230765 0.4275013365384615 0.49759229487179485 0.4162653814102564 0.49197431730769237 0.4122525416666667
2 0.12279293589743591 0.7405029423076923 0.12439807371794871 0.7316746923076922 0.13643659615384615 0.7284644198717949 0.1412520064102564 0.7172284647435898 0.13723916666666666 0.7043873717948718 0.12600321153846153 0.6987693942307692 0.10192616346153846 0.7244515769230769 0.09309791346153846 0.7292669871794871 0.08587479807692307 0.7284644198717949 0.08426966346153845 0.7316746923076922 0.09550561858974359 0.7477260576923077 0.1067415737179487 0.7493311923076923 0.11396468589743589 0.7469234871794872 0.11556982371794873 0.7429106474358974 0.12279293589743591 0.7405029423076923
2 0.9727126794871795 0.3769395384615385 0.9719101121794872 0.38576779166666664 0.9799357948717948 0.3945960416666666 0.9991974326923077 0.3945960416666666 0.9991974326923077 0.3665061538461538 0.9831460673076924 0.36811128846153846 0.9727126794871795 0.3769395384615385
2 0.7134831474358975 0.39379347115384616 0.7022471923076923 0.3921883365384616 0.6958266442307692 0.39539860897435897 0.6934189391025641 0.4074371314102564 0.6966292147435897 0.41546281410256414 0.7094703044871795 0.41546281410256414 0.715088282051282 0.41144997435897435 0.7182985544871795 0.40021401923076927 0.7134831474358975 0.39379347115384616
2 0.8900481538461538 0.3801498141025641 0.8908507211538461 0.39620117628205126 0.9004815416666667 0.3986088814102564 0.9044943814102564 0.39138576923076923 0.9012841089743591 0.3721241314102564 0.8956661314102564 0.3729266987179487 0.8900481538461538 0.3801498141025641
3 0.3587479935897436 0.6490101666666667 0.3635634038461538 0.6241305512820513 0.36035313141025643 0.614499733974359 0.34831460576923073 0.6064740512820513 0.3346709455128205 0.6056714807692308 0.3242375608974359 0.6096843237179487 0.3170144455128205 0.6265382564102564 0.317817016025641 0.6449973237179487 0.3242375608974359 0.6498127339743589 0.3290529679487179 0.6482075961538462 0.33065810576923077 0.6538255737179488 0.34510433333333335 0.6546281442307692 0.3587479935897436 0.6490101666666667
3 0.0706260032051282 0.5703584807692307 0.05617977564102564 0.571161048076923 0.04253611538461538 0.5799892980769231 0.04333868269230769 0.5912252532051282 0.060192615384615386 0.6040663461538462 0.07383627564102564 0.601658641025641 0.08105939102564103 0.5944355256410256 0.08025682051282051 0.5799892980769231 0.0706260032051282 0.5703584807692307
3 0.7873194230769232 0.3809523814102564 0.7728731955128205 0.37774210897435895 0.763242375 0.38336008653846154 0.7624398076923077 0.39539860897435897 0.7688603525641026 0.404226858974359 0.7833065801282051 0.4058319967948718 0.7897271282051282 0.40262172435897436 0.7921348301282051 0.39138576923076923 0.7873194230769232 0.3809523814102564
3 0.8699839487179488 0.36811128846153846 0.861958266025641 0.36811128846153846 0.8515248782051282 0.3769395384615385 0.8515248782051282 0.3873729262820513 0.8571428557692307 0.39299090384615387 0.8707865160256409 0.39299090384615387 0.8788121987179488 0.3841626538461539 0.8780096314102565 0.37372926602564105 0.8699839487179488 0.36811128846153846
3 0.3089887628205128 0.47164258974358975 0.31861958333333334 0.47164258974358975 0.33146067307692306 0.46441947435897435 0.317817016025641 0.45559122435897437 0.3089887628205128 0.4596040673076923 0.3089887628205128 0.47164258974358975
3 0.4149277692307692 0.42669876923076927 0.4052969487179487 0.43392188461538456 0.4044943814102564 0.4395398621794872 0.40770465384615384 0.4435527019230769 0.4181380416666667 0.44194756410256414 0.4245585865384615 0.43713215705128206 0.4237560192307693 0.43151417948717946 0.4149277692307692 0.42669876923076927
3 0.9991974326923077 0.3673087211538461 0.9991974326923077 0.35767790384615383 0.9943820224358974 0.36008560576923077 0.9927768846153847 0.36490101602564107 0.9991974326923077 0.3673087211538461
3 0.7102728717948718 0.3921883365384616 0.7022471923076923 0.3921883365384616 0.6958266442307692 0.39539860897435897 0.6926163717948718 0.40262172435897436 0.6894060993589743 0.41546281410256414 0.7070625993589744 0.41546281410256414 0.7134831474358975 0.413055108974359 0.7134831474358975 0.40342429166666666 0.7199036923076922 0.3986088814102564 0.7102728717948718 0.3921883365384616
3 0.31059390064102566 0.4876939551282051 0.30337078525641026 0.48047083974358973 0.280898875 0.4772605673076923 0.2656500801282051 0.49331193269230766 0.26484751282051283 0.5013376121794872 0.27046549038461537 0.5173889775641026 0.28491171794871795 0.527019798076923 0.3009630833333333 0.527019798076923 0.3138041730769231 0.5109684326923077 0.31059390064102566 0.4876939551282051
3 0.47191011217948714 0.48047083974358973 0.47752808974358973 0.4740502948717949 0.47913322756410254 0.4652220448717949 0.4727126794871795 0.4596040673076923 0.4807383621794871 0.4539860897435898 0.4767255224358974 0.44435526923076923 0.469502407051282 0.4379347243589744 0.4622792948717949 0.4363295865384615 0.4454253621794872 0.4403424294871795 0.4406099519230769 0.4451578397435898 0.43900481410256414 0.46281433974358976 0.4478330673076923 0.46923488461538465 0.4438202243589744 0.47164258974358975 0.44622792948717954 0.47966827243589744 0.4582664519230769 0.4836811121794871 0.47191011217948714 0.48047083974358973
6 0.317817016025641 0.5069555897435897 0.3170144455128205 0.5045478878205127 0.3146067403846154 0.5061530224358974 0.31059390064102566 0.5037453173076923 0.3097913333333333 0.5013376121794872 0.3138041730769231 0.49892991025641026 0.31219903846153846 0.4925093621794872 0.3057784903846154 0.48929908974358977 0.3073836282051282 0.48528625000000003 0.3049759230769231 0.4812734070512821 0.29293740064102564 0.48207597756410253 0.2897271282051282 0.4772605673076923 0.2817014455128205 0.4772605673076923 0.2680577852564103 0.49010165705128206 0.2656500801282051 0.4941145 0.2680577852564103 0.5109684326923077 0.27608346794871796 0.5222043878205128 0.2857142852564103 0.527019798076923 0.3009630833333333 0.527019798076923 0.317817016025641 0.5069555897435897
6 0.13081861858974358 0.4323167467948718 0.1316211891025641 0.4347244519230769 0.14446227884615384 0.4347244519230769 0.15971107692307693 0.4275013365384615 0.15730337179487178 0.4122525416666667 0.14365971153846152 0.404226858974359 0.1332263237179487 0.4074371314102564 0.12841091346153846 0.41385767948717944 0.12760834615384614 0.42027822435897433 0.12841091346153846 0.4242910641025641 0.1332263237179487 0.42669876923076927 0.13242375641025642 0.43151417948717946 0.12600321153846153 0.43392188461538456 0.12841091346153846 0.4347244519230769 0.13081861858974358 0.4323167467948718
6 0.47752808974358973 0.47806313461538463 0.48475120512820513 0.48047083974358973 0.48475120512820513 0.47324772756410255 0.4799357948717949 0.47244515705128204 0.4839486346153846 0.46441947435897435 0.4807383621794871 0.4620117724358974 0.4831460673076923 0.4596040673076923 0.4783306570512821 0.454788657051282 0.4799357948717949 0.45157838461538463 0.47752808974358973 0.44596040705128204 0.47030497435897434 0.4395398621794872 0.45666131730769227 0.4379347243589744 0.4470304967948718 0.4403424294871795 0.44141251923076924 0.4435527019230769 0.43900481410256414 0.45157838461538463 0.4382022467948718 0.4620117724358974 0.44301765705128204 0.46441947435897435 0.4406099519230769 0.4684323173076923 0.4422150897435897 0.4740502948717949 0.4526484743589744 0.48608881730769227 0.47752808974358973 0.47806313461538463
3 0.15248796153846156 0.4250936314102564 0.15730337179487178 0.4250936314102564 0.1581059391025641 0.4178705192307692 0.15168539423076924 0.41546281410256414 0.1508828237179487 0.40904226923076925 0.13563402884615383 0.40823970192307696 0.13001605128205126 0.413055108974359 0.13001605128205126 0.4226859294871795 0.1332263237179487 0.4210807916666667 0.13643659615384615 0.42348849679487177 0.1396468685897436 0.4323167467948718 0.1500802564102564 0.43151417948717946 0.15248796153846156 0.4250936314102564
4 0.3563402884615384 0.48047083974358973 0.34510433333333335 0.4652220448717949 0.33788122115384617 0.463616907051282 0.3242375608974359 0.46923488461538465 0.31139646794871795 0.4812734070512821 0.3162118782051282 0.5085607275641026 0.3346709455128205 0.5165864102564103 0.3418940608974359 0.5165864102564103 0.3507223108974359 0.5101658653846154 0.3563402884615384 0.49892991025641026 0.3563402884615384 0.48047083974358973