0 0.10557779807692307 0.7586619102564103 0.10386084935897436 0.7522703557692307 0.13338327243589743 0.7421227532051282 0.14283053525641026 0.731522875 0.14746312179487178 0.7210070384615385 0.14726702884615386 0.7097727916666666 0.15196965064102563 0.7032691858974359 0.16392230128205126 0.6982444070512821 0.184743875 0.6954728942307692 0.19561394230769233 0.6744132051282051 0.20193546153846154 0.6686840288461539 0.19695270833333334 0.6591387147435898 0.18253669230769232 0.6609957307692308 0.17527265705128206 0.658714451923077 0.16291381410256411 0.6404682980769231 0.09390345833333333 0.6416728782051282 0.06784700320512821 0.6204550512820513 0.062061801282051285 0.6109237500000001 0.04007360576923077 0.592845673076923 0.029557769230769228 0.5882130833333333 0.013214705128205129 0.5716418525641026 0.025857746794871794 0.5601835000000001 0.02649211217948718 0.5505401410256411 0.019932477564102564 0.5426277371794872 0.006318910256410256 0.5444707435897437 0.000785826923076923 0.5493834647435898 0.005380041666666667 0.81258575 0.014122907051282052 0.807617 0.03039593269230769 0.8201759967948719 0.0400813108974359 0.8232177051282051 0.05451133333333334 0.8221631346153847 0.0664779903846154 0.8179408044871794 0.10190172756410257 0.7779906474358974 0.10012875641025641 0.7683893108974359 0.10557779807692307 0.7586619102564103
2 0.4510115705128205 0.49226122435897435 0.4312593621794872 0.4945372756410256 0.42960834935897435 0.5086054999999999 0.45384582371794874 0.5163550769230769 0.4510115705128205 0.49226122435897435
2 0.4202188397435898 0.6199232115384615 0.4305525897435897 0.6141240032051282 0.4356271121794872 0.6064853173076923 0.44323871153846156 0.6000754166666667 0.44456074679487184 0.5928096666666667 0.4293264423076923 0.5707940961538461 0.4211480096153846 0.5667700096153846 0.40894497115384615 0.5712192916666666 0.39435571474358977 0.5927203621794872 0.3680041666666667 0.5487562275641026 0.3360261602564103 0.5330968493589744 0.3256643974358974 0.5372911666666667 0.32100379487179487 0.5462021121794872 0.3203694294871795 0.5558454711538462 0.3277315128205128 0.5637438685897437 0.34387847756410256 0.5690808557692307 0.36073240064102563 0.5469518846153846 0.38857327884615384 0.6004083269230769 0.39112068269230765 0.608390766025641 0.39510489743589744 0.6067158397435898 0.40897058974358974 0.6193168621794872 0.4202188397435898 0.6199232115384615
2 0.474006092948718 0.5927781121794872 0.44796448717948717 0.5799646955128205 0.45980888141025644 0.5887299262820513 0.4719296121794872 0.5933345032051281 0.4831638557692307 0.5931384070512821 0.49427203846153844 0.585720298076923 0.4989046282051282 0.5752044615384616 0.4911282756410256 0.5504704391025641 0.4731972147435897 0.5464376602564103 0.4567278269230769 0.5708684583333333 0.474006092948718 0.5927781121794872
2 0.3615824326923077 0.47967319230769234 0.36966291987179484 0.4827429070512821 0.37122579166666664 0.48030755448717943 0.35982346794871795 0.47087429807692305 0.36137233012820513 0.46763650320512823 0.35893698076923075 0.4660736282051282 0.34690029166666664 0.4662837307692308 0.34440891025641024 0.46151107371794875 0.33960824038461535 0.46239756089743583 0.3395382083333333 0.4583853301282051 0.3338650576923077 0.455273592948718 0.3226728365384615 0.45787702884615383 0.32838800320512823 0.4633961025641026 0.3284580384615385 0.46740833012820515 0.3237834326923077 0.47551683012820517 0.31657542307692305 0.47644533974358977 0.31112638141025645 0.48617273717948717 0.3195850512820513 0.5109084967948717 0.32363930128205126 0.5132458012820512 0.32842596474358976 0.5115568685897436 0.33657648397435896 0.5186388141025642 0.3445869391025641 0.5176962980769231 0.3516548782051282 0.5087433333333333 0.34997995192307696 0.5047591185897436 0.3584006634615384 0.4813341121794872 0.3615824326923077 0.47967319230769234
2 0.40131125 0.4380818397435897 0.4046381923076923 0.435126858974359 0.40597707692307694 0.42882644871794867 0.40311758974358974 0.4219571698717948 0.38547778525641024 0.4230677628205128 0.3790021923076923 0.4199700320512821 0.37422953525641023 0.4224614134615385 0.3727647115384615 0.43051388461538465 0.37527009615384616 0.4360889871794872 0.3896789967948718 0.43538797115384614 0.40131125 0.4380818397435897
2 0.21712408974358974 0.5271453878205128 0.20106116025641027 0.5266230769230769 0.19082545833333334 0.5380394102564102 0.19262644551282052 0.5492456378205128 0.19998852564102565 0.5571440352564102 0.2111947532051282 0.5553430512820513 0.22151449999999998 0.5487413974358974 0.22212084935897436 0.5374931474358974 0.21712408974358974 0.5271453878205128
2 0.06647434294871794 0.5418153461538462 0.05362120192307692 0.5412370064102564 0.043301458333333334 0.5478386634615384 0.04266709294871795 0.5574820224358975 0.047607826923076926 0.5646199935897436 0.06845741987179488 0.5634533749999999 0.07156915384615384 0.5577802243589743 0.07220351923076923 0.5481368653846154 0.06647434294871794 0.5418153461538462
2 0.5350268814102563 0.43731387499999996 0.5173590641025642 0.43681957692307694 0.5134448782051282 0.442506733974359 0.5144854391025641 0.45613430769230773 0.527422625 0.46152732051282047 0.5330397467948718 0.46142927564102565 0.5377843878205127 0.4573330032051282 0.5383627243589744 0.4444798621794872 0.5350268814102563 0.43731387499999996
2 0.4824476891025641 0.4141509358974359 0.47854751282051283 0.42064053525641026 0.48275583653846155 0.43180474358974363 0.4947785224358975 0.4307921955128205 0.4979322788461539 0.42752638461538456 0.49613129166666664 0.41632015384615384 0.49044413461538466 0.4124059743589743 0.4824476891025641 0.4141509358974359
2 0.08992512500000001 0.7356571057692307 0.08837626282051282 0.7388949006410257 0.09989064102564103 0.7547477275641026 0.11115289743589744 0.7561565224358975 0.11833289102564103 0.753623125 0.11986775000000001 0.7495828814102564 0.1270477403846154 0.747049483974359 0.12849856089743592 0.738194564102564 0.14047922115384617 0.7347746794871794 0.1450978044871795 0.7234563942307692 0.14086146794871793 0.7106872916666667 0.12952917628205127 0.705266266025641 0.10590401282051282 0.7313647371794872 0.09716114743589745 0.7363334903846154 0.08992512500000001 0.7356571057692307
2 0.9780231442307692 0.3862360608974359 0.9972818493589742 0.3858998974358974 0.9967916121794872 0.35781428846153845 0.9807707051282051 0.3596993141025641 0.9704929807692307 0.36870830769230767 0.9698446121794871 0.37754922115384615 0.9780231442307692 0.3862360608974359
2 0.7115970737179487 0.3900838525641026 0.7003348173076923 0.38867505769230765 0.6939712724358974 0.3919968942307692 0.6917740352564102 0.4040756025641026 0.6951238910256411 0.41204403525641026 0.7079630224358975 0.4118199294871795 0.7135101121794871 0.4077096538461538 0.7165238012820513 0.3964193814102564 0.7115970737179487 0.3900838525641026
2 0.8986510288461539 0.39163495833333334 0.9025371955128205 0.38434291025641026 0.89899125 0.36514023397435896 0.8933881346153846 0.36604072756410255 0.8878970737179487 0.3733607884615385 0.8889796538461538 0.3893956987179487 0.8986510288461539 0.39163495833333334
3 0.3268789230769231 0.6528573942307693 0.33166558333333335 0.6511684615384615 0.33336852243589743 0.6567575673076923 0.3478265576923077 0.6573078942307692 0.3613700929487179 0.6514526602564102 0.3657505608974359 0.6264927916666667 0.36237269551282053 0.6169194679487179 0.3501959358974359 0.609105108974359 0.33654034615384615 0.6085407756410256 0.32617858653846155 0.6127350961538461 0.3192507115384616 0.6297125224358974 0.3203753141025641 0.6481547724358975 0.3268789230769231 0.6528573942307693
3 0.07191932371794871 0.577841375 0.05748930448717948 0.5788959423076923 0.04400179487179487 0.5879609615384614 0.04500033333333333 0.5991811987179487 0.062075807692307694 0.6117261923076923 0.0756753717948718 0.6090807403846153 0.08277132371794872 0.6017326634615384 0.08171675641025641 0.5873026442307693 0.07191932371794871 0.577841375
3 0.7851979967948718 0.3759560961538462 0.7706979423076924 0.3729984358974359 0.7611666346153846 0.3787836378205128 0.7605742916666667 0.39083433333333334 0.7671479326923077 0.3995491858974359 0.7816199743589743 0.40090195833333336 0.787983516025641 0.39758011858974357 0.7901947564102564 0.38630385576923076 0.7851979967948718 0.3759560961538462
3 0.8676258237179487 0.361674266025641 0.8596013621794872 0.36181433333333335 0.8493236378205128 0.3708233269230769 0.8495057243589744 0.38125512500000003 0.8552208942307692 0.3867741987179487 0.8688624775641025 0.38653608333333334 0.8767328621794872 0.3775691121794872 0.8757483301282051 0.3671513205128205 0.8676258237179487 0.361674266025641
3 0.31706972435897435 0.45877751923076926 0.30831284935897435 0.46294382692307695 0.3085229487179487 0.474980516025641 0.3181523044871795 0.4748124326923077 0.3308653782051282 0.46736631089743585 0.31706972435897435 0.45877751923076926
3 0.4041581506410256 0.43558474358974364 0.4034537532051282 0.44121587500000004 0.4067335705128205 0.4451720737179487 0.4171373557692307 0.443385092948718 0.4234728814102564 0.4384583653846154 0.4225723878205129 0.43285524999999997 0.41366144230769225 0.42819464743589747 0.4041581506410256 0.43558474358974364
3 0.9968056217948718 0.35861673397435895 0.9966375384615385 0.3489873846153846 0.9918648814102564 0.3514787596153846 0.9903440288461539 0.35632144871794874 0.9968056217948718 0.35861673397435895
3 0.7181006794871795 0.39478647435897435 0.7083592724358975 0.38853499038461536 0.7003348173076923 0.38867505769230765 0.6939712724358974 0.3919968942307692 0.6908875512820513 0.3992749358974359 0.687901875 0.41217009615384614 0.7055556858974359 0.4118619487179487 0.7119332339743589 0.4093425576923077 0.7117651538461539 0.39971320512820513 0.7181006794871795 0.39478647435897435
3 0.31402395833333335 0.514216326923077 0.3104079775641026 0.49100142307692307 0.3030599006410256 0.48390546794871797 0.2805353878205128 0.4810878717948718 0.26556905128205127 0.49740291987179486 0.26490667307692306 0.5054413846153846 0.27080392948717946 0.5213922596153846 0.28541603846153846 0.5307694903846153 0.30146495833333337 0.5304893557692307 0.31402395833333335 0.514216326923077
3 0.4443925064102564 0.44130397435897434 0.43966186858974354 0.4462026923076923 0.43836512499999997 0.463884516025641 0.44730408653846154 0.4701500096153846 0.443333875 0.4726273814102564 0.445881282051282 0.48060982051282053 0.4579880032051282 0.48441194871794874 0.4715735608974359 0.48096405128205133 0.4770786282051282 0.4744464358974359 0.4785294455128205 0.46559151602564103 0.4720118301282052 0.46008644871794874 0.47993824358974363 0.4543292596153846 0.4757579326923077 0.4447699391025641 0.46842386217948717 0.4384764326923077 0.4611738365384615 0.43699759935897436 0.4443925064102564 0.44130397435897434
6 0.30715617307692306 0.48865010897435895 0.30467880128205127 0.4846798974358974 0.29265611858974355 0.48569244871794875 0.2893622948717949 0.48093379807692305 0.28133783653846156 0.4810738653846154 0.26792036217948717 0.4941511153846154 0.26558305769230767 0.4982053653846154 0.2682845352564103 0.5150147115384615 0.27650509294871795 0.5261088878205128 0.286218483974359 0.530755483974359 0.30146495833333337 0.5304893557692307 0.31796615384615384 0.5101340608974358 0.3171216858974359 0.5077407339743589 0.3147423621794872 0.5093876442307692 0.31068811217948716 0.5070503397435897 0.30984364743589743 0.5046570064102565 0.31381385576923077 0.5021796378205128 0.31209691025641023 0.4957880833333333 0.3056213141025641 0.4926903525641026 0.30715617307692306 0.48865010897435895
6 0.12627372756410254 0.42678949679487177 0.12714620512820513 0.43078771794871795 0.13200290384615385 0.43311101602564106 0.1312844967948718 0.43793969871794874 0.12490695192307691 0.44045909294871793 0.12732829166666668 0.4412195160256411 0.1296936121794872 0.43877016025641025 0.13053808012820511 0.4411634903846154 0.14337721474358975 0.44093938141025635 0.1584976282051282 0.43345124038461535 0.15582416025641024 0.41824678846153845 0.14204251282051283 0.4104604423076923 0.13166674038461537 0.41385231089743585 0.1269641185897436 0.4203559230769231 0.12627372756410254 0.42678949679487177
6 0.4790937756410257 0.4519359294871795 0.47658839102564104 0.44636082692307694 0.46925432371794873 0.44006732051282055 0.4555847307692308 0.43870054166666667 0.4459973974358974 0.44127596153846155 0.44043630128205125 0.4445837916666666 0.4381690288461539 0.45265027243589745 0.4375486730769231 0.4630960769230769 0.44240536858974355 0.4654193717948718 0.44006806410256405 0.469473625 0.44177100641025635 0.47506273397435894 0.45241290384615385 0.4869173333333333 0.4771486602564103 0.4784586634615384 0.4844126955128205 0.4807399423076923 0.4842866346153846 0.47351792948717947 0.4794579519230769 0.47279952243589746 0.4833301121794871 0.46470502884615383 0.4800783108974359 0.4623537211538461 0.4824436282051282 0.45990436217948716 0.47754491025641027 0.4551737243589744 0.4790937756410257 0.4519359294871795
3 0.13190485576923075 0.4274938942307692 0.13515666025641027 0.4298452051282051 0.13852051602564103 0.43861608333333335 0.1489383076923077 0.4376315512820513 0.15123359294871794 0.4311699615384615 0.15604826923076923 0.43108591987179484 0.15672465384615383 0.4238499006410257 0.15026306730769232 0.4215546185897435 0.1493485641025641 0.41514905769230775 0.13408808653846155 0.4146127403846154 0.1285550032051282 0.41952546153846154 0.12872308653846154 0.42915481410256406 0.13190485576923075 0.4274938942307692
4 0.35092246474358973 0.5127695705128205 0.3563434935897436 0.501437282051282 0.3560213365384616 0.4829810224358974 0.34452096474358973 0.46793064423076924 0.3372709391025641 0.46645181089743587 0.32372740384615384 0.4723070480769231 0.3110983685897436 0.4845678461538462 0.31638927564102565 0.5117669679487179 0.3349855993589744 0.5194692724358975 0.3422076153846154 0.5193432147435897 0.35092246474358973 0.5127695705128205