4 0.4020117596153846 0.6460245288461538 0.416840875 0.639092733974359 0.42807577243589745 0.632098201923077 0.42941698076923074 0.6301605288461538 0.42987490705128206 0.6226510384615385 0.42913255448717946 0.5902802115384616 0.4205156923076923 0.5783633044871795 0.4179245224358974 0.5770106858974359 0.41510926923076924 0.5697709102564102 0.4070888685897436 0.5611328878205128 0.4074384262820513 0.5598315961538461 0.40171096153846153 0.55090675 0.39365634294871793 0.5442292147435898 0.3829250032051282 0.5411002756410256 0.3802653942307692 0.5436686282051283 0.37411422435897435 0.5402927884615385 0.36857662179487183 0.5392155865384616 0.3584531506410257 0.5387120352564103 0.34175480128205127 0.5403816474358974 0.33683077243589743 0.5416030865384616 0.3285594230769231 0.5473419583333333 0.3001910673076923 0.5622086025641025 0.2912377051282051 0.5695698076923077 0.28587285897435893 0.5773204967948719 0.28074351282051285 0.5903048493589744 0.27471541666666666 0.6173279423076923 0.27424038461538464 0.6258176762820512 0.27704993589743593 0.6333842019230769 0.3031017948717949 0.6763290705128205 0.3098494262820513 0.682983794871795 0.31407433333333334 0.6843649294871795 0.32816440384615386 0.6823229423076923 0.34227158333333335 0.6793007115384615 0.3478719198717949 0.676783689102564 0.359771717948718 0.6691470705128205 0.3709552788461538 0.665093266025641 0.379880125 0.6593657980769231 0.3835256826923077 0.6564878076923077 0.3868901153846154 0.6509901346153847 0.4020117596153846 0.6460245288461538
4 0.4778448108974359 0.5708659615384616 0.4859222467948718 0.5762365096153845 0.4861520352564103 0.581796923076923 0.49823599358974363 0.5823346955128205 0.4998526217948718 0.5833434551282052 0.5003635352564103 0.5915235544871795 0.5032814487179487 0.592881875 0.5094896538461539 0.5929902371794872 0.5212810833333333 0.5915618237179486 0.5255687275641026 0.5893487307692308 0.5272423878205128 0.587090016025641 0.5266288173076923 0.584791375 0.5351470705128205 0.583632673076923 0.5420715064102564 0.5801582243589744 0.5426149839743589 0.567747516025641 0.5466215064102564 0.5629147435897436 0.5508863365384615 0.5620086442307692 0.5519065 0.5597385192307692 0.5457667371794872 0.5557091858974359 0.5424992596153846 0.5556521506410257 0.538319983974359 0.5516570352564103 0.5361240064102564 0.5463891506410256 0.536811717948718 0.5444400705128205 0.5355845769230769 0.5398427916666666 0.5294220000000001 0.5371204455128206 0.5256379102564103 0.5292100608974359 0.5198591153846154 0.5232259455128205 0.5049599038461539 0.5154483942307692 0.48009286217948716 0.5169754198717949 0.4698838397435897 0.5213730833333333 0.4619620480769231 0.5258106666666666 0.4632462275641026 0.5271404711538461 0.47074431089743585 0.5282518910256411 0.47197715705128207 0.5325224230769231 0.4758467980769231 0.535531592948718 0.48480181410256407 0.5468007083333334 0.48729602564102564 0.553708032051282 0.4840000320512821 0.5552847371794872 0.4722200096153846 0.5560596602564102 0.4747598429487179 0.5603530032051283 0.4727537307692308 0.5629327628205127 0.47360279807692307 0.5704650705128206 0.47554046794871796 0.5718062788461539 0.4778448108974359 0.5708659615384616
6 0.4877360993589744 0.6033964871794871 0.4926373141025641 0.6034820352564102 0.4975784487179487 0.6012803525641025 0.5032301185897436 0.5958226025641026 0.504605548076923 0.5919244423076924 0.5034354423076923 0.5840596891025641 0.4937527820512821 0.5770268846153846 0.49485279807692306 0.570182298076923 0.49360283974358976 0.5668920064102564 0.4922844423076923 0.5675226858974359 0.489091108974359 0.5632179358974359 0.4910915192307692 0.560964923076923 0.49084461858974354 0.5563847532051281 0.4790686442307692 0.538202608974359 0.4703719358974359 0.5308601666666667 0.45965770512820514 0.5267509839743589 0.43711211858974364 0.5263574487179488 0.4065648974358974 0.5349759679487179 0.39595498076923075 0.5436156442307692 0.39655714743589743 0.5465677788461538 0.4026683942307692 0.5522308525641026 0.4096914423076923 0.5618320064102564 0.4246436378205128 0.5852991506410257 0.4296833878205128 0.5961730737179487 0.42917413141025645 0.6066232948717949 0.4266701698717949 0.618999782051282 0.4272324102564103 0.6242391474358975 0.4304314423076923 0.6282171538461538 0.4333721730769231 0.6282684871794871 0.4445842532051282 0.6225809423076922 0.4505569647435897 0.6174556442307693 0.46575275320512827 0.6082423173076923 0.4877360993589744 0.6033964871794871
2 0.6133554711538461 0.5970911506410257 0.6027341474358975 0.6063843237179487 0.5983495480769231 0.614152125 0.5982468878205128 0.6200335801282052 0.6023063942307691 0.6308903974358975 0.6067439775641026 0.6388121858974359 0.6102754647435897 0.6424691474358974 0.6135201250000001 0.6438331698717948 0.6229786955128205 0.6449788141025642 0.6344319743589744 0.6441981891025641 0.6427147307692308 0.6378058237179487 0.6490826314102563 0.6287652532051282 0.6489326891025641 0.6186303717948718 0.642293423076923 0.6057674455128206 0.6352475608974358 0.5974732788461539 0.629056467948718 0.5963846730769231 0.6133554711538461 0.5970911506410257
2 0.751222544871795 0.5632175961538461 0.7430481506410256 0.5634017596153846 0.7334926217948717 0.5678108269230769 0.7250257019230769 0.5660288012820514 0.7155329102564102 0.5668436442307693 0.7079207596153846 0.5722671762820513 0.7055194551282051 0.5787622019230769 0.705027310897436 0.5882321794871794 0.7078254551282052 0.5964522019230769 0.7120161378205128 0.5997938237179488 0.7237391282051282 0.6022863782051282 0.732893766025641 0.6021193237179487 0.7388550705128205 0.5976475192307692 0.7489728397435897 0.5984778205128205 0.7565108493589744 0.5973020096153846 0.7611423493589744 0.5941143814102564 0.7671949102564103 0.5844146121794872 0.7660362083333333 0.5758963621794871 0.7622235993589743 0.5696197147435897 0.7580386185897436 0.5659513461538461 0.751222544871795 0.5632175961538461
2 0.6170889711538461 0.5517245641025641 0.6255844102564102 0.5518728525641026 0.6352083782051282 0.5435428141025641 0.6359132051282052 0.5406134935897436 0.6321120032051282 0.5336833493589744 0.6305238942307693 0.5310408525641025 0.6260007596153846 0.5280202788461538 0.6155448333333334 0.5278377692307692 0.6082423173076923 0.5342472467948718 0.6083922596153847 0.544382125 0.6122219775641026 0.5496785288461538 0.6170889711538461 0.5517245641025641
2 0.6505598108974359 0.5441376217948718 0.6492357115384616 0.5450950512820513 0.6484111121794872 0.5548860705128205 0.6522579423076923 0.559202233974359 0.6659471217948718 0.5614022596153846 0.6708825576923078 0.5595273269230769 0.6746992115384616 0.546846907051282 0.6725203461538461 0.5405987788461538 0.6696252435897436 0.5379334679487179 0.6644315 0.5358817243589744 0.6618118173076923 0.5361628461538461 0.6598342211538462 0.5371088685897436 0.6601267467948718 0.5390750576923077 0.6550943557692308 0.5465047019230769 0.6531338685897436 0.5464704807692308 0.6505598108974359 0.5441376217948718
3 0.26807466987179485 0.7169004134615385 0.2681145929487179 0.7146131794871795 0.2707684967948718 0.7123715737179487 0.2685211858974359 0.7100444166666667 0.2663366153846154 0.7041230352564103 0.2618476987179487 0.6991419743589743 0.25839605769230767 0.6909105448717948 0.2428547596153846 0.682468092948718 0.23732286217948717 0.681064141025641 0.23435932051282052 0.6823198044871795 0.23267425320512822 0.685232016025641 0.22806556410256412 0.6871126506410256 0.22812830128205128 0.6835184294871794 0.22617352243589744 0.6831574615384616 0.2205959967948718 0.6843674935897436 0.21724297115384616 0.6892116730769231 0.20938962179487178 0.6897282852564103 0.206391858974359 0.6929444326923078 0.2063063108974359 0.6978456474358975 0.2036181826923077 0.7020477371794872 0.1977481314102564 0.7012915833333333 0.19581616346153846 0.699623625 0.1957819423076923 0.701584108974359 0.19249165384615383 0.7028340673076924 0.1897008653846154 0.7129176153846154 0.1922121891025641 0.7188446987179488 0.18905473076923077 0.7312097788461538 0.18933014423076924 0.7341562115384616 0.1912678173076923 0.735497419871795 0.18917044871794872 0.7433051442307692 0.19437559935897436 0.7447033878205128 0.20908494551282053 0.7446332916666667 0.21334977243589742 0.7437271955128205 0.2153615897435897 0.740820689102564 0.21992465064102562 0.7415540288461538 0.25255783653846153 0.7257812852564103 0.25751608012820515 0.722599358974359 0.2591954455128205 0.7200138974358975 0.26807466987179485 0.7169004134615385
3 0.519421032051282 0.7542992435897435 0.516744314102564 0.7578478397435897 0.5136284358974359 0.7865560032051282 0.5174581506410256 0.791852407051282 0.524882092948718 0.7972115448717949 0.5424694326923076 0.8007870064102565 0.5583146634615385 0.8105421538461538 0.5726972596153846 0.8104663557692308 0.5760103653846154 0.807909407051282 0.5746161698717949 0.7941574903846155 0.5712044551282052 0.7836388301282051 0.5568087948717949 0.7657378044871794 0.5510185929487179 0.7604071826923077 0.5435775416666667 0.7560282884615385 0.5318887724358975 0.7515752435897436 0.519421032051282 0.7542992435897435
3 0.5243272083333333 0.8102757467948718 0.5292854551282051 0.8070938237179488 0.5273477820512821 0.8057526121794871 0.519161983974359 0.8065902692307692 0.5131949775641026 0.8113888237179487 0.5127883814102564 0.8159575865384615 0.5192206730769231 0.8219531089743589 0.5236753685897436 0.8288946570512821 0.5233258076923076 0.8301959423076923 0.5281699871794873 0.8335489711538461 0.5719541666666667 0.8343132275641025 0.5736449391025641 0.8310742660256409 0.5720454230769231 0.829085266025641 0.5642548076923077 0.826007657051282 0.5564356794871795 0.824563782051282 0.5588198717948718 0.8190489967948718 0.5582062980769231 0.816750358974359 0.5245798108974359 0.8145291698717949 0.5243272083333333 0.8102757467948718
3 0.7437130512820513 0.5627596698717949 0.7344728653846153 0.567827935897436 0.7327992051282052 0.5700866506410256 0.7404073044871795 0.5836201891025641 0.7402818301282051 0.5908086346153846 0.7385739487179487 0.5950278365384616 0.7395256762820512 0.5966786858974359 0.744404076923077 0.5980712243589743 0.7542065032051283 0.5982423269230769 0.7608098974358974 0.5944354262820513 0.7665014871794872 0.5866904391025641 0.7672861634615384 0.5791866506410256 0.7644652051282051 0.5722736185897437 0.7609394230769231 0.5682899134615385 0.7505747532051282 0.5628794391025641 0.7437130512820513 0.5627596698717949
3 0.7797864711538461 0.5558718493589744 0.7827500128205128 0.5546161891025642 0.7864240801282052 0.5501044583333333 0.7852767852564103 0.5409327115384616 0.7807878717948719 0.5359516538461538 0.7752787884615384 0.5332407115384615 0.7680846378205128 0.5334419839743589 0.7647886442307692 0.5350186891025641 0.7617110352564103 0.5428093012820513 0.7622504615384615 0.5493556602564102 0.7677139198717949 0.5546805801282051 0.7797864711538461 0.5558718493589744
3 0.6472695224358974 0.5453875801282051 0.6468173012820513 0.5525703205128205 0.6496439615384616 0.5591566057692308 0.6532096666666666 0.5608530801282051 0.6646230224358974 0.5623596891025641 0.6675694551282051 0.5620842724358974 0.6718685032051283 0.5592176891025641 0.6746022532051281 0.5524016153846153 0.6750202564102564 0.5471793589743589 0.6744294967948717 0.5435737275641025 0.6702787371794872 0.537944875 0.6634683685897436 0.534884375 0.653992689102564 0.5347189743589744 0.6486620641025641 0.5405091762820512 0.6472695224358974 0.5453875801282051