6 0.7417730576923076 0.7950349070512821 0.7447663717948718 0.8037616987179488 0.7541201346153846 0.8152264262820512 0.7542409711538461 0.818183233974359 0.7575762275641026 0.8220200096153846 0.7633074743589743 0.8243863493589745 0.7713663205128205 0.8262602596153846 0.7901011153846154 0.8206908205128206 0.8273449807692308 0.7987255096153846 0.833456907051282 0.7909630128205128 0.8389806025641027 0.7635036602564103 0.8450947660256409 0.741654717948718 0.8464534487179487 0.731594266025641 0.8427123301282051 0.7054526282051282 0.8427670096153846 0.6953009935897436 0.839614125 0.6888562083333333 0.8301235801282052 0.6793474903846154 0.8084205032051281 0.6617776923076922 0.8002636153846153 0.6566209711538462 0.7577648429487179 0.6366142051282051 0.7455135705128205 0.6337919391025642 0.7144135192307692 0.6381691217948718 0.707665532051282 0.6409732115384615 0.704125108974359 0.6400704487179487 0.7004638525641026 0.6362108814102564 0.7009881666666666 0.6287128493589744 0.6989272628205128 0.6207064487179488 0.6959636057692308 0.6162404647435897 0.6885795544871794 0.6140861506410256 0.6854722596153846 0.6069893621794872 0.6818634487179488 0.6070646057692307 0.6759201826923077 0.6030454615384615 0.6728356858974359 0.5956226730769231 0.667893217948718 0.591345919871795 0.6523066923076923 0.5846868782051282 0.6487206762820512 0.5844361217948718 0.6429050993589743 0.5879606025641025 0.6416466858974359 0.5872174134615386 0.6400919230769231 0.5907122435897436 0.63390475 0.5948659294871795 0.6301432211538461 0.6018099967948718 0.6230236378205128 0.6052432916666667 0.619483217948718 0.604340532051282 0.6213480384615385 0.6057813141025641 0.6135514262820513 0.6235814615384615 0.6038990737179487 0.6304411987179487 0.5996816185897436 0.6439052916666667 0.588392407051282 0.6460642307692307 0.5856385288461539 0.6573375 0.5827569647435897 0.6610671474358975 0.5720741634615385 0.6639236794871796 0.5706014967948718 0.6756141378205128 0.5639356057692309 0.6866138493589744 0.5634500320512821 0.6888730641025641 0.5712877692307692 0.6985938044871794 0.581211439102564 0.7019084967948718 0.5866235384615385 0.7088388525641026 0.594614 0.7116907692307692 0.5959635961538462 0.7111299519230769 0.6690814647435898 0.7476920096153846 0.6756311442307693 0.7524087467948718 0.6786176025641025 0.7565487243589744 0.6821808173076923 0.757125483974359 0.7053018814102564 0.773156467948718 0.7141791602564103 0.7773807724358974 0.7219416570512821 0.7834927051282051 0.7417730576923076 0.7950349070512821
6 0.580595641025641 0.6170182307692308 0.5853123782051282 0.6104685512820512 0.5894751506410256 0.607156092948718 0.5922130865384616 0.600795641025641 0.5983318685897435 0.5976199583333334 0.6082509198717948 0.582261391025641 0.6136037179487179 0.5806701217948719 0.6139000673076923 0.5764321057692308 0.6074028397435897 0.5756501794871794 0.5895024134615385 0.5786571987179487 0.5857203237179487 0.5718408237179486 0.5859254903846154 0.5689068108974359 0.5829321794871795 0.560180016025641 0.5754204391025641 0.5504820737179487 0.5579394358974359 0.5381214423076923 0.5546794230769231 0.5378934807692308 0.5521101506410256 0.5324722916666668 0.5379940576923077 0.5282092435897436 0.523976 0.5272290064102564 0.5094723653846154 0.5285079807692308 0.49702277884615387 0.5332065416666667 0.4948388108974359 0.5363297788461538 0.49777967948717955 0.5411217596153847 0.4725819230769231 0.5688433429487179 0.4684647403846154 0.5715038012820514 0.46728157051282054 0.5743694262820512 0.4672930448717949 0.5976295 0.46495635256410256 0.6076215641025642 0.4652436185897436 0.6128831730769231 0.48233023076923076 0.626199016025641 0.4902522980769231 0.6300289358974359 0.4956188076923077 0.6376112948717948 0.4997200480769231 0.639863657051282 0.5052233301282052 0.6454900064102563 0.5258959583333334 0.659056608974359 0.5320056506410256 0.6653805608974359 0.54176975 0.6709772596153847 0.5726553910256411 0.6321875705128205 0.5768500512820512 0.6190494807692308 0.580595641025641 0.6170182307692308
4 0.4587486217948718 0.5980148044871795 0.45517854807692304 0.5928512275641026 0.4595533429487179 0.5911915705128206 0.4634813012820513 0.5865523076923077 0.4623824615384615 0.5835271121794872 0.46461202564102566 0.579751875 0.46297516346153844 0.5750510801282052 0.4639007211538461 0.5711846538461538 0.4664334903846154 0.5677582147435897 0.47113428525641027 0.5661213525641026 0.4716198621794872 0.563862141025641 0.46949742307692305 0.5614205576923077 0.48179875641025643 0.5354179294871795 0.48558993910256415 0.5327346762820513 0.48775796474358973 0.5345242564102565 0.48722680128205126 0.5374354711538462 0.4884624166666667 0.5385046602564102 0.49006277243589746 0.5343578269230769 0.4957871634615385 0.5321373557692308 0.4980395256410256 0.5280361121794872 0.5044159198717949 0.5258612307692307 0.5043406762820513 0.5222524230769231 0.5064562596153847 0.520107189102564 0.4927732884615384 0.5096501153846155 0.4858292243589744 0.5058885833333334 0.48594320512820516 0.5042585801282051 0.48223635576923074 0.5010510096153846 0.47170627564102563 0.4970387243589744 0.4705549871794871 0.49007871474358977 0.46731777243589745 0.48952474999999995 0.4650426153846154 0.4939519903846154 0.46171421153846154 0.49470203525641027 0.46145660256410254 0.493701233974359 0.4568241955128205 0.4943600897435898 0.4497661442307692 0.49222856730769227 0.44591566346153844 0.48639019230769226 0.4443927852564103 0.480059391025641 0.4406859358974359 0.4768518269230769 0.43427988782051286 0.4747658942307692 0.4309377788461538 0.46634230448717945 0.4236745673076923 0.46714479166666667 0.4185497275641025 0.4654760480769231 0.41705649999999994 0.46340605769230775 0.38971798076923075 0.46083917307692307 0.3776627852564102 0.46458252884615386 0.3713069551282051 0.48051785256410257 0.36728095512820513 0.4818743044871795 0.36537739423076926 0.4856723397435898 0.36316377564102564 0.48453476282051283 0.36002459615384613 0.48726360897435894 0.3554286923076923 0.4967700897435897 0.3499847115384615 0.49966536538461537 0.34215159294871794 0.5086178878205129 0.3406880096153846 0.5108087147435898 0.3415132980769231 0.5177459230769231 0.34997338782051285 0.5232514423076923 0.3627080032051282 0.5379009423076924 0.4048260961538461 0.5680365416666666 0.40967737499999995 0.5736173012820512 0.42367949038461544 0.5795103557692308 0.4262031698717949 0.5855835448717949 0.4322148269230769 0.5886246858974359 0.44179655128205125 0.5968294006410256 0.4503934230769231 0.6003789102564102 0.4528190608974359 0.6031692884615385 0.4544490673076923 0.6032832724358974 0.4587486217948718 0.5980148044871795
4 0.9572827307692308 0.8097772147435897 0.9458498846153847 0.8093053493589744 0.9367127628205129 0.8181666858974359 0.9309655705128205 0.8207131602564102 0.9242700320512821 0.827452060897436 0.9161246185897435 0.8455554166666667 0.9147955801282052 0.8598766762820512 0.9171984262820513 0.8629930576923076 0.9752266602564102 0.8670507884615384 0.9797631121794871 0.8021765256410257 0.9650474615384615 0.8018026987179487 0.9645322339743589 0.7998010961538461 0.9676645608974359 0.7924854358974359 0.9652617147435897 0.7893690544871794 0.9616073108974359 0.7900963012820512 0.9638505833333334 0.7954946923076923 0.9637024070512822 0.797613701923077 0.9594826442307692 0.8017411634615385 0.9614683012820513 0.8061387564102563 0.9572827307692308 0.8097772147435897
2 0.45274382051282047 0.5995604775641026 0.46189465064102564 0.5998727692307693 0.46596624358974364 0.5978643173076923 0.4657655448717949 0.572625439102564 0.4766625993589743 0.5573352596153845 0.4753585961538461 0.5572440737179487 0.47360775320512816 0.5541732852564102 0.4697869198717949 0.5525957275641026 0.4677032243589744 0.544915326923077 0.47689279487179487 0.5399888012820513 0.48409447435897435 0.5447511314102564 0.4880064935897436 0.5450246891025642 0.49458119871794876 0.5353289775641026 0.49841797435897434 0.5319937211538461 0.5081455641025641 0.5287427948717949 0.5106783333333333 0.5253163557692309 0.5085490448717949 0.5182879583333333 0.4965644711538461 0.5069668621794872 0.48808158333333335 0.5017873461538461 0.4705846378205128 0.4943395256410257 0.45132776282051285 0.49332055128205127 0.44720372756410254 0.4913941923076923 0.4424892243589743 0.48385742628205125 0.4207177596153846 0.46726562820512824 0.38762519871794876 0.46265840064102565 0.3819008012820513 0.46487887820512824 0.3745601153846154 0.476159 0.36381577564102563 0.4845803557692308 0.3583102596153846 0.4930404455128205 0.3484983365384616 0.5021821923076923 0.34410759935897434 0.5087546634615385 0.34211285256410257 0.5138567051282051 0.3458197019230769 0.5170642724358974 0.3472217467948718 0.5204382692307693 0.3571522724358975 0.5283397756410256 0.3620035512820513 0.5339205352564103 0.36577879166666666 0.5361500993589744 0.3738376378205128 0.5380240096153847 0.3823661185897436 0.5425515256410256 0.38355614743589744 0.5442727147435897 0.38258499358974357 0.5487911410256411 0.43948489423076925 0.5924090096153847 0.44209290384615385 0.5925913814102564 0.44263092307692314 0.5942669807692307 0.45274382051282047 0.5995604775641026
2 0.20072870192307693 0.5400056538461538 0.19107635256410258 0.546865391025641 0.18459283012820513 0.555257092948718 0.18393174038461538 0.5647111346153846 0.1873718878205128 0.5764175288461538 0.19166235256410255 0.5806486955128205 0.1983488076923077 0.5834094230769231 0.21401966346153847 0.584177641025641 0.2204188557692308 0.5816767564102564 0.22841840384615386 0.5750290416666667 0.23280228846153847 0.5638697564102565 0.23334939743589744 0.5560457243589744 0.2313568846153846 0.5470613173076924 0.22422359615384616 0.5413209807692307 0.21553553846153847 0.5390754775641026 0.20573270512820513 0.538717592948718 0.20072870192307693 0.5400056538461538
2 0.8405527820512821 0.5067788076923078 0.8347896506410256 0.5142381025641025 0.8340761121794872 0.519757326923077 0.8377214294871794 0.5285297147435898 0.841405483974359 0.5320632820512821 0.8507227435897436 0.5346803782051283 0.8575915673076924 0.5348331025641025 0.8643167628205128 0.5323550128205128 0.869313907051282 0.5264801378205127 0.8717030416666666 0.5204228878205128 0.8717189871794871 0.5155100705128205 0.8697105320512821 0.5114384807692307 0.8663980705128205 0.5072757083333334 0.8594995961538462 0.5028621762820513 0.8493707596153846 0.5024814903846154 0.8405527820512821 0.5067788076923078
2 0.8225656410256411 0.4829169455128205 0.823315685897436 0.4862453461538462 0.8260217339743589 0.48971052564102563 0.8321017788461538 0.49177366346153845 0.8399258108974359 0.49232077243589745 0.8452786089743589 0.4907295032051282 0.8488577692307692 0.4863934455128205 0.8493296346153846 0.4749606057692308 0.8444555576923076 0.4697058461538462 0.838678717948718 0.46799150641025644 0.8311350961538461 0.4681191955128205 0.8267375032051282 0.4701048557692308 0.8238331442307691 0.4741605032051282 0.8225656410256411 0.4829169455128205
2 0.7114629615384614 0.4554921634615384 0.7182040961538462 0.4481012596153846 0.7181288525641026 0.44449245192307696 0.7115039326923077 0.4361669038461538 0.7063107083333333 0.4354761602564102 0.7019815064102564 0.4364838141025641 0.6962639647435898 0.4432911025641026 0.6959448173076923 0.44785512179487175 0.6997725064102565 0.45401949679487186 0.702941330128205 0.4555514679487179 0.7114629615384614 0.4554921634615384
2 0.9994362596153846 0.5208373814102564 0.9940082211538461 0.5188198397435898 0.9922870288461538 0.5200098621794872 0.9877230096153846 0.519690717948718 0.9866310256410257 0.5212523333333333 0.9850078717948717 0.5257251666666667 0.9866675288461538 0.5300999647435898 0.9907003782051282 0.5333303269230769 0.9983420416666666 0.5364854487179488 0.9994362596153846 0.5208373814102564
2 0.3653499775641026 0.4673250801282052 0.37195433653846155 0.46189018589743586 0.37846065384615385 0.4531724807692308 0.3782942275641026 0.45086767628205127 0.373609375 0.44759172115384616 0.366831733974359 0.4461349935897436 0.33842402564102564 0.44480372435897436 0.3226984871794872 0.45418714102564106 0.3170037435897436 0.46066842628205124 0.3128250288461539 0.46889370512820516 0.3117604583333333 0.4888025833333333 0.3136161955128205 0.4997429967948718 0.314760625 0.5021161891025641 0.32002909294871795 0.5064157403846153 0.32682952884615385 0.5075464647435898 0.3312271185897436 0.5055608076923077 0.3329870480769231 0.49913196474358973 0.3364522275641026 0.49642591666666663 0.3384013846153846 0.4919758782051282 0.34151776602564105 0.48957303525641027 0.34684776602564105 0.488307766025641 0.3522620993589744 0.4811516794871795 0.35698569230769234 0.4791888173076923 0.3653499775641026 0.4673250801282052
2 0.9200229262820512 0.836655342948718 0.9153654871794873 0.8517266474358974 0.9142644166666667 0.8627878942307692 0.9752266602564102 0.8670507884615384 0.9800822596153846 0.7976125064102564 0.9682778237179488 0.7977698493589743 0.9654418525641025 0.8008474903846154 0.9587850480769231 0.8023475737179487 0.957973467948718 0.8045839903846154 0.9537126570512822 0.804613641025641 0.9510887051282051 0.8093440865384616 0.9434766923076924 0.8104497788461539 0.9381079519230769 0.8169538621794872 0.931966375 0.8204555480769231 0.9242472371794872 0.827778064102564 0.9200229262820512 0.836655342948718
3 0.6494780288461539 0.732889794871795 0.6527448942307692 0.7377045705128206 0.6719014935897436 0.7495271826923078 0.6771699647435897 0.753826733974359 0.6786176025641025 0.7565487243589744 0.6937641474358974 0.7648149743589744 0.7033686730769231 0.7726936858974359 0.7116395384615384 0.7762204006410257 0.7177264391025641 0.7828703525641025 0.7270664935897435 0.7851614487179487 0.732478592948718 0.7920918044871795 0.739187842948718 0.7945265352564103 0.7434327147435897 0.7994097019230769 0.7437883685897436 0.8036933108974359 0.7475248685897435 0.8111616923076923 0.7482065192307693 0.8154680993589744 0.7571590416666667 0.8233012179487179 0.7710175256410257 0.8265634615384616 0.7904271185897436 0.8207136153846155 0.8252521923076923 0.8005447403846154 0.8338285 0.7903338076923077 0.8462026891025641 0.735180282051282 0.8432047564102564 0.7077802275641025 0.8431841955128204 0.6940197852564103 0.8400313076923077 0.687575 0.8091180993589744 0.6611712788461538 0.7917807275641026 0.6514414551282051 0.7850486794871795 0.6493327243589744 0.7578332307692308 0.635636201923077 0.7442779551282052 0.6327227532051283 0.7260059391025642 0.6363589807692308 0.7136178878205128 0.6354927243589744 0.7091063173076924 0.6391083878205128 0.7051943012820513 0.6388348333333332 0.7047474647435897 0.6358552275641026 0.7026250256410257 0.6334136442307692 0.7044146057692308 0.6312456153846154 0.7014053557692308 0.6274316378205128 0.6991324294871796 0.6177724358974359 0.6973359967948718 0.6153536474358975 0.6865870416666667 0.6051017403846154 0.6764057564102565 0.60078625 0.6741396923076923 0.5957138589743589 0.6682648141025641 0.5907167115384616 0.6549147019230769 0.58486925 0.6491606602564103 0.5828289102564103 0.6441566570512821 0.5841169743589744 0.6248200737179487 0.6076620769230769 0.6186556987179487 0.6114897628205128 0.6165697660256411 0.6178958076923077 0.6089714615384616 0.6281751314102565 0.6065754711538461 0.6296455641025641 0.5987264102564103 0.6435109006410256 0.588171298076923 0.6539110608974359 0.5837121730769231 0.6614615384615384 0.5755302532051282 0.6707172628205128 0.5728082628205129 0.6721649006410256 0.5693043461538461 0.6801097692307692 0.564587608974359 0.6866594423076923 0.5646400544871795 0.6905942532051282 0.5712877692307692 0.6985938044871794 0.5818406474358974 0.702280092948718 0.5945912051282051 0.7120167724358974 0.5967295833333334 0.7095455384615384 0.5983458814102565 0.7004858910256411 0.6105515608974359 0.703960157051282 0.6100728397435897 0.7108061858974359 0.6222101314102564 0.7152584583333333 0.6241046057692308 0.7209600512820513 0.6325122532051282 0.7225307596153846 0.6362874903846153 0.7247603205128206 0.6378103685897436 0.731091125 0.6494780288461539 0.732889794871795
3 0.8257690448717949 0.6010752884615385 0.8241527467948717 0.6101349358974358 0.8268041153846153 0.6237517532051282 0.8385538717948717 0.6337460448717949 0.8505019391025641 0.6362195096153845 0.861305576923077 0.6363197852564102 0.8660975576923077 0.633378919871795 0.8724898942307692 0.6262912211538462 0.8764793878205128 0.616087141025641 0.8769968461538462 0.6040022948717948 0.8742839423076924 0.5959503012820513 0.8690154743589744 0.59165075 0.843231717948718 0.5855890320512821 0.8341105352564102 0.5895375512820513 0.8257690448717949 0.6010752884615385
3 0.7003519551282051 0.5769082884615384 0.6910643461538462 0.5785520032051282 0.6918440352564103 0.586141217948718 0.7128176346153846 0.6141430641025641 0.7172676730769231 0.6160922179487179 0.7265552820512821 0.6144485 0.7348671217948718 0.5986499519230769 0.7352318621794871 0.5934339294871795 0.7347325769230769 0.586519516025641 0.7304808557692308 0.5770495352564102 0.7271455961538462 0.5732127596153845 0.7163579038461538 0.5681996730769231 0.705273858974359 0.5674245993589744 0.7022030705128205 0.5691754423076923 0.7026043141025641 0.5728070480769231 0.7003519551282051 0.5769082884615384
3 0 0.5976811955128205 0.0037671410256410257 0.5973209615384615 0.017755548076923075 0.5940403846153846 0.022980657051282053 0.5849054935897435 0.024831769230769234 0.5771726474358975 0.024348429487179486 0.5653454134615384 0.020399910256410258 0.5562242307692308 0.0074669839743589745 0.5490955608974358 0 0.5485734198717949 0 0.5976811955128205
3 0.9037285 0.46533313141025634 0.9050849519230769 0.46935912820512815 0.9091178012820512 0.4725894935897436 0.9136134326923077 0.47388664102564104 0.9211342564102564 0.47408495192307687 0.9248342532051282 0.47270570833333336 0.9298769935897436 0.4661788269230769 0.9295669326923076 0.46124321153846154 0.9272324775641027 0.4571488301282051 0.9202884102564102 0.4533872980769231 0.911091983974359 0.45372700641025643 0.9066032083333334 0.4570166698717949 0.9040248493589743 0.4610951121794872 0.9037285 0.46533313141025634
3 0.7524479423076923 0.4596684935897436 0.755231467948718 0.45265604166666673 0.7556418012820513 0.44678801602564105 0.7539137532051282 0.4433912243589744 0.7494637147435897 0.44144207051282053 0.7389860801282051 0.4413645961538462 0.7327761153846154 0.44584428205128207 0.7328354166666667 0.4543659102564103 0.7350786858974359 0.4597642980769231 0.7477243493589744 0.461631358974359 0.7524479423076923 0.4596684935897436
3 0.8497946506410258 0.4589409455128205 0.8574750512820513 0.45685724999999994 0.8596590192307693 0.4537340128205128 0.8595997179487179 0.4452123878205128 0.8540736378205128 0.43991203525641026 0.8433155961538461 0.4391597596153846 0.8387584326923078 0.4434274262820513 0.8370965384615385 0.4531390769230769 0.8391733846153846 0.4562326602564103 0.8449046282051282 0.4585990032051282 0.8497946506410258 0.4589409455128205
3 0.7833678557692308 0.4438128782051282 0.795687516025641 0.445657141025641 0.7986671217948719 0.4452103044871795 0.8011087019230769 0.4430878685897436 0.8019134262820513 0.4362646378205128 0.7986921538461538 0.43079785576923074 0.7955461217948717 0.4289398878205128 0.7884196826923077 0.42778636858974356 0.7829529038461539 0.431007641025641 0.7813981410256411 0.4345024743589744 0.7813821987179487 0.43941528846153843 0.7833678557692308 0.4438128782051282
3 0.8483744294871794 0.4745662147435898 0.8503213461538461 0.4842026217948718 0.8544385288461538 0.48154216346153844 0.8561756634615384 0.47543932692307694 0.8535083525641025 0.4667353269230769 0.8453514647435898 0.4615786057692308 0.8349946666666666 0.4644579391025641 0.8332278814102565 0.466299967948718 0.8340691089743589 0.46832436217948714 0.8418703429487179 0.46919747115384614 0.8483744294871794 0.4745662147435898
3 1 0.4683281987179488 0.9978676378205128 0.4683124326923077 0.9921045064102564 0.47577172435897436 0.9916417275641026 0.47770493589743585 0.9936729807692307 0.4814505256410256 1 0.47791758653846156 1 0.4683281987179488
3 0.5419521217948718 0.66836925 0.5429232692307692 0.6638508237179487 0.5455016314102564 0.6597723814102564 0.5457751858974359 0.6558603621794872 0.5535239743589744 0.6527986634615385 0.5573607467948718 0.6494634070512821 0.5661650160256411 0.6359924615384615 0.5702821987179487 0.6333320032051282 0.5795720416666666 0.617601842948718 0.5826428301282051 0.6158510032051282 0.5921446987179487 0.6017736442307692 0.5973310673076923 0.5978775705128205 0.6078793237179487 0.5828905961538461 0.6109957083333334 0.5804877532051282 0.6112692628205129 0.5765757371794872 0.6070768365384616 0.5756273814102564 0.5895480064102564 0.5780051987179488 0.586349532051282 0.5722124166666667 0.5826061762820512 0.5601572211538463 0.5760952403846153 0.5502016634615384 0.5700835833333333 0.5471605256410257 0.5682871474358974 0.5447417403846153 0.5586666794871794 0.541775842948718 0.5469078365384615 0.5412811794871795 0.5395465833333334 0.5388008589743589 0.5376065192307693 0.5337512692307692 0.5386004647435897 0.5289068397435898 0.5376908493589744 0.5278604455128205 0.5246280032051281 0.5272745961538461 0.5064699647435897 0.5292808173076923 0.4994643653846154 0.531084108974359 0.49767478525641023 0.5332521346153846 0.4974696185897436 0.5361861474358974 0.5107216923076923 0.538750798076923 0.5099078814102564 0.5550736602564103 0.5111207019230769 0.5564688493589743 0.5097551634615385 0.5619424871794871 0.5071471506410256 0.5617601153846155 0.5037503621794871 0.5634881602564102 0.4972075384615384 0.5633582371794872 0.49073087179487185 0.5763367564102564 0.48512045833333334 0.5769272243589744 0.4752651762820513 0.5726345256410256 0.47039795192307693 0.5719665801282051 0.46802475961538464 0.5731110128205128 0.4667959935897436 0.5766286378205128 0.46555591025641024 0.6037323397435898 0.46395555448717946 0.6078791730769231 0.4645688173076923 0.6131635833333333 0.4746133237179487 0.6194350833333333 0.4807458141025641 0.6254330352564103 0.49020670512820513 0.6306809391025642 0.49333679807692304 0.6374517211538462 0.49843883974358977 0.639446467948718 0.5064361506410257 0.6468852019230769 0.5246375416666667 0.6583134230769231 0.5291103782051282 0.6599365737179488 0.5320284455128205 0.6650545576923077 0.5399733141025641 0.6685584743589744 0.5419521217948718 0.66836925
4 0.37896902564102564 0.45058726602564103 0.37747579807692305 0.4485172756410256 0.363336907051282 0.4445802307692308 0.35120646794871796 0.4447147756410257 0.344777625 0.44295484294871795 0.33846961858974356 0.4441517211538461 0.32174327564102567 0.45379274999999997 0.31182422756410255 0.46915131730769233 0.3109192307692308 0.48677818589743593 0.3082428333333333 0.4875738173076923 0.31021254807692306 0.49688422435897434 0.3181186762820513 0.5056269615384615 0.32347833012820515 0.5086225064102564 0.3286715544871795 0.5093132499999999 0.3303471538461539 0.5087752243589743 0.3318791217948718 0.5056064006410257 0.3559165032051282 0.4804244326923077 0.36066289102564103 0.4781355705128206 0.36235443269230766 0.47268473397435895 0.3667907596153846 0.4654602596153846 0.3756999262820513 0.4598589358974359 0.37896902564102564 0.45058726602564103