3 0.9237560192307692 0.39299090384615387 0.9518459070512821 0.39620117628205126 0.9775280897435897 0.39539860897435897 0.9991974326923077 0.40021401923076927 0.9991974326923077 0.3263777435897436 0.9941147660256411 0.3263777435897436 0.9751203846153845 0.32718031089743593 0.9518459070512821 0.3319957211538462 0.9349919743589743 0.35125735576923073 0.9309791346153846 0.3592830384615384 0.922953451923077 0.3849652211538462 0.9237560192307692 0.39299090384615387
3 0.9991974326923077 0.40823970192307696 0.9823435 0.4058319967948718 0.9494382019230769 0.4074371314102564 0.9357945416666666 0.40342429166666666 0.934189407051282 0.40342429166666666 0.9293739967948719 0.4058319967948718 0.930176564102564 0.41144997435897435 0.9526484743589743 0.4363295865384615 0.97351525 0.4395398621794872 0.9991974326923077 0.4395398621794872 0.9991974326923077 0.40823970192307696
3 0.874799358974359 0.283841625 0.868378810897436 0.27982878525641025 0.8627608333333333 0.27982878525641025 0.8539325833333333 0.28785446794871794 0.8547351538461538 0.2950775801282051 0.861958266025641 0.2990904230769231 0.8707865160256409 0.29748528525641027 0.8764044935897436 0.2902621730769231 0.874799358974359 0.283841625
2 0.9598715897435898 0.3039058333333333 0.9502407692307693 0.30149812820512817 0.9486356346153846 0.30149812820512817 0.9333868365384616 0.30631353525641025 0.9357945416666666 0.3231674679487179 0.9526484743589743 0.3239700384615385 0.9606741570512821 0.31995719551282054 0.9630818621794871 0.3079186730769231 0.9598715897435898 0.3039058333333333
3 0.8138041730769231 0.3175494903846154 0.8170144455128204 0.3159443557692308 0.8162118782051282 0.31273408333333336 0.8073836282051282 0.3039058333333333 0.8130016057692308 0.29748528525641027 0.8138041730769231 0.2926698782051282 0.8065810608974359 0.2846441955128205 0.8001605128205128 0.2846441955128205 0.7929374006410256 0.2894596025641026 0.7929374006410256 0.2998929903846154 0.7985553782051282 0.3039058333333333 0.7977528076923077 0.3087212403846154 0.8081861955128204 0.3119315128205128 0.8138041730769231 0.3175494903846154
3 0.7600321025641026 0.30149812820512817 0.7576243974358975 0.2934724455128205 0.7520064198717948 0.2902621730769231 0.7447833076923077 0.2902621730769231 0.7407704647435898 0.2934724455128205 0.7383627596153846 0.3006955576923077 0.7383627596153846 0.3039058333333333 0.7439807371794872 0.30631353525641025 0.7552166923076923 0.30551096794871796 0.7600321025641026 0.30149812820512817
2 0.8065810608974359 0.32236490064102563 0.8130016057692308 0.31514178846153845 0.8001605128205128 0.3087212403846154 0.7977528076923077 0.3087212403846154 0.7913322628205128 0.3111289455128205 0.7873194230769232 0.3183520608974359 0.7953451057692308 0.3263777435897436 0.8025682179487179 0.3279828782051282 0.8073836282051282 0.3255751730769231 0.8065810608974359 0.32236490064102563
2 0.11958266346153845 0.6201177115384616 0.13483146153846154 0.6128945961538462 0.14285714423076923 0.6040663461538462 0.14365971153846152 0.5960406634615385 0.13804173397435898 0.5799892980769231 0.12680577884615385 0.5735687532051282 0.12172311538461539 0.5735687532051282 0.10914927884615384 0.5743713205128206 0.0971107532051282 0.5807918685897436 0.08988764102564104 0.5888175480769231 0.08988764102564104 0.5984483685897436 0.09871589102564103 0.6161048685897436 0.11958266346153845 0.6201177115384616
2 0.33948635576923075 0.5230069551282052 0.34510433333333335 0.5141787051282051 0.34510433333333335 0.5037453173076923 0.3410914935897436 0.4941145 0.3298555384615385 0.4884965224358974 0.3258426955128205 0.4884965224358974 0.3138041730769231 0.4925093621794872 0.30658106089743586 0.5053504551282051 0.31059390064102566 0.52059925 0.3154093108974359 0.5262172275641026 0.3210272884615385 0.5278223653846154 0.33948635576923075 0.5230069551282052
3 0.07624398076923078 0.5944355256410256 0.08667736858974359 0.5864098461538462 0.08988764102564104 0.5663456378205128 0.08507223076923076 0.559925092948718 0.07383627564102564 0.5543071153846153 0.06982343589743589 0.5543071153846153 0.05698234294871794 0.5551096858974359 0.04815409294871795 0.5591225256410256 0.04815409294871795 0.5615302307692307 0.06741573076923077 0.590422685897436 0.07223114102564103 0.5944355256410256 0.07624398076923078 0.5944355256410256
3 0.18860353205128205 0.571161048076923 0.19422150961538462 0.562332798076923 0.19101123717948718 0.5446762980769231 0.1845906891025641 0.5390583205128205 0.17255216666666667 0.5350454775641026 0.1669341891025641 0.5350454775641026 0.15489566666666665 0.5398608878205129 0.146869983974359 0.5527019807692307 0.15329052884615385 0.571161048076923 0.1653290544871795 0.5783841634615384 0.1741573044871795 0.5775815929487179 0.18860353205128205 0.571161048076923
3 0.4510433397435898 0.4620117724358974 0.45585874679487176 0.4579989294871795 0.45666131730769227 0.4403424294871795 0.44622792948717954 0.4323167467948718 0.4410112371794872 0.4323167467948718 0.43579454166666665 0.4323167467948718 0.427768858974359 0.43873729166666664 0.4253611570512821 0.4483681121794872 0.4301765641025641 0.4596040673076923 0.43980738461538466 0.46441947435897435 0.4510433397435898 0.4620117724358974
2 0.8980738365384615 0.3319957211538462 0.8539325833333333 0.3319957211538462 0.8282504006410257 0.34162653846153845 0.8081861955128204 0.3608881762820513 0.8057784903846154 0.3713215608974359 0.8049759230769231 0.3841626538461539 0.8138041730769231 0.39138576923076923 0.9181380416666667 0.3945960416666666 0.922953451923077 0.3624933108974359 0.9149277692307692 0.3432316762820513 0.8980738365384615 0.3319957211538462
2 0.6894060993589743 0.41144997435897435 0.7134831474358975 0.4178705192307692 0.6918138044871796 0.39379347115384616 0.6950240769230769 0.3801498141025641 0.7054574647435897 0.3624933108974359 0.7046548942307692 0.3456393782051282 0.6853932596153846 0.3376136987179487 0.6629213493589743 0.34002140064102565 0.6436597115384616 0.3464419487179487 0.631621189102564 0.36169074358974357 0.6300160512820513 0.3769395384615385 0.6348314615384616 0.3889780641025641 0.634028891025641 0.404226858974359 0.6396468685897436 0.413055108974359 0.6765650096153846 0.41706795192307694 0.6894060993589743 0.41144997435897435
2 0.7744783301282051 0.3440342435897436 0.7375601923076923 0.33360085576923076 0.7166934198717949 0.37613697115384614 0.7158908493589744 0.38576779166666664 0.7271268044871795 0.38978063141025643 0.7825040128205129 0.3905831987179487 0.7889245576923077 0.38576779166666664 0.7897271282051282 0.3584804711538461 0.7744783301282051 0.3440342435897436
2 0.9052969487179487 0.4106474038461539 0.9052969487179487 0.4058319967948718 0.8964686987179488 0.40181915384615385 0.8097913333333333 0.3994114487179487 0.8065810608974359 0.40101658653846156 0.8073836282051282 0.4066345641025641 0.8170144455128204 0.4226859294871795 0.8338683782051283 0.4291064743589744 0.8780096314102565 0.430711608974359 0.9052969487179487 0.4106474038461539
2 0.7166934198717949 0.39620117628205126 0.719101125 0.40342429166666666 0.7375601923076923 0.421883358974359 0.7479935801282052 0.421883358974359 0.7528089871794872 0.4106474038461539 0.7463884423076923 0.40021401923076927 0.7166934198717949 0.39620117628205126
6 0.9991974326923077 0.4074371314102564 0.9895666121794872 0.40823970192307696 0.9630818621794871 0.40262172435897436 0.9598715897435898 0.4050294262820513 0.9518459070512821 0.404226858974359 0.9494382019230769 0.4074371314102564 0.939004814102564 0.40262172435897436 0.934189407051282 0.40262172435897436 0.9285714294871795 0.4066345641025641 0.9293739967948719 0.40984483653846154 0.9494382019230769 0.4347244519230769 0.9622792948717949 0.43873729166666664 0.9991974326923077 0.4403424294871795 0.9991974326923077 0.4074371314102564
6 0.931781701923077 0.39539860897435897 0.97351525 0.39539860897435897 0.9991974326923077 0.40021401923076927 0.9991974326923077 0.3255751730769231 0.993579455128205 0.3255751730769231 0.9646869967948718 0.3287854455128205 0.9510433397435898 0.33279828846153847 0.931781701923077 0.3584804711538461 0.922953451923077 0.3849652211538462 0.922953451923077 0.39138576923076923 0.931781701923077 0.39539860897435897
4 0.7993579455128205 0.3785446762820513 0.8025682179487179 0.3809523814102564 0.7977528076923077 0.3841626538461539 0.7913322628205128 0.38175494871794874 0.7913322628205128 0.3592830384615384 0.7825040128205129 0.34884965064102563 0.776083467948718 0.3432316762820513 0.7648475128205128 0.34082397115384616 0.7600321025641026 0.3360085608974359 0.7520064198717948 0.3360085608974359 0.7479935801282052 0.33279828846153847 0.7375601923076923 0.3311931506410256 0.7271268044871795 0.35125735576923073 0.7207062596153846 0.34804708333333334 0.7166934198717949 0.35045478846153844 0.7255216698717949 0.3528624935897436 0.7134831474358975 0.38336008653846154 0.7094703044871795 0.386570358974359 0.7094703044871795 0.3889780641025641 0.7126805769230768 0.3873729262820513 0.7158908493589744 0.3921883365384616 0.7118780096153846 0.39539860897435897 0.7054574647435897 0.3945960416666666 0.7086677371794872 0.39620117628205126 0.7078651698717949 0.3978063141025641 0.6950240769230769 0.39700374679487177 0.6934189391025641 0.3873729262820513 0.6950240769230769 0.3801498141025641 0.6998394871794872 0.37613697115384614 0.6982343493589743 0.37372926602564105 0.7030497596153846 0.37372926602564105 0.7022471923076923 0.3713215608974359 0.7070625993589744 0.36811128846153846 0.7078651698717949 0.3520599262820513 0.715088282051282 0.34804708333333334 0.7094703044871795 0.34965222115384614 0.6869983942307692 0.338416266025641 0.6781701442307693 0.338416266025641 0.6757624391025642 0.34162653846153845 0.6693418942307692 0.3392188333333333 0.6492776891025641 0.3432316762820513 0.6364365961538462 0.3528624935897436 0.6380417339743589 0.35527019871794874 0.6324237564102564 0.36169074358974357 0.629213483974359 0.3713215608974359 0.6308186185897435 0.3873729262820513 0.6404494391025641 0.3905831987179487 0.6332263237179487 0.3994114487179487 0.6332263237179487 0.40342429166666666 0.6388443012820513 0.413055108974359 0.6444622788461538 0.41546281410256414 0.6781701442307693 0.41706795192307694 0.6853932596153846 0.41546281410256414 0.6934189391025641 0.40984483653846154 0.7006420544871795 0.4162653814102564 0.7199036923076922 0.421883358974359 0.7207062596153846 0.4178705192307692 0.7086677371794872 0.40823970192307696 0.7070625993589744 0.40181915384615385 0.7102728717948718 0.3978063141025641 0.7343499198717949 0.421883358974359 0.7495987147435897 0.4226859294871795 0.7584269647435897 0.41546281410256414 0.7560192628205128 0.40823970192307696 0.7504012852564103 0.404226858974359 0.7512038525641025 0.39700374679487177 0.7624398076923077 0.3994114487179487 0.7640449423076924 0.41144997435897435 0.7688603525641026 0.41385767948717944 0.7768860352564102 0.40904226923076925 0.7784911730769232 0.3978063141025641 0.7921348301282051 0.3889780641025641 0.8009630833333333 0.3889780641025641 0.8121990384615385 0.39700374679487177 0.8041733557692308 0.3994114487179487 0.8049759230769231 0.4050294262820513 0.8210272884615384 0.4291064743589744 0.8860353141025641 0.43151417948717946 0.8884430192307693 0.4258962019230769 0.8988764038461537 0.4210807916666667 0.9085072243589744 0.4106474038461539 0.9117174967948717 0.40181915384615385 0.9060995192307693 0.40101658653846156 0.9109149262820514 0.39700374679487177 0.9205457467948717 0.3945960416666666 0.922953451923077 0.37613697115384614 0.9221508814102564 0.35767790384615383 0.9157303365384616 0.3432316762820513 0.9004815416666667 0.33279828846153847 0.8876404487179488 0.32958801602564103 0.8852327435897436 0.32958801602564103 0.8523274487179489 0.3319957211538462 0.8290529679487181 0.3392188333333333 0.8057784903846154 0.36008560576923077 0.8033707852564103 0.3713215608974359 0.8049759230769231 0.37372926602564105 0.7993579455128205 0.3785446762820513