2 0.44745822756410253 0.511187733974359 0.4422150897435897 0.5013376121794872 0.43900481410256414 0.5005350448717949 0.4349919743589744 0.5005350448717949 0.427768858974359 0.5013376121794872 0.4213483141025641 0.5101658653846154 0.4213483141025641 0.5173889775641026 0.4301765641025641 0.5254146602564103 0.44379293589743585 0.5240486891025641 0.44661797756410254 0.5165775801282051 0.4463940608974359 0.5147549487179487 0.44745822756410253 0.511187733974359
2 0.40128410897435896 0.5181915448717949 0.40048154166666666 0.5053504551282051 0.39325842628205127 0.5005350448717949 0.38844301923076924 0.5005350448717949 0.3820224711538462 0.50294275 0.3772070641025641 0.5085607275641026 0.37881219871794874 0.5197966826923077 0.38683788141025643 0.5230069551282052 0.3948635641025641 0.5222043878205128 0.40128410897435896 0.5181915448717949
3 0.05698234294871794 0.6401819166666667 0.06500802564102563 0.6482075961538462 0.07463884294871795 0.6538255737179488 0.09470305128205128 0.6522204391025641 0.10353130128205128 0.6570358493589743 0.1131621185897436 0.6570358493589743 0.13242375641025642 0.6474050288461538 0.14205457371794872 0.6265382564102564 0.13402889102564103 0.6128945961538462 0.12118780128205128 0.6048689134615385 0.10192616346153846 0.6072766185897436 0.0874799358974359 0.6048689134615385 0.07624398076923078 0.6000535032051282 0.0714285705128205 0.5936329583333333 0.06500802564102563 0.5936329583333333 0.05939004807692308 0.5936329583333333 0.05617977564102564 0.5944355256410256 0.05457463782051283 0.5984483685897436 0.05377207051282051 0.6080791858974359 0.05858748076923077 0.6185125737179487 0.05296950320512821 0.6313536634615384 0.05698234294871794 0.6401819166666667
3 0.27528089743589745 0.6217228461538462 0.28491171794871795 0.6112894583333333 0.280898875 0.5848047083333333 0.2624398076923077 0.5848047083333333 0.2616372403846154 0.5880149807692308 0.25200641987179484 0.584002141025641 0.25120385256410255 0.584002141025641 0.24879614743589742 0.5936329583333333 0.23675762500000003 0.5944355256410256 0.23675762500000003 0.614499733974359 0.23996789743589744 0.6201177115384616 0.2552166923076923 0.6265382564102564 0.27528089743589745 0.6217228461538462
3 0.18699839423076922 0.5575173878205129 0.19502407692307694 0.5631353653846154 0.19662921474358974 0.571161048076923 0.20304975961538463 0.5775815929487179 0.21669341987179486 0.5807918685897436 0.2215088269230769 0.5920278237179487 0.23354735256410258 0.5928303910256411 0.23515248717948717 0.5848047083333333 0.2303370801282051 0.5831995705128206 0.2303370801282051 0.5807918685897436 0.23756019230769232 0.5743713205128206 0.254414125 0.571161048076923 0.2552166923076923 0.5663456378205128 0.24799358012820513 0.5615302307692307 0.23434991987179488 0.5607276602564103 0.23354735256410258 0.5567148205128205 0.22070625961538462 0.5486891378205129 0.22070625961538462 0.5390583205128205 0.21990369230769233 0.5390583205128205 0.2182985544871795 0.5486891378205129 0.20947030448717952 0.5486891378205129 0.20064205448717948 0.5551096858974359 0.19582664423076923 0.562332798076923 0.1926163717948718 0.5559122532051283 0.18699839423076922 0.5575173878205129
3 0.10272873076923077 0.562332798076923 0.10914927884615384 0.5703584807692307 0.11155698076923076 0.5639379358974359 0.10995184615384616 0.5567148205128205 0.09550561858974359 0.5430711602564102 0.09390048076923077 0.5430711602564102 0.08426966346153845 0.5470840032051283 0.08346709615384616 0.5631353653846154 0.08587479807692307 0.5687533429487179 0.08908507371794872 0.5703584807692307 0.09791332371794872 0.5679507756410256 0.10272873076923077 0.562332798076923
3 0.3073836282051282 0.5478865705128205 0.3138041730769231 0.5414660256410256 0.3242375608974359 0.5366506153846153 0.317817016025641 0.5342429102564102 0.3170144455128205 0.533440342948718 0.30658106089743586 0.5358480480769231 0.2993579455128205 0.5414660256410256 0.2985553782051282 0.5518994102564102 0.30337078525641026 0.5631353653846154 0.3073836282051282 0.5639379358974359 0.3073836282051282 0.5478865705128205
3 0.02648475 0.575173891025641 0.023274477564102565 0.5727661858974359 0.02568218269230769 0.5663456378205128 0.01926163782051282 0.5583199583333334 0.018459070512820513 0.5575173878205129 0.008828250000000001 0.5607276602564103 0.007223115384615384 0.5695559134615384 0.01123595512820513 0.5743713205128206 0.02166934294871795 0.575173891025641 0.02568218269230769 0.5823970032051282 0.02648475 0.575173891025641
3 0.2014446217948718 0.5358480480769231 0.19181380448717947 0.5310326378205128 0.18940609935897437 0.5310326378205128 0.18138041666666668 0.5342429102564102 0.17897271153846153 0.5390583205128205 0.17977528205128207 0.5454788653846153 0.19181380448717947 0.5454788653846153 0.19422150961538462 0.5382557532051282 0.2014446217948718 0.5358480480769231
3 0.04494382051282052 0.5936329583333333 0.040930977564102564 0.5936329583333333 0.03852327564102564 0.6032637788461539 0.04333868269230769 0.6120920288461539 0.04975923076923077 0.610486891025641 0.04735152564102564 0.6088817564102563 0.04975923076923077 0.6056714807692308 0.04494382051282052 0.5936329583333333
3 0.2728731955128205 0.5414660256410256 0.2728731955128205 0.5302300705128206 0.2672552179487179 0.524612092948718 0.2616372403846154 0.524612092948718 0.25280898717948713 0.527019798076923 0.24959871474358972 0.5318352051282051 0.24959871474358972 0.5414660256410256 0.254414125 0.5462814326923077 0.2672552179487179 0.5454788653846153 0.2728731955128205 0.5414660256410256
2 0.3258426955128205 0.5719636153846154 0.33226324358974363 0.571161048076923 0.3346709455128205 0.5687533429487179 0.3362760833333333 0.5695559134615384 0.33948635576923075 0.5727661858974359 0.3426966282051282 0.5912252532051282 0.3507223108974359 0.6000535032051282 0.36035313141025643 0.6008560737179487 0.37881219871794874 0.5952380961538462 0.38121990384615384 0.5928303910256411 0.3852327435897436 0.5775815929487179 0.38362760897435894 0.559925092948718 0.38121990384615384 0.5567148205128205 0.3820224711538462 0.5535045480769231 0.37961476602564104 0.5486891378205129 0.37399678846153844 0.5446762980769231 0.3563402884615384 0.5454788653846153 0.34831460576923073 0.5494917083333334 0.34510433333333335 0.5559122532051283 0.33948635576923075 0.5438737307692307 0.335473516025641 0.5406634551282051 0.3282504006410256 0.5382557532051282 0.3226324230769231 0.5382557532051282 0.3130016057692308 0.542268592948718 0.3089887628205128 0.5462814326923077 0.30658106089743586 0.5502942756410256 0.30658106089743586 0.5631353653846154 0.3170144455128205 0.5719636153846154 0.3258426955128205 0.5719636153846154
2 0.7479935801282052 0.4772605673076923 0.7479935801282052 0.4684323173076923 0.7391653301282052 0.4596040673076923 0.7174959871794871 0.4579989294871795 0.7142857147435898 0.4579989294871795 0.7078651698717949 0.4596040673076923 0.6998394871794872 0.4684323173076923 0.6998394871794872 0.4756554294871795 0.7046548942307692 0.4836811121794871 0.7399678974358974 0.48047083974358973 0.7479935801282052 0.4772605673076923
2 0.6789727115384615 0.4876939551282051 0.6789727115384615 0.47806313461538463 0.6701444615384615 0.46762975 0.664526483974359 0.46762975 0.6524879615384616 0.47164258974358975 0.6500802564102565 0.4756554294871795 0.6492776891025641 0.4868913846153846 0.6540930993589743 0.49331193269230766 0.6717495993589743 0.49170679487179486 0.6789727115384615 0.4876939551282051
2 0.524077048076923 0.5165864102564103 0.52648475 0.5238095224358974 0.5401284102564102 0.5318352051282051 0.5505617980769231 0.5294274999999999 0.556982342948718 0.5214018205128205 0.5561797756410256 0.5077581602564103 0.5473515256410256 0.49892991025641026 0.5601926153846153 0.49892991025641026 0.5642054583333334 0.49491706730769236 0.5609951858974359 0.48929908974358977 0.5441412532051283 0.4844836826923077 0.5417335480769231 0.4844836826923077 0.5361155705128205 0.4876939551282051 0.5200642051282051 0.48929908974358977 0.5176565 0.4957196346153846 0.5184590705128205 0.5021401826923076 0.5248796153846154 0.5077581602564103 0.524077048076923 0.5165864102564103