6 0.7712881442307692 0.7681465096153846 0.7751772596153845 0.7765126089743589 0.785678173076923 0.7869367948717949 0.7861074166666666 0.7898647756410256 0.7898254551282051 0.7933319006410257 0.7957726538461538 0.7950862019230769 0.8039832307692308 0.7961074679487179 0.8220332307692308 0.788610217948718 0.8567770673076922 0.7628721923076923 0.8620441121794872 0.7545133493589743 0.8646672628205128 0.7266270384615385 0.8684640961538462 0.7042586826923077 0.8687637339743589 0.6941113237179487 0.862310564102564 0.6685039455128204 0.8613038076923077 0.6584022051282051 0.8574945320512821 0.6523222916666667 0.8470620448717949 0.6438576955128205 0.8236413173076923 0.6286527339743591 0.8149900897435897 0.624376891025641 0.7706328525641026 0.6089220544871795 0.7581536858974359 0.607395858974359 0.7276815448717949 0.6149999006410256 0.7212636346153847 0.618493983974359 0.7176482403846154 0.6179662435897436 0.7136036057692308 0.6145105256410256 0.7133412884615384 0.6069987628205128 0.7104547788461538 0.5992516442307692 0.707040532051282 0.5951199134615385 0.6994717467948718 0.5937492435897436 0.6956396570512821 0.5870161314102564 0.6920584807692308 0.5874681858974359 0.685727657051282 0.5840923012820513 0.6818841666666666 0.5770325929487179 0.6765217307692308 0.5732958974358975 0.6603245288461539 0.5683025705128205 0.6567319455128204 0.5684280256410257 0.6513166378205129 0.572541092948718 0.6499874326923076 0.571933516025641 0.6488064967948718 0.575571717948718 0.6430873942307692 0.5803493878205128 0.6400723269230769 0.5876485993589744 0.6333506217948718 0.5918072852564104 0.6297352307692308 0.5912795448717949 0.631740439102564 0.5925175064102565 0.625847157051282 0.6110351153846154 0.6169647211538462 0.618866217948718 0.61417775 0.6326973974358975 0.6031760544871795 0.6360245544871795 0.601615641025641 0.6475239230769231 0.5991397147435897 0.6515343461538462 0.5888140256410257 0.6554918878205128 0.5885714102564102 0.6672722403846154 0.5830918173076923 0.6789084711538462 0.5828450576923077 0.6812060641025641 0.5916559551282051 0.6900542852564103 0.6018717403846154 0.6923135128205128 0.6079786121794871 0.6986401858974359 0.6162234070512821 0.70064125 0.6175069871794872 0.6999424326923077 0.6940460833333334 0.7286613012820513 0.7010529166666667 0.7326675737179488 0.7044557596153846 0.7364727019230769 0.7080597435897436 0.736673842948718 0.732729842948718 0.7502001955128206 0.7420000512820513 0.7534734358974359 0.7503588942307692 0.7587404807692308 0.7712881442307692 0.7681465096153846
6 0.5923858653846154 0.6079526538461538 0.5963921346153845 0.6009458205128205 0.600185858974359 0.5972163814102565 0.6022439487179487 0.5906045801282052 0.6079972596153846 0.5868067051282052 0.6162565673076923 0.5704954519230769 0.6214137083333333 0.5683533814102564 0.6212654423076923 0.5641076025641026 0.6147220737179487 0.5640091057692308 0.5972340288461538 0.5688707564102564 0.5927601474358974 0.5624870576923077 0.5926575032051282 0.5595476730769231 0.588768391025641 0.5511815705128205 0.580284092948718 0.5423219455128204 0.5616068141025641 0.5318562884615385 0.5583408301282051 0.5319703397435898 0.5552189647435898 0.5268474102564102 0.5407345897435898 0.52408325 0.5266908621794872 0.5245736666666667 0.5124003685897436 0.5273616794871795 0.5005101185897436 0.5333358365384615 0.49866458012820514 0.5366702532051282 0.5020902371794872 0.5411285769230769 0.47992821153846155 0.5713321826923077 0.47611167628205125 0.5744084294871795 0.4752345256410256 0.577382032051282 0.47767727884615385 0.600513483974359 0.4763978429487179 0.6106950576923077 0.47723352243589745 0.6158978205128205 0.4956184166666667 0.6273546794871795 0.5038974230769231 0.6303355352564102 0.5100271057692307 0.6373154070512821 0.5143413141025641 0.6391267307692308 0.5204025641025641 0.6441470128205129 0.5423800416666668 0.6554784134615385 0.549117294871795 0.6611290865384616 0.5594129230769231 0.6656745000000001 0.5860747435897437 0.6238688782051282 0.5888731185897436 0.6103642948717949 0.5923858653846154 0.6079526538461538
4 0.46921993910256415 0.6017898108974359 0.46512967948717954 0.5970276987179487 0.46930702884615383 0.5949198397435898 0.47272853525641023 0.5898954102564102 0.4713194967948718 0.5870016442307692 0.47314222756410257 0.5830140384615385 0.4710229647435898 0.5785100897435898 0.4715392980769231 0.5745680993589743 0.473700032051282 0.5708956858974359 0.4782039775641026 0.5687764230769231 0.4784507435897436 0.5664788301282052 0.47608471794871793 0.5642724775641026 0.4856006474358975 0.5371264551282051 0.48909058333333333 0.5340616153846154 0.4914337948717949 0.5356147692307692 0.49120984615384616 0.5385655608974359 0.49255045512820517 0.5394997339743589 0.4937085801282052 0.5352083365384616 0.4991695096153846 0.5324016634615385 0.5009808365384615 0.5280874519230769 0.5070949647435897 0.5252579711538461 0.506642907051282 0.521676798076923 0.5085226634615385 0.5193221762820512 0.49382158974358975 0.5103526474358975 0.4865223782051282 0.5073375769230769 0.48646535256410256 0.5057045865384615 0.4824435288461538 0.5029020608974358 0.471551733974359 0.5000124455128205 0.46967923397435896 0.493210907051282 0.4664018461538462 0.49299835897435895 0.4646019262820513 0.49763916346153847 0.46137015705128204 0.49873301282051286 0.46100934615384614 0.4977646185897436 0.45647118589743585 0.4989040865384615 0.4492289935897436 0.4975220064102564 0.44478933012820515 0.4921180993589744 0.4426130480769231 0.4859811666666667 0.4385912211538462 0.483178641025641 0.43200222756410256 0.48177375 0.42779792307692305 0.4737456538461538 0.4206583814102564 0.4753029583333333 0.41538718589743584 0.47417904487179485 0.4136857628205129 0.47227648076923073 0.3862286955128205 0.4725813108974359 0.3746308269230769 0.4775642692307693 0.3699755096153846 0.49407666346153845 0.3661133525641026 0.49584651602564106 0.36461722435897437 0.4998227211538462 0.3622968205128205 0.49892276282051284 0.35946008333333335 0.5019647916666666 0.3558830512820513 0.5118996025641025 0.3507715320512821 0.5153480673076923 0.3439171153846154 0.5250703301282051 0.3426905576923077 0.5274021378205128 0.34423645833333333 0.5342150833333333 0.35322568910256413 0.5388061217948718 0.3674218301282051 0.5520442371794871 0.4124592243589743 0.5776122115384615 0.41786727564102566 0.5826553044871795 0.4324086794871795 0.5870524551282051 0.4355533525641026 0.592828580128205 0.44184996153846157 0.5952246730769231 0.45223682692307693 0.602382875 0.461157625 0.6050143237179487 0.4638616506410257 0.6075358685897435 0.46549464423076925 0.607478842948718 0.46921993910256415 0.6017898108974359
4 1 0.7510654871794872 0.9940468557692308 0.7515386955128205 0.9933252275641025 0.7496019166666666 0.9956756987179488 0.7419989134615385 0.9929602628205129 0.7391507692307692 0.9894019006410257 0.7402560192307692 0.9921971666666667 0.7453903525641026 0.992271298076923 0.7475132403846154 0.9885060897435898 0.7520591762820512 0.9909405416666667 0.7562251217948718 0.9871582243589743 0.7602811634615384 0.975738685897436 0.7610069391025641 0.9675778782051282 0.7707748205128205 0.9621283493589744 0.773908092948718 0.9561738974358974 0.781309951923077 0.9499654198717948 0.800165560897436 0.9501406442307692 0.8145472916666667 0.9528560769230768 0.8173954358974359 1 0.8157491314102564 1 0.7510654871794872
2 0.4634095993589744 0.6039546923076923 0.47254294551282056 0.60330875 0.4763822916666666 0.6008857019230769 0.47354450961538463 0.5758060641025641 0.4827836121794872 0.559460592948718 0.48147721794871795 0.5595062147435897 0.47941498397435894 0.5566352596153846 0.47545018269230765 0.5554657275641025 0.4725750801282051 0.5480452083333334 0.4811993461538462 0.5421850993589744 0.488859375 0.5461685608974359 0.49277855448717944 0.5460317019230769 0.498303766025641 0.535701858974359 0.5017708942307691 0.5319838237179487 0.5111053814102564 0.5277338974358974 0.5132661153846154 0.5240614807692308 0.5104138237179487 0.5172941570512821 0.4973115256410256 0.5072878076923077 0.48833370192307696 0.5030233685897435 0.47015409935897434 0.4974452788461538 0.45089620192307694 0.49844477564102563 0.44659340064102565 0.4969600512820513 0.4411169166666667 0.48995736858974365 0.4177304006410256 0.4757322019230769 0.38433753846153845 0.47460932692307695 0.37887660576923077 0.47741600320512817 0.37275522435897435 0.4894016442307692 0.36295001602564103 0.49889995192307696 0.3583589807692308 0.5078891826923077 0.3495563782051282 0.5180064743589744 0.3458767051282051 0.5250018974358974 0.3444261923076923 0.5302845 0.34844802243589745 0.5330870224358975 0.35019506410256407 0.5362959807692308 0.3608971217948718 0.5431161794871795 0.3663051730769231 0.5481592692307692 0.3702927852564103 0.549982 0.37850335897435894 0.551003266025641 0.38745837499999997 0.5546145128205128 0.38882179487179486 0.5562018814102564 0.38832826923076924 0.5607970673076923 0.4494757756410257 0.5982283365384615 0.4520885608974359 0.5981370961538461 0.4527987788461539 0.5997472756410256 0.4634095993589744 0.6039546923076923
2 0.2065498717948718 0.5710688685897436 0.1976674358974359 0.5788999711538462 0.19209660256410258 0.5879234166666667 0.19242734935897435 0.5973947692307693 0.1970723044871795 0.6086774423076923 0.20178154166666668 0.6124369519230769 0.2087199423076923 0.6144836346153847 0.22438525320512823 0.6136095897435897 0.23048797756410258 0.6104535096153847 0.23774882692307692 0.603006032051282 0.24094223076923077 0.5914496378205129 0.24066850961538463 0.5836112756410257 0.2377477884615385 0.5748843621794872 0.23005354487179488 0.5699211057692307 0.22117836538461538 0.5685960512820513 0.21139182051282054 0.5692648012820513 0.2065498717948718 0.5710688685897436
2 0.8393957756410256 0.47114421474358975 0.8344439262820512 0.47916505769230766 0.8343112115384616 0.4847286314102564 0.8388535224358975 0.49307192307692305 0.8428867532051282 0.4962010480769231 0.8524265320512822 0.4978298878205128 0.8592736955128205 0.49726378525641024 0.8657030160256409 0.49409629487179485 0.8700586955128204 0.48773125961538466 0.8718015865384615 0.4814574615384616 0.8713039166666666 0.476569891025641 0.8688808653846153 0.47273054487179483 0.8651514230769229 0.4689368237179487 0.8578293974358974 0.4652685544871795 0.8477162564102565 0.46594870833333335 0.8393957756410256 0.47114421474358975
2 0.8190129262820514 0.44929323717948716 0.8201067756410256 0.45252500320512823 0.8231602115384615 0.455688342948718 0.8294226025641026 0.4571046378205128 0.8372609647435897 0.4568309166666667 0.8424181057692308 0.45468884615384614 0.8455244166666666 0.4500024166666667 0.8447986410256411 0.43858288461538464 0.8394019935897435 0.4338663878205128 0.8334776025641025 0.4327652884615385 0.8259886506410257 0.4336807980769231 0.8218227083333333 0.43611525320512823 0.8193581891025641 0.44045227243589746 0.8190129262820514 0.44929323717948716
2 0.7056522083333333 0.4336320865384616 0.7115838557692308 0.42557702884615384 0.7111318012820512 0.4219958557692308 0.7036729166666666 0.41440840705128207 0.6984359391025641 0.4142642884615385 0.694235782051282 0.41571894551282046 0.6892611185897436 0.42308658974358976 0.6894207884615385 0.4276589647435897 0.693871858974359 0.4333894679487179 0.6971834615384616 0.43458181410256413 0.7056522083333333 0.4336320865384616
2 0.9988783974358975 0.46851792948717946 0.9932692019230769 0.4670788237179487 0.9916818301282052 0.46844224038461535 0.9871094519230769 0.4686019102564103 0.9861866858974359 0.4702691185897436 0.9850399583333334 0.4748871153846154 0.9871478173076923 0.4790644647435897 0.9914962403846155 0.48185558333333334 0.9994258397435897 0.4841946474358974 0.9988783974358975 0.46851792948717946
2 0.36267214743589743 0.48157883653846156 0.36867222435897434 0.47548337179487177 0.3742316506410256 0.4661333269230769 0.3738252179487179 0.46385854487179484 0.36882359935897435 0.46109023717948716 0.36193081730769233 0.46034994551282055 0.3335395769230769 0.46199538461538464 0.318881016025641 0.47297116346153845 0.3138949487179487 0.48001220833333336 0.31059890064102563 0.48862922115384616 0.3116212051282051 0.5085403141025642 0.314610358974359 0.5192268173076923 0.31599658974358974 0.5214673846153846 0.3216856185897436 0.5251926762820514 0.3285669967948718 0.5256063685897435 0.3327329391025641 0.5231719134615385 0.33381123076923075 0.5165943269230768 0.3369745673076923 0.513540891025641 0.3384478878205128 0.5089114903846154 0.34129603205128206 0.5061960576923077 0.3464645769230769 0.5043805865384616 0.3511012371794872 0.49669775 0.35559377884615384 0.4942518878205128 0.36267214743589743 0.48157883653846156
2 1 0.7468152596153846 0.9968379743589743 0.7471902724358974 0.9943392371794871 0.7505474935897436 0.9878757019230769 0.7527351858974358 0.9873023397435896 0.7550441858974359 0.9830679679487179 0.7555190480769232 0.9809528557692309 0.760497858974359 0.9734981185897436 0.7623931666666667 0.9688386506410257 0.7694228044871795 0.9630967435897435 0.7735472788461539 0.9561853012820513 0.7816365512820512 0.9529120608974359 0.7909067596153846 0.949855516025641 0.8063823365384615 0.9499166923076923 0.8174980801282051 1 0.8157491314102564 1 0.7468152596153846
3 0.6730027852564102 0.7159892916666666 0.6767550352564102 0.7204362115384615 0.6970424935897436 0.7301916474358975 0.7027315288461539 0.7339169391025642 0.7044557596153846 0.7364727019230769 0.7203833878205128 0.7431104230769231 0.7307588493589743 0.7499420288461538 0.7393530512820513 0.7525848814102564 0.7461017115384616 0.7585621474358974 0.7556300865384615 0.7598643942307692 0.7617369583333333 0.7661910673076923 0.7686639551282051 0.7679111506410257 0.773396 0.7723238557692308 0.7741974647435897 0.7765468237179487 0.7786941538461538 0.7835837211538461 0.7798222147435897 0.7877952852564102 0.7895444775641025 0.7946496987179487 0.8036680416666666 0.796445467948718 0.822359830128205 0.7885988141025642 0.8548859070512821 0.7649002147435897 0.8623479006410256 0.7538487467948718 0.8688891891025642 0.6977039038461539 0.863043592948718 0.6707673205128205 0.8615847884615385 0.657084407051282 0.8577755096153847 0.6510044935897437 0.8242717051282051 0.6279767275641026 0.806012266025641 0.620112451923077 0.7990966730769231 0.6187189647435897 0.7705986378205127 0.6079422628205128 0.756813080128205 0.6064616826923077 0.7390212500000001 0.6119879391025641 0.7266105128205128 0.6124213301282051 0.7225015961538462 0.6164887756410256 0.7185824166666667 0.6166256346153847 0.7178265737179488 0.6137090608974359 0.715460548076923 0.6115027051282051 0.7170137051282052 0.6091594935897435 0.7136222692307692 0.6056809615384616 0.7103521346153846 0.5963122596153847 0.7083127115384615 0.5940945 0.6965510224358974 0.5850223269230769 0.6859744198717949 0.5817947083333334 0.6831905576923076 0.5769869743589744 0.6768255192307693 0.5726312916666667 0.6629373141025641 0.5682113301282051 0.6570015192307692 0.5667836314102563 0.6521595705128205 0.5685876987179487 0.635390048076923 0.5940250448717949 0.6296595448717949 0.5984761121794872 0.6282546538461539 0.6050651057692308 0.6217724551282051 0.6160823557692308 0.6195432916666667 0.6177951826923077 0.6131865480769231 0.6324050128205128 0.603776375 0.6438515096153846 0.6001309134615385 0.6518267307692308 0.5929613044871795 0.6618869935897437 0.5904055448717949 0.6636112275641026 0.5877512852564103 0.6718788301282052 0.583745016025641 0.6788856602564103 0.5842084743589744 0.6827934326923077 0.5916559551282051 0.6900542852564103 0.6025363429487179 0.6926173044871795 0.6162348108974359 0.7009678493589744 0.6181031602564102 0.6982866314102564 0.6187636121794872 0.6891076666666667 0.6312655897435897 0.6912870576923077 0.6315050961538462 0.6981456217948718 0.6440412884615384 0.7013048108974359 0.6465213621794872 0.7067771474358974 0.6550471346153847 0.7074604102564103 0.6590347435897436 0.7092831378205128 0.6612110288461539 0.7154200769230769 0.6730027852564102 0.7159892916666666
3 0.8345496923076923 0.5664694487179488 0.8338892403846154 0.5756484166666667 0.8379494294871795 0.5889134935897435 0.8506795064102565 0.5976248557692307 0.8628206698717948 0.5988358557692307 0.8735756025641026 0.5978062948717949 0.8780339294871796 0.594380641025641 0.8836503814102564 0.5866635865384615 0.8865514038461538 0.576098391025641 0.8858028173076923 0.5640256602564103 0.8822631121794873 0.5563013493589744 0.876574080128205 0.5525760576923077 0.8502979487179487 0.5492426826923077 0.841639467948718 0.5541229967948718 0.8345496923076923 0.5664694487179488
3 0.7072935128205129 0.5555444967948718 0.6982285961538461 0.5581500256410257 0.6997973044871795 0.5656161666666666 0.7235829967948718 0.5912722756410256 0.7282123974358975 0.5927455961538461 0.737277314102564 0.5901400641025641 0.7438922243589743 0.5735592371794872 0.7437097435897436 0.5683336634615385 0.7424904391025641 0.5615093173076924 0.7372721250000001 0.552535641025641 0.7335540865384615 0.5490685128205127 0.7223014775641026 0.5452105064102565 0.7111971378205129 0.5455982788461539 0.7083261826923077 0.547660516025641 0.7091048333333334 0.5512302852564103 0.7072935128205129 0.5555444967948718
3 0.006805461538461539 0.6006068621794872 0.003235689102564103 0.601385516025641 0.0049692564102564105 0.6510284583333333 0.016658365384615383 0.6486582852564102 0.030227227564102562 0.6439334935897436 0.034468858974358974 0.6343024711538461 0.035501528846153846 0.6264184903846154 0.03378455448717949 0.6147065737179488 0.028904240384615382 0.6060480897435898 0.015297016025641024 0.6003103301282051 0.006805461538461539 0.6006068621794872
3 0.8978931570512821 0.42332191987179485 0.8996630096153846 0.4271840769230769 0.9040114326923077 0.42997519551282054 0.9086180256410257 0.4307953173076923 0.9161183814102564 0.43020640064102567 0.9196539391025641 0.4284479583333333 0.9239868076923077 0.4214297211538462 0.9231625352564102 0.4165535544871795 0.9204128878205128 0.4127256185897436 0.913113673076923 0.40971054487179487 0.9040031346153845 0.4110096794871795 0.8998828108974359 0.4147505288461538 0.897744891025641 0.419076141025641 0.8978931570512821 0.42332191987179485
3 0.746849217948718 0.43350143910256417 0.7488844903846154 0.4262364423076923 0.7486792019230769 0.42035767307692307 0.7466055576923077 0.41716011858974356 0.7419761570512821 0.41568679807692305 0.7315478205128205 0.4167049583333333 0.7258401282051282 0.42180922115384617 0.726789858974359 0.43027797115384614 0.7295851250000001 0.4354123012820513 0.7423566762820513 0.4359473012820513 0.746849217948718 0.43350143910256417
3 0.8435865993589744 0.42260237500000003 0.8510071185897436 0.4197272724358974 0.8528526570512821 0.41639285897435896 0.8519029294871796 0.40792411538461537 0.8458530833333333 0.4032304294871795 0.8350753397435897 0.40360679807692307 0.830989233974359 0.4083274391025641 0.8303515865384616 0.4181596025641026 0.8327404230769232 0.4210191506410257 0.8386876217948719 0.4227734519230769 0.8435865993589744 0.42260237500000003
3 0.7759423814102564 0.41450067307692307 0.7883873333333333 0.4150470737179487 0.7913039102564102 0.4142912339743589 0.7935102596153846 0.41192520833333335 0.7935973525641026 0.4050552403846154 0.7898222916666666 0.3999551217948718 0.7864992820512821 0.3984361794871795 0.7792913076923077 0.39803389743589745 0.7741911923076923 0.40180895833333335 0.7730102564102564 0.40544716025641026 0.7735079294871795 0.41033473076923077 0.7759423814102564 0.41450067307692307
3 0.8438074423076923 0.43829049999999997 0.8467509743589744 0.4476706121794871 0.8505675064102565 0.44459436217948717 0.8516572083333332 0.43834337820512825 0.8480946923076923 0.42996586858974356 0.8394434647435898 0.42569002564102565 0.8294443717948718 0.42963616346153843 0.8278798108974359 0.43165278205128205 0.8289280384615384 0.4335781538461539 0.8367778012820514 0.433631032051282 0.8438074423076923 0.43829049999999997
3 0.9890296378205128 0.4299492628205128 0.9973273076923076 0.4241005608974359 0.9970421826923077 0.41593560256410256 0.991828016025641 0.4164446826923077 0.9868761634615385 0.42446552243589747 0.9866179935897436 0.42643651602564103 0.9890296378205128 0.4299492628205128
3 0.5593216826923076 0.6630617147435898 0.5598152051282052 0.6584665288461539 0.5619531282051282 0.6541409166666667 0.5618162692307692 0.650221733974359 0.5692025737179487 0.6463668397435897 0.5726696987179487 0.6426488012820513 0.580017641025641 0.6283313525641026 0.5838341762820513 0.6252551057692307 0.5914288782051282 0.6086400641025641 0.5942998333333334 0.6065778301282051 0.6022781634615385 0.5915843717948718 0.6070288685897436 0.5871675192307693 0.6159527788461538 0.5711600512820513 0.618800923076923 0.5684446217948719 0.618664060897436 0.5645254423076923 0.6143954743589743 0.5640205096153846 0.597211217948718 0.5682175608974359 0.5934247532051282 0.562790842948718 0.5884417916666667 0.5511929775641026 0.5809258846153846 0.5419725352564102 0.5746292756410256 0.5395764455128205 0.5725898493589744 0.5373586923076923 0.562712064102564 0.5354146538461538 0.5509659294871795 0.5361518333333333 0.5433857371794871 0.5344545608974359 0.5409284743589744 0.529635423076923 0.5414105961538461 0.5247136378205128 0.5403965865384616 0.5237680544871796 0.5273440608974359 0.5245508557692308 0.509495201923077 0.5284441185897436 0.5027164743589744 0.530969814102564 0.5011633173076923 0.5333130288461538 0.5012659615384616 0.5362524134615385 0.5147135192307692 0.5374177948717949 0.5156103685897435 0.5537363044871795 0.5169623814102564 0.5549970801282051 0.5161764743589743 0.5605834679487179 0.5135636858974358 0.5606747083333333 0.5103661378205129 0.5627483461538462 0.5038455737179487 0.5633030448717948 0.49876101282051283 0.5768874615384616 0.4932430544871795 0.5780611442307693 0.4829930512820512 0.5748221185897436 0.4780826698717948 0.5746665961538461 0.4758421057692308 0.5760528237179486 0.4749877628205128 0.5796796217948718 0.4765875801282051 0.6067644711538461 0.4754294551282051 0.6110558685897436 0.4765917307692308 0.6162472275641026 0.4872367596153846 0.6214344358974359 0.49396261538461533 0.6267585096153846 0.503920233974359 0.630988733974359 0.5077409166666667 0.6373952435897435 0.513023516025641 0.6388457532051282 0.5217545769230769 0.6454077884615385 0.5410508333333334 0.6548708397435897 0.5456688301282051 0.6560175608974359 0.549105891025641 0.6608024871794872 0.5573734967948718 0.6634567435897436 0.5593216826923076 0.6630617147435898
4 0.37446700961538465 0.46350913461538457 0.37276558653846154 0.46160657051282056 0.3582926185897436 0.4591690096153846 0.3462426955128205 0.46057079166666665 0.339665108974359 0.4594924967948718 0.333516766025641 0.46134218589743586 0.3178898141025641 0.47267877884615384 0.3096305064102564 0.4889900352564102 0.3105729807692308 0.5066149358974359 0.3079944102564103 0.5076859711538462 0.31092653846153845 0.516739483974359 0.319703217948718 0.5246079102564103 0.32534663141025644 0.5270268108974359 0.330583608974359 0.5271709294871795 0.3321937916666667 0.5264607051282051 0.3333861314102564 0.5231491057692308 0.3546596057692308 0.4955924967948718 0.3591407403846154 0.49282004166666665 0.3602532467948718 0.48722224999999997 0.36391010897435894 0.47957362820512817 0.3721849711538462 0.47307172756410254 0.37446700961538465 0.46350913461538457