2 0.5442868814102564 0.7768197467948718 0.5544208205128205 0.7766158942307693 0.5516731955128206 0.7741419262820514 0.5440645384615385 0.7725772019230769 0.540491798076923 0.7730916891025641 0.5402680673076923 0.7750668878205128 0.5442868814102564 0.7768197467948718
4 0.27380325 0.598574625 0.27713654487179484 0.5934912435897436 0.27811698076923075 0.5872221891025641 0.2747906282051282 0.5612168461538461 0.2718377628205128 0.5548266858974359 0.2642304935897436 0.5470442179487179 0.24499575 0.5359441698717949 0.2223592980769231 0.5286221057692307 0.21777330128205127 0.5285352019230769 0.20770777884615385 0.5300444487179486 0.17003798076923077 0.541836016025641 0.15638122115384614 0.5497511442307692 0.14664066025641026 0.5574610352564102 0.14332446474358976 0.562870766025641 0.13921597115384615 0.578139391025641 0.13928161217948717 0.5918802788461539 0.1433461826923077 0.6194831634615385 0.14655559294871795 0.6307685673076923 0.1496295673076923 0.6332254326923077 0.1540075480769231 0.6418316314102563 0.20429402884615383 0.664721407051282 0.2191350769230769 0.6606711634615384 0.2616501923076923 0.6414262532051281 0.2748608782051282 0.6312437820512821 0.27699139423076924 0.6281869134615384 0.27900496153846155 0.6104101121794872 0.27783777884615385 0.6068715737179488 0.27421372756410256 0.6064070128205129 0.27380325 0.598574625
4 0.5549108493589744 0.5049761442307693 0.5554096185897436 0.5020047948717948 0.5536239423076923 0.49915316346153843 0.5567519967948719 0.49015359294871796 0.5609090224358975 0.4882995032051282 0.5645159743589744 0.48843771474358977 0.5602221217948717 0.48768100961538463 0.560669576923077 0.48373060897435893 0.5589181121794872 0.4815316762820513 0.5597945384615385 0.47952226923076924 0.5681599038461539 0.4767931378205128 0.5662914871794872 0.45987427243589746 0.5473119006410256 0.4598872147435898 0.5402362211538462 0.45600383974358977 0.539721733974359 0.45243109615384614 0.5418864615384615 0.45002692628205127 0.5341922852564103 0.44683045833333335 0.5266691442307693 0.446897483974359 0.5222028717948718 0.44909502564102566 0.5026390032051282 0.45044757051282047 0.4984648685897436 0.4519753108974359 0.4935511378205128 0.45812325320512826 0.4950959807692307 0.46262373397435896 0.5095907980769231 0.4706997307692308 0.513110842948718 0.4754239423076923 0.5145872724358974 0.47861902564102565 0.5137963589743589 0.48226017628205126 0.5161293397435898 0.49555499038461537 0.5189097820512821 0.5048994070512821 0.5209875993589744 0.507081233974359 0.5229799038461538 0.5076313108974359 0.5339731698717949 0.5050917019230768 0.5385933717948718 0.5058313076923077 0.5403619455128206 0.5083565865384616 0.5441755192307692 0.50619325 0.5549108493589744 0.5049761442307693
4 0.6208417756410256 0.46421482051282054 0.6217182051282051 0.46220541666666665 0.6186100256410256 0.4590958493589744 0.6177691955128205 0.4555402115384615 0.6131845865384615 0.4492355641025641 0.5975068653846154 0.4310769391025641 0.5917023782051282 0.4264724487179487 0.5819631987179488 0.42796459935897435 0.5781838333333333 0.4307806314102564 0.5563512339743589 0.4387969903846154 0.5504256346153846 0.43812580128205125 0.5436578076923078 0.440116717948718 0.5414075705128205 0.44088914102564103 0.5497031314102564 0.44307235576923076 0.5504242467948718 0.44434354807692306 0.5519362692307692 0.4419735833333333 0.5567459967948718 0.4400852884615385 0.5662443365384615 0.4402419935897436 0.5959550833333334 0.4576651794871795 0.5956786602564103 0.46487907371794873 0.5977550897435897 0.4732786442307692 0.6015002532051282 0.4698099102564103 0.6071337083333334 0.4711509038461538 0.6123381987179487 0.47055090384615383 0.6219576506410257 0.46677431089743593 0.6208417756410256 0.46421482051282054
6 0.6081640705128205 0.47207864423076923 0.6193468557692308 0.46691113782051286 0.6153964551282051 0.46646367628205126 0.579779983974359 0.43626016025641023 0.5799866121794872 0.43395861217948717 0.5782180384615385 0.4314333301282052 0.5731845833333333 0.4352968269230769 0.5615728237179487 0.4385233397435897 0.5579145705128205 0.4374060769230769 0.5533627788461539 0.43797187499999995 0.5489307115384615 0.44082211538461535 0.5395691955128205 0.4432762083333333 0.5404271346153846 0.44715819230769227 0.5441366987179487 0.4492545064102564 0.5507492083333333 0.45054418910256405 0.5637689807692308 0.44920735897435893 0.5678049006410256 0.45128656730769234 0.5694523621794872 0.457745141025641 0.5622028717948718 0.4630337596153846 0.5602262820512821 0.46902777564102566 0.562094701923077 0.48594664102564106 0.563502717948718 0.48783632692307694 0.5671096666666667 0.48797454166666665 0.5801992435897436 0.4817253621794872 0.6058625192307693 0.471872016025641 0.6081640705128205 0.47207864423076923
6 0.4358505833333333 0.5622661826923078 0.4390641570512821 0.554898358974359 0.4433765032051282 0.5497636698717948 0.44504245512820517 0.5503308525641025 0.44784277564102565 0.547566125 0.4471216634615385 0.5462949358974358 0.45780845833333333 0.5316632948717949 0.4557833333333333 0.5242427724358975 0.4505802339743589 0.5186250256410256 0.44201240384615387 0.5050024775641025 0.43346029166666666 0.49792401923076923 0.42810325961538465 0.4893691282051282 0.4169759455128205 0.4768624519230769 0.4134032051282051 0.4773769391025641 0.4107055032051282 0.48209976282051276 0.3801811923076923 0.492862358974359 0.3682772916666667 0.4967586730769231 0.3620595480769231 0.4967572852564102 0.3520795352564103 0.49989828205128206 0.3431983012820513 0.5052724166666667 0.32117756410256415 0.5096989326923077 0.30777874358974355 0.5162915608974359 0.30504683653846154 0.5203616826923076 0.3041690192307692 0.5285888365384616 0.3064964519230769 0.5667546282051282 0.308161016025641 0.5735395512820514 0.31094284615384615 0.5766662211538461 0.32356785897435897 0.5740410961538461 0.32786171153846155 0.5747978044871795 0.3316896153846154 0.5853963076923078 0.32854584294871797 0.5878517852564104 0.3290432243589744 0.5910981762820513 0.33860998076923077 0.592560282051282 0.33974295833333334 0.5954461153846154 0.3498755064102564 0.6014600064102564 0.3710896153846154 0.5941305512820513 0.43217383653846153 0.5670403173076923 0.4358505833333333 0.5622661826923078
6 0.45934913782051284 0.5548170032051282 0.4696383942307692 0.5513325544871795 0.5102296185897436 0.532842967948718 0.5290053525641025 0.5226960865384616 0.5299515801282052 0.5157743365384615 0.5271526506410257 0.5123213173076924 0.5248853044871795 0.5127673910256411 0.5218099455128205 0.5165282660256411 0.5160211698717949 0.5184678717948719 0.5106627532051282 0.5161307275641026 0.5074163621794872 0.5166281121794872 0.5057517948717949 0.5098431826923078 0.5128288653846154 0.5075088141025641 0.5136710865384615 0.5048467083333333 0.5131052884615385 0.5002949166666667 0.5113367147435898 0.4977696378205128 0.5121960448717949 0.49543388461538457 0.510427467948718 0.49290860256410257 0.5124211602564103 0.4872409391025641 0.5107908012820512 0.48110870833333336 0.4944391185897436 0.4813111762820513 0.48069961858974364 0.4751590673076923 0.47984167948717943 0.4712770801282052 0.47611501282051283 0.46885441666666666 0.4724909583333333 0.46838985576923076 0.4696393301282051 0.470175532051282 0.4608278942307692 0.4706373205128205 0.45806316987179485 0.467837 0.4578736442307692 0.4704649006410256 0.45321784615384614 0.4752903429487179 0.4434444615384615 0.47612979166666664 0.4421718878205128 0.4830686442307693 0.4489027243589743 0.492860516025641 0.4540203108974359 0.496846516025641 0.463996157051282 0.51235875 0.4698020352564103 0.5107454935897436 0.47225751602564103 0.513889266025641 0.4713112852564103 0.520811016025641 0.47275350961538465 0.5233534038461538 0.4730100576923077 0.5282486442307692 0.46818183974358973 0.5360283333333333 0.45818333974358977 0.5450607275641025 0.45395651282051286 0.5518271602564102 0.4543854807692308 0.553768157051282 0.45934913782051284 0.5548170032051282
6 0.652222641025641 0.4635519615384615 0.6630263814102564 0.46364025 0.6734011538461538 0.4617875480769231 0.6864921153846154 0.44932062820512825 0.6866303301282052 0.4457136794871795 0.6832813173076924 0.4442529647435897 0.6810139775641025 0.4446990384615385 0.6798638942307692 0.4414868525641026 0.68752525 0.4378128814102564 0.6872358814102564 0.42604719230769234 0.6820854775641025 0.4151907564102564 0.6716436826923077 0.40952031730769234 0.6627638333333333 0.40867670512820514 0.6516850512820513 0.4095845641025641 0.6397811506410256 0.4134808814102564 0.6251467339743589 0.4152295769230769 0.6167984711538461 0.4182850576923077 0.6096002916666666 0.4245527243589744 0.6071776314102565 0.4282793942307693 0.6160061698717949 0.42814395512820513 0.622085701923077 0.4317522916666667 0.6232699903846154 0.43561717628205127 0.6224619711538462 0.43893198076923073 0.623765983974359 0.44508131089743586 0.622271064102564 0.44777762499999996 0.6230776891025641 0.4506805641025641 0.6274570576923078 0.4530690192307692 0.6405623525641025 0.4533639358974359 0.6449075128205128 0.4550996923076923 0.6448548141025642 0.4603383846153846 0.6490289455128205 0.4588106442307692 0.652222641025641 0.4635519615384615
4 0.6231289999999999 0.4516596121794872 0.6278518205128205 0.4543573141025641 0.630310076923077 0.44506559615384617 0.6214672083333334 0.4324391955128205 0.6126400544871795 0.426356891025641 0.6086725512820512 0.42558308012820517 0.6051511185897436 0.4270766153846154 0.6053221506410257 0.4303401089743589 0.6117266442307692 0.44014908974358974 0.6181838333333334 0.4447193653846154 0.6231289999999999 0.4516596121794872
2 0.5603663333333333 0.5341423621794872 0.5639034807692307 0.5391929230769231 0.5748269455128204 0.5415656602564103 0.587211125 0.5405893878205129 0.5909733878205129 0.5374470032051283 0.5921248557692308 0.5344414455128206 0.5927803333333334 0.52197175 0.5917342596153846 0.5144999166666667 0.5903262403846155 0.512610233974359 0.5873719935897436 0.5124378141025641 0.5719637628205129 0.5181540128205128 0.5643195096153847 0.5221543333333333 0.5596808173076924 0.527306125 0.5603663333333333 0.5341423621794872
2 0.7860490512820514 0.5069342788461538 0.7991885480769231 0.5078818942307692 0.8043588301282052 0.5066291923076923 0.8087395897435897 0.5027999038461538 0.8114913717948717 0.486620641025641 0.8089845833333333 0.48249782051282053 0.8035406474358974 0.4785289294871795 0.7952792916666667 0.4769984134615385 0.7851966634615385 0.4781813141025641 0.781073842948718 0.4806881025641025 0.77777475 0.4864241794871795 0.778475983974359 0.4998045128205128 0.7860490512820514 0.5069342788461538
2 0.8708342884615384 0.48874654487179486 0.8682049999999999 0.4947747660256411 0.8681865096153846 0.5006661602564103 0.8701261153846155 0.5064549358974358 0.8759477115384615 0.5113857756410256 0.8842261698717948 0.5132426378205128 0.8982420961538461 0.5121808461538462 0.9048915833333333 0.5016877435897437 0.9058720192307692 0.4954186891025641 0.9041903525641026 0.48830741346153844 0.9003439583333332 0.4836003044871795 0.8933195865384616 0.4806959775641026 0.8887164871794871 0.48028272435897434 0.8828421955128206 0.4805905833333334 0.8764520288461538 0.4835434455128205 0.8708342884615384 0.48874654487179486