2 0.27941176602564105 0.3460784326923077 0.2833333333333333 0.34509803846153847 0.2862745096153846 0.3464052275641025 0.29117647115384615 0.35098039102564105 0.29591503205128206 0.3516339871794872 0.319934641025641 0.36732026282051283 0.3248366025641026 0.3663398685897436 0.3284313717948718 0.36732026282051283 0.3330065352564103 0.3656862756410256 0.3385620929487179 0.3676470576923077 0.3650326794871795 0.3568627435897436 0.36699346474358974 0.3516339871794872 0.3712418301282051 0.3503267980769231 0.3702614391025641 0.35000000000000003 0.3702614391025641 0.3464052275641025 0.37385620833333333 0.34411764743589746 0.3712418301282051 0.34084967307692304 0.3568627435897436 0.3326797371794872 0.3526143782051282 0.32418300641025644 0.3421568621794872 0.3212418301282051 0.3245098044871795 0.31045751602564103 0.31111111217948717 0.30653594871794876 0.2901960769230769 0.31111111217948717 0.2781045737179487 0.319934641025641 0.27745098076923075 0.32254901923076923 0.2879084967948718 0.3264705897435897 0.2833333333333333 0.3330065352564103 0.27843137179487176 0.33431372435897433 0.2781045737179487 0.3421568621794872 0.27941176602564105 0.3460784326923077
2 0.16307189423076923 0.4647058814102564 0.16666666666666666 0.4660130705128205 0.16830065384615386 0.46928104487179484 0.17124183012820512 0.46993464102564103 0.17483660256410255 0.4676470576923077 0.17908496794871795 0.46928104487179484 0.1918300641025641 0.4637254903846154 0.19967320192307694 0.46339869230769226 0.20196078525641026 0.4607843141025641 0.20392156730769231 0.4607843141025641 0.20555555448717946 0.46437908653846155 0.20849673076923075 0.46633986858974363 0.20882352884615385 0.47091503205128205 0.21437908653846152 0.47091503205128205 0.22058823397435895 0.46405228846153845 0.22222222115384613 0.460130717948718 0.22254901923076922 0.4539215673076923 0.23169934615384613 0.4535947724358974 0.23431372435897435 0.4545751634615384 0.2486928108974359 0.4454248365384615 0.24771241987179488 0.4418300641025641 0.2496732019230769 0.4362745096153846 0.2470588237179487 0.43300653525641025 0.2549019615384615 0.420588233974359 0.2549019615384615 0.4176470576923077 0.2513071891025641 0.41928104487179485 0.2460784326923077 0.4153594775641025 0.24673202564102562 0.41013071794871797 0.2486928108974359 0.4078431378205128 0.240522875 0.4078431378205128 0.23594771153846153 0.4098039230769231 0.23039215705128205 0.4150326794871795 0.22385620833333333 0.41568627564102567 0.2202614391025641 0.4176470576923077 0.2202614391025641 0.42614379166666666 0.2160130705128205 0.42777777884615387 0.21013071794871793 0.4264705897435897 0.17647058974358976 0.4470588237179487 0.17156862820512822 0.4447712403846154 0.16111111217948718 0.4473856217948718 0.15718954166666668 0.44967320192307686 0.15065359615384616 0.45 0.15065359615384616 0.4535947724358974 0.14771241987179487 0.4552287596153846 0.14379084935897435 0.4542483653846154 0.14379084935897435 0.4558823525641026 0.14019607692307692 0.45784313782051284 0.13954248397435898 0.459803923076923 0.14117647115384616 0.4617647051282051 0.14967320192307693 0.4611111121794872 0.16013071794871794 0.46699346474358977 0.16209150320512822 0.4666666666666667 0.16307189423076923 0.4647058814102564
2 0.1163398685897436 0.45882352884615385 0.1784313717948718 0.43366013141025644 0.18464052243589743 0.42843137179487184 0.19542483653846154 0.4248366025641026 0.20228758012820514 0.41993464102564104 0.20392156730769231 0.409477125 0.2082352948717949 0.40620915064102564 0.2150326794871795 0.40620915064102564 0.2241830064102564 0.4039215673076923 0.2284313717948718 0.4045751634615385 0.2323529423076923 0.4035947724358975 0.23986928205128202 0.3983660128205128 0.24117647115384613 0.39901960897435895 0.24771241987179488 0.3898692820512821 0.24673202564102562 0.3820261442307692 0.2486928108974359 0.37516339743589744 0.2447712403846154 0.36928104487179486 0.24117647115384613 0.36928104487179486 0.2375816987179487 0.3640522884615385 0.23431372435897435 0.36307189423076924 0.23039215705128205 0.3581699358974359 0.2271241826923077 0.35718954166666667 0.2215686282051282 0.35000000000000003 0.2202614391025641 0.3467320256410256 0.2215686282051282 0.34379084935897436 0.21993464102564103 0.3418300641025641 0.2202614391025641 0.33594771153846154 0.22516339743589744 0.3320261442307692 0.22385620833333333 0.33137254807692307 0.2245098044871795 0.32745098076923074 0.2202614391025641 0.3267973846153846 0.21764705769230772 0.32941176602564104 0.21339869230769232 0.33071895512820515 0.21143790705128204 0.3339869294871795 0.20424836538461538 0.33562091346153844 0.18333333333333335 0.3264705897435897 0.17156862820512822 0.3245098044871795 0.15718954166666668 0.3245098044871795 0.14215686217948717 0.3281045737179487 0.1281045737179487 0.3333333333333333 0.0879084967948718 0.36143790705128204 0.08071895512820514 0.3712418301282051 0.07549019551282052 0.38823529487179487 0.07516339743589744 0.39542483653846155 0.07908496794871796 0.42254901923076926 0.0823529423076923 0.430065358974359 0.09901960897435898 0.45 0.10915032692307691 0.4575163397435898 0.1163398685897436 0.45882352884615385
6 0 0.6584967307692308 0.014379086538461539 0.6656862756410257 0.02679738461538462 0.6666666666666666 0.042810458333333336 0.6653594775641025 0.05392156730769231 0.6633986923076923 0.06241830128205128 0.659803923076923 0.07450980448717949 0.6526143782051282 0.08137254807692308 0.6441176474358975 0.08823529487179488 0.6307189551282051 0.08594771153846154 0.6189542467948718 0.08888888782051281 0.6124183012820513 0.08856209294871795 0.6019607852564103 0.08627450961538462 0.5941176474358975 0.08137254807692308 0.5846405224358975 0.07222222115384615 0.5764705897435898 0.06437908653846154 0.5722222211538461 0.056535948717948724 0.5718954262820513 0.047385621794871796 0.5748366025641025 0.04117647115384615 0.5790849679487179 0.036274509615384615 0.580065358974359 0.025490195512820512 0.5862745096153846 0 0.5967320256410257 0 0.6584967307692308
6 0.24771241987179488 0.38856209294871796 0.2620915032051282 0.3856209134615385 0.2701797371794872 0.3803921570512821 0.28986928205128204 0.3781045737179487 0.31797385576923076 0.36928104487179486 0.3189542467948718 0.36732026282051283 0.31862745192307695 0.3611111121794872 0.31732026282051284 0.3598039230769231 0.3068627435897436 0.3568627435897436 0.30457516346153846 0.3526143782051282 0.29183006410256407 0.3503267980769231 0.28954248397435894 0.34411764743589746 0.29836601282051284 0.34117647115384614 0.3003267980769231 0.3366013076923077 0.29313725641025645 0.3323529423076923 0.2875816987179487 0.32549019551282055 0.2833333333333333 0.32254901923076923 0.2745098044871795 0.320915032051282 0.22647058974358972 0.32516339743589745 0.2218954262820513 0.3271241826923077 0.2215686282051282 0.32941176602564104 0.21764705769230772 0.3330065352564103 0.21274509935897434 0.3323529423076923 0.20882352884615385 0.33431372435897433 0.20947712500000001 0.34150326923076924 0.23300653525641024 0.36176470512820513 0.240522875 0.3702614391025641 0.24346405128205129 0.3758169935897436 0.2457516346153846 0.38692810576923076 0.24771241987179488 0.38856209294871796
6 0.2758169935897436 0.6732026153846155 0.27941176602564105 0.6689542467948718 0.28986928205128204 0.6637254903846154 0.29150326923076925 0.6575163397435897 0.2944444455128205 0.6558823525641025 0.2947712403846154 0.6509803910256411 0.29836601282051284 0.6447712403846153 0.2986928108974359 0.639869282051282 0.2810457532051282 0.6382352948717949 0.2732026153846154 0.6362745096153847 0.24019607692307693 0.6349673205128205 0.2382352948717949 0.6375816987179487 0.2379084967948718 0.641830064102564 0.23888888782051282 0.6467320256410256 0.2375816987179487 0.6522875801282051 0.24019607692307693 0.6660130705128205 0.2447712403846154 0.679411766025641 0.24836601282051282 0.6836601314102564 0.2758169935897436 0.6732026153846155
6 0.2767973846153846 0.4290849679487179 0.2815359487179487 0.42549019551282047 0.28594771153846155 0.4248366025641026 0.28986928205128204 0.42254901923076926 0.29183006410256407 0.4153594775641025 0.29183006410256407 0.4098039230769231 0.2954248365384616 0.40686274358974356 0.3006535961538462 0.40620915064102564 0.30359477243589744 0.4039215673076923 0.30424836538461536 0.3980392147435898 0.28039215705128206 0.3977124198717949 0.2767973846153846 0.3993464038461539 0.27745098076923075 0.40588235256410254 0.2724401955128205 0.40718954166666665 0.2513071891025641 0.40718954166666665 0.24934640384615384 0.40849673076923076 0.25 0.4153594775641025 0.24771241987179488 0.4176470576923077 0.2473856217948718 0.4264705897435897 0.2470588237179487 0.4362745096153846 0.24901960897435899 0.44411764743589743 0.2562091506410256 0.44575163461538464 0.2728758173076923 0.4431372564102564 0.2761437916666667 0.4408496730769231 0.2767973846153846 0.4290849679487179
6 0.20653594871794873 0.6542483653846154 0.2081699358974359 0.6493464038461538 0.21274509935897434 0.6447712403846153 0.2124183012820513 0.6392156858974359 0.20915032692307692 0.6281045737179487 0.20718954166666664 0.6055555544871795 0.20294117628205127 0.5911764711538462 0.19836601282051283 0.5931372564102564 0.1921568621794872 0.5986928108974359 0.18823529487179488 0.6062091506410257 0.1849673205128205 0.6176470576923077 0.18594771153846154 0.6352941185897436 0.1892156858974359 0.6516339871794872 0.19248366025641026 0.659803923076923 0.19640522756410256 0.6653594775641025 0.20653594871794873 0.6542483653846154
6 0.26830065384615387 0.6117647051282051 0.2767973846153846 0.6114379070512821 0.28202614423076927 0.6098039230769231 0.2771241826923077 0.6065359487179487 0.2660130705128205 0.6078431378205129 0.2624183012820513 0.6045751634615385 0.26699346474358976 0.5986928108974359 0.2689542467948718 0.5983660128205128 0.269607842948718 0.5947712403846154 0.26535947756410255 0.5866013076923077 0.2624183012820513 0.5836601314102564 0.2562091506410256 0.5843137243589743 0.250980391025641 0.5960784326923078 0.2503267980769231 0.600980391025641 0.25196078525641025 0.6065359487179487 0.2549019615384615 0.6075163397435898 0.259477125 0.6068627435897436 0.2633986923076923 0.610457516025641 0.26830065384615387 0.6117647051282051
4 0.33725490064102565 0.6816993461538461 0.3382352948717949 0.6911764711538462 0.3418300641025641 0.6960784326923076 0.34509803846153847 0.6977124198717949 0.35359477243589743 0.6970588237179487 0.36307189423076924 0.6983660128205128 0.380065358974359 0.6941176474358974 0.3856209134615385 0.6911764711538462 0.4065359487179487 0.6725490192307693 0.41241830128205126 0.6656862756410257 0.42254901923076926 0.6450980384615385 0.42254901923076926 0.6330065352564103 0.4251633974358974 0.6248366025641026 0.42450980448717945 0.6166666666666667 0.42091503205128206 0.6075163397435898 0.4160130705128205 0.6013071891025641 0.3957516346153846 0.5826797371794872 0.3803921570512821 0.5748366025641025 0.3722222211538461 0.5738562083333333 0.34803921474358973 0.5810457532051282 0.33006535897435896 0.5977124198717949 0.32385620833333334 0.6016339871794871 0.31862745192307695 0.6084967307692307 0.31830065384615386 0.6173202628205129 0.3212418301282051 0.6254901955128205 0.3212418301282051 0.6382352948717949 0.3245098044871795 0.6555555544871795 0.3336601314102564 0.6787581698717948 0.33725490064102565 0.6816993461538461
2 0.4741830064102564 0.3689542467948718 0.4683006538461538 0.3598039230769231 0.460130717948718 0.359477125 0.45294117628205127 0.3640522884615385 0.45294117628205127 0.3741830064102564 0.45653594871794867 0.3781045737179487 0.4630718942307692 0.3810457532051282 0.47026143910256407 0.379084967948718 0.47156862820512824 0.3725490192307692 0.4741830064102564 0.3689542467948718
2 0.6764705897435898 0.6683006538461539 0.6852941185897437 0.6718954262820512 0.7000000000000001 0.6725490192307693 0.7019607852564103 0.6607843141025641 0.7052287596153847 0.6565359487179487 0.7084967307692308 0.6483660128205129 0.7148147051282051 0.6400872564102564 0.720915032051282 0.6359477115384615 0.7251633974358974 0.6310457532051282 0.7375816987179488 0.6241830064102565 0.7552287596153846 0.6186274519230769 0.7578431378205128 0.6166666666666667 0.758169935897436 0.6147058814102564 0.7558823525641026 0.5970588237179487 0.7480392147435898 0.5849673205128205 0.738562092948718 0.5758169935897436 0.7241830064102565 0.5689542467948717 0.7179738557692308 0.5676470576923077 0.6852941185897437 0.5669934647435897 0.6745098044871795 0.5709150320512821 0.6683006538461539 0.5748366025641025 0.6568627435897436 0.5869281057692307 0.6529411762820513 0.5934640512820513 0.6519607852564102 0.5980392147435898 0.6522875801282051 0.6274509807692308 0.6558823525641025 0.6352941185897436 0.6565359487179487 0.6450980384615385 0.6627450993589743 0.6555555544871795 0.6705882339743591 0.6640522884615384 0.6764705897435898 0.6683006538461539
2 0.9349673205128206 0.4993464038461538 0.9431372564102565 0.49803921474358975 0.9578431378205128 0.4879084967948718 0.9604575160256409 0.4816993461538462 0.9647058814102564 0.47777777884615386 0.9679738557692307 0.460130717948718 0.9669934647435897 0.4545751634615384 0.9640522884615385 0.4493464038461538 0.9532679743589743 0.43888888782051283 0.9444444455128206 0.4359477115384615 0.9264705897435898 0.4343137243589744 0.9189542467948718 0.4352941185897436 0.9035947724358974 0.44509803846153845 0.8960784326923078 0.4522875801282051 0.8934640512820513 0.459477125 0.8924836602564102 0.4781045737179487 0.8937908493589745 0.4826797371794872 0.8973856217948717 0.4862745096153846 0.9098039230769231 0.49575163461538463 0.9173202628205127 0.4977124198717948 0.9349673205128206 0.4993464038461538
2 0.7888888878205128 0.4493464038461538 0.7980392147435897 0.43464052243589746 0.8006535961538461 0.4274509807692308 0.799019608974359 0.41993464102564104 0.789215685897436 0.40490196153846153 0.7852941185897436 0.4029411762820513 0.7663398685897436 0.40065359615384616 0.7506535961538462 0.40588235256410254 0.750326798076923 0.4120915032051282 0.7447712403846154 0.4241830064102564 0.7444444455128205 0.4310457532051282 0.750326798076923 0.4431372564102564 0.7575163397435898 0.45032679807692305 0.7653594775641026 0.4522875801282051 0.7826797371794871 0.4516339871794872 0.7888888878205128 0.4493464038461538
2 0.7343137243589744 0.4222222211538461 0.7349673205128205 0.41993464102564104 0.7346405224358974 0.40849673076923076 0.7294117660256411 0.4016339871794872 0.7326797371794872 0.3977124198717949 0.7359477115384616 0.39673202564102567 0.7352941185897436 0.38790849679487177 0.7339869294871795 0.38725490064102563 0.7297385608974358 0.3931372564102564 0.7245098044871795 0.39673202564102567 0.7183006538461538 0.3934640512820513 0.710784314102564 0.3921568621794872 0.6973856217948718 0.39411764743589744 0.688562092948718 0.4016339871794872 0.6866013076923076 0.40588235256410254 0.6866013076923076 0.4150326794871795 0.6882352948717949 0.4235294102564103 0.6967320256410257 0.4343137243589744 0.7084967307692308 0.4359477115384615 0.7245098044871795 0.4339869294871795 0.7343137243589744 0.4222222211538461
2 0.48594771153846156 0.45261437820512823 0.49281045833333337 0.4431372564102564 0.49607843269230767 0.4343137243589744 0.49575163461538463 0.429411766025641 0.49117647115384616 0.4222222211538461 0.48496732051282054 0.41568627564102567 0.4839869294871795 0.41307189423076923 0.48071895512820517 0.4107843141025641 0.46633986858974363 0.4117647051282051 0.459803923076923 0.4137254903846154 0.4552287596153846 0.4179738557692308 0.4493464038461538 0.4297385608974359 0.4493464038461538 0.4362745096153846 0.45294117628205127 0.4431372564102564 0.460130717948718 0.45326797435897437 0.4660130705128205 0.4558823525641026 0.4781045737179487 0.4549019615384616 0.48594771153846156 0.45261437820512823
2 0.5683006538461539 0.4042483653846154 0.5751633974358974 0.39901960897435895 0.5745098044871795 0.3973856217948718 0.5781045737179488 0.3924836602564103 0.5735294102564102 0.3777777788461539 0.5663398685897436 0.3728758173076923 0.5555555544871795 0.3732026153846154 0.550980391025641 0.37549019551282053 0.5460784326923077 0.38267973717948717 0.5457516346153846 0.3944444455128205 0.5486928108974359 0.3983660128205128 0.5503267980769231 0.3986928108974359 0.5522875801282051 0.4039215673076923 0.5539215673076924 0.4045751634615385 0.5683006538461539 0.4042483653846154
3 0.8281045737179488 0.6558823525641025 0.8313725480769231 0.6591503269230768 0.8379084967948719 0.6728758173076923 0.8428104583333333 0.6774509807692308 0.8483660128205128 0.6934640512820512 0.8522875801282052 0.6970588237179487 0.859150326923077 0.6967320256410257 0.8689542467948718 0.6928104583333333 0.8937908493589745 0.6748366025641026 0.9016339871794872 0.6637254903846154 0.9026143782051281 0.6542483653846154 0.9019607852564102 0.6352941185897436 0.9009803910256411 0.6307189551282051 0.8941176474358974 0.6166666666666667 0.8869281057692308 0.6075163397435898 0.8669934647435897 0.5888888878205127 0.8584967307692307 0.5833333333333334 0.8349673205128204 0.5764705897435898 0.8140522884615385 0.5787581698717948 0.7918300641025642 0.5934640512820513 0.779738560897436 0.6029411762820513 0.7777777788461538 0.6058823525641025 0.7774509807692308 0.6127450993589744 0.7787581698717948 0.6150326794871795 0.8045751634615385 0.6202614391025641 0.809477125 0.6235294102564103 0.8258169935897436 0.65 0.8281045737179488 0.6558823525641025
3 0.9330065352564103 0.4120915032051282 0.9444444455128206 0.4248366025641026 0.9555555544871794 0.4274509807692308 0.970261439102564 0.42679738461538463 0.9774509807692306 0.42450980448717945 0.9849673205128204 0.4176470576923077 0.9875816987179488 0.41307189423076923 0.9901960769230769 0.3986928108974359 0.9866013076923077 0.389542483974359 0.980065358974359 0.3839869294871795 0.9653594775641026 0.379084967948718 0.9599673205128204 0.379084967948718 0.9460784326923076 0.37483660256410256 0.9428104583333333 0.37549019551282053 0.9362745096153845 0.3797385608974359 0.9320261442307691 0.380065358974359 0.9323529423076923 0.3823529423076923 0.940849673076923 0.3843137243589744 0.940849673076923 0.38790849679487177 0.9366013076923076 0.3908496730769231 0.9330065352564103 0.3993464038461539 0.9330065352564103 0.4120915032051282
3 0.739542483974359 0.42091503205128206 0.7460784326923077 0.42091503205128206 0.7539215673076923 0.41045751602564107 0.7643790865384615 0.4026143782051282 0.770915032051282 0.3993464038461539 0.7627450993589744 0.3846405224358974 0.7591503269230769 0.3810457532051282 0.7565359487179487 0.3803921570512821 0.7375816987179488 0.3803921570512821 0.7326797371794872 0.38790849679487177 0.7281045737179487 0.3898692820512821 0.7251633974358974 0.3931372564102564 0.7248366025641025 0.3973856217948718 0.7310457532051282 0.40522875961538457 0.7333333333333334 0.4107843141025641 0.7339869294871795 0.4176470576923077 0.7359477115384616 0.41993464102564104 0.739542483974359 0.42091503205128206
3 0.8297385608974358 0.3741830064102564 0.8330065352564102 0.3676470576923077 0.8336601314102564 0.3598039230769231 0.8326797371794873 0.35718954166666667 0.8248366025641025 0.3483660128205128 0.8124183012820513 0.34803921474358973 0.8075163397435897 0.34934640384615384 0.7996732019230769 0.3607843141025641 0.7996732019230769 0.3686274519230769 0.8029411762820513 0.37483660256410256 0.8078431378205128 0.3784313717948718 0.818627451923077 0.3787581698717949 0.8251633974358975 0.3771241826923077 0.8297385608974358 0.3741830064102564
3 0.5813725480769231 0.3993464038461539 0.5882352948717949 0.3977124198717949 0.5957516346153846 0.390522875 0.5977124198717949 0.3859477115384615 0.5980392147435898 0.3781045737179487 0.5954248365384616 0.3715686282051282 0.5928104583333333 0.36928104487179486 0.5882352948717949 0.3666666666666667 0.5807189551282051 0.3660130705128205 0.5741830064102563 0.36699346474358974 0.568627451923077 0.3715686282051282 0.5683006538461539 0.3758169935897436 0.5712418301282052 0.38758169871794873 0.5741830064102563 0.38758169871794873 0.5751633974358974 0.389542483974359 0.5751633974358974 0.39901960897435895 0.5813725480769231 0.3993464038461539
3 0.5140522884615384 0.3660130705128205 0.5124183012820512 0.36176470512820513 0.508169935897436 0.3584967307692308 0.5058823525641026 0.3575163397435897 0.4947712403846154 0.3584967307692308 0.490196076923077 0.36143790705128204 0.48823529487179484 0.3663398685897436 0.4879084967948718 0.3715686282051282 0.48921568589743586 0.3758169935897436 0.49509803846153844 0.38300653525641026 0.5084967307692307 0.38300653525641026 0.5133986923076923 0.3784313717948718 0.5140522884615384 0.3660130705128205
3 0.6696078429487179 0.3506535961538461 0.6650326794871795 0.34411764743589746 0.6611111121794873 0.3421568621794872 0.6545751634615384 0.34117647115384614 0.6483660128205129 0.34313725641025644 0.6457516346153847 0.34509803846153847 0.6434640512820513 0.34967320192307694 0.6428104583333333 0.3578431378205128 0.6493464038461538 0.3643790865384615 0.6539215673076922 0.3656862756410256 0.6617647051282051 0.3650326794871795 0.6692810448717949 0.3601307179487179 0.6696078429487179 0.3506535961538461
3 0.7245098044871795 0.36143790705128204 0.7274509807692308 0.359477125 0.7310457532051282 0.3503267980769231 0.7277777788461538 0.3467320256410256 0.7166666666666667 0.3457516346153846 0.7117647051282051 0.3477124198717949 0.7065359487179487 0.3555555544871795 0.7058823525641026 0.36209150320512823 0.7088235288461538 0.3686274519230769 0.7127450993589743 0.3702614391025641 0.7183006538461538 0.3702614391025641 0.7215686282051282 0.3686274519230769 0.7245098044871795 0.36143790705128204
3 0.6150326794871795 0.3483660128205128 0.6088235288461539 0.3401960769230769 0.6035947724358974 0.3385620929487179 0.6 0.33888888782051285 0.5918300641025641 0.34509803846153847 0.5921568621794872 0.35490196153846154 0.5960784326923078 0.3598039230769231 0.6091503269230769 0.3598039230769231 0.6143790865384615 0.35522875961538464 0.6156862756410256 0.3506535961538461 0.6150326794871795 0.3483660128205128