3 0.1241412532051282 0.4990342435897435 0.24869983974358975 0.4990342435897435 0.24869983974358975 0.42492509294871794 0.1241412532051282 0.42492509294871794 0.1241412532051282 0.4990342435897435
2 0.00008828205128205128 0.35447565384615387 0.052512038461538464 0.35447565384615387 0.052512038461538464 0.31323970192307693 0.00008828205128205128 0.31323970192307693 0.00008828205128205128 0.35447565384615387
2 0.4113563397435897 0.3756594423076923 0.507070625 0.3756594423076923 0.507070625 0.3407557532051282 0.4113563397435897 0.3407557532051282 0.4113563397435897 0.3756594423076923
3 0.7029093108974359 0.5136490096153846 0.8635593910256409 0.5136490096153846 0.8635593910256409 0.435398608974359 0.7029093108974359 0.435398608974359 0.7029093108974359 0.5136490096153846
3 0.8184109134615384 0.3791064743589744 0.8481059391025642 0.3791064743589744 0.8481059391025642 0.35371321474358974 0.8184109134615384 0.35371321474358974 0.8184109134615384 0.3791064743589744
3 0.8426886025641025 0.3753705192307692 0.8635072243589744 0.3753705192307692 0.8635072243589744 0.3527300705128205 0.8426886025641025 0.3527300705128205 0.8426886025641025 0.3753705192307692
3 0.9228571442307691 0.3699852852564103 0.9391813814102564 0.3699852852564103 0.9391813814102564 0.3454989294871795 0.9228571442307691 0.3454989294871795 0.9228571442307691 0.3699852852564103
2 0.8215971121794872 0.35349250961538464 0.849863564102564 0.35349250961538464 0.849863564102564 0.3427300705128205 0.8215971121794872 0.3427300705128205 0.8215971121794872 0.35349250961538464
2 0.8553651698717949 0.3614419487179487 0.874570625 0.3614419487179487 0.874570625 0.344925092948718 0.8553651698717949 0.344925092948718 0.8553651698717949 0.3614419487179487
2 0.88867175 0.37059523717948717 0.9207664519230769 0.37059523717948717 0.9207664519230769 0.34336409935897433 0.88867175 0.34336409935897433 0.88867175 0.37059523717948717
3 0.9408507211538463 0.37709202884615384 0.967929375 0.37709202884615384 0.967929375 0.3531754935897436 0.9408507211538463 0.3531754935897436 0.9408507211538463 0.37709202884615384
3 1 0.36018191666666666 0.9840770480769231 0.36018191666666666 0.9840770480769231 0.3883360096153846 1 0.3883360096153846 1 0.36018191666666666
2 1 0.4957156217948718 0.9317977532051281 0.4957156217948718 0.9317977532051281 0.5562212403846154 1 0.5562212403846154 1 0.4957156217948718
2 0.9499036923076923 0.34989700320512823 0.9813162115384616 0.34989700320512823 0.9813162115384616 0.32425494871794874 0.9499036923076923 0.32425494871794874 0.9499036923076923 0.34989700320512823
2 0.9702046538461538 0.38033440384615386 0.982861157051282 0.38033440384615386 0.982861157051282 0.35492509294871794 0.9702046538461538 0.35492509294871794 0.9702046538461538 0.38033440384615386
2 0.000004012820512820513 0.7907316762820512 0.035983147435897436 0.7907316762820512 0.035983147435897436 0.6974812724358974 0.000004012820512820513 0.6974812724358974 0.000004012820512820513 0.7907316762820512