4 0.22673937179487177 0.22421850320512823 0.17927791346153846 0.19440638461538462 0.13945651602564102 0.18749741346153845 0.07643794871794872 0.19383878846153846 0.04451204166666667 0.2202940608974359 0.0379356891025641 0.23843380769230768 0.03460721474358974 0.2559400993589744 0.03642357371794872 0.2672866666666667 0.047948378205128206 0.308074141025641 0.06052325641025641 0.32882490064102565 0.09924575641025642 0.3260322435897436 0.14062468269230768 0.3185567852564103 0.22359254487179486 0.2995985256410256 0.23198525320512822 0.2928053461538461 0.23236328205128204 0.2855921282051282 0.22856595512820513 0.2813747724358974 0.21480475961538462 0.23725541666666666 0.21497277243589744 0.23404954487179488 0.21986558974358972 0.2326986282051282 0.22673937179487177 0.22421850320512823
4 0.09115047756410256 0.3424850480769231 0.09009698717948718 0.3472518557692308 0.10093951602564102 0.35505311538461537 0.097481625 0.35969391346153845 0.14527910897435897 0.3830942820512821 0.16059101602564102 0.38228940705128206 0.20867570833333332 0.3695396955128205 0.2365976794871795 0.35814431089743587 0.24874230448717946 0.34110004807692307 0.24949495512820513 0.3114037211538462 0.24654110256410255 0.30642689743589746 0.23375960897435896 0.3049533782051282 0.11658403846153846 0.33256658974358977 0.09701277564102564 0.3379702596153846 0.09115047756410256 0.3424850480769231
4 0.6229031153846154 0.17907965384615385 0.6156478942307693 0.17950309615384616 0.6128200512820513 0.17212186538461538 0.5839671923076923 0.17060975320512822 0.5819442211538461 0.1785404294871795 0.5728340480769231 0.18368867307692308 0.5634684455128205 0.17837582371794872 0.5643221442307692 0.2234260641025641 0.5762601602564102 0.2256590480769231 0.591950092948718 0.2176409551282051 0.6136737467948717 0.21717210576923074 0.6197460576923077 0.20864997756410256 0.621048157051282 0.18380445833333334 0.6300743237179487 0.18025915384615385 0.6263610064102564 0.17443885897435896 0.6229031153846154 0.17907965384615385
4 0.5911134391025641 0.24894022435897434 0.5906059903846154 0.2432879455128205 0.5954568044871795 0.2427384935897436 0.598155233974359 0.23725422435897436 0.6094597948717949 0.23623933333333333 0.6186959775641026 0.2286866858974359 0.6150666666666667 0.22126345192307695 0.6078954551282052 0.22008395512820514 0.568752923076923 0.23089129807692307 0.5659284839743589 0.23877996794871797 0.570317266025641 0.2470466730769231 0.5911134391025641 0.24894022435897434
6 0.6082803012820513 0.2434105448717949 0.6219892660256411 0.24252166346153844 0.6416865416666666 0.23471358653846153 0.6418545544871795 0.23150771153846156 0.6515141794871795 0.23121028205128205 0.6640402403846154 0.22222271153846151 0.661128391025641 0.21644441987179489 0.6645442788461539 0.21260508974358971 0.6592700256410257 0.20589932051282053 0.6381378237179487 0.21041751602564104 0.6183565480769231 0.21982852884615384 0.6069713846153846 0.23771625961538462 0.6082803012820513 0.2434105448717949
6 0.30197183333333333 0.3221906121794872 0.3263939102564103 0.3162374935897436 0.3291797532051282 0.3244201891025641 0.34423964102564103 0.3284241217948718 0.36786025 0.322429 0.5475435352564103 0.26755223397435896 0.56888575 0.2590266955128205 0.5804843333333333 0.25240152564102564 0.5831407596153847 0.24771872435897435 0.5638566987179487 0.21697231410256412 0.559503108974359 0.17736433974358976 0.5527099262820513 0.1689716282051282 0.41646030769230774 0.16183108974358976 0.41047200320512817 0.16875028205128204 0.40418626602564106 0.16600985256410256 0.38921379487179486 0.17567288141025642 0.35656360897435896 0.16994341025641024 0.3203295192307692 0.17125914102564102 0.30565107051282053 0.17531189423076923 0.2804309358974359 0.19649291025641025 0.2791322435897436 0.23660833012820512 0.29614472115384616 0.2953641282051282 0.2943317724358974 0.29928746474358975 0.2973310352564103 0.31873272115384615 0.30197183333333333 0.3221906121794872
6 0.625646951923077 0.1880638173076923 0.6150178461538461 0.19152511858974358 0.6141357788461539 0.20835595512820512 0.6278447500000001 0.2074670705128205 0.632527548076923 0.2101234935897436 0.648259483974359 0.20130393589743592 0.6538697628205128 0.20159795833333335 0.6731855993589744 0.18573319551282053 0.6685868076923077 0.18147383333333333 0.6689228333333334 0.17506208974358975 0.6240406057692308 0.17270991025641025 0.625646951923077 0.1880638173076923
4 0.6682927852564102 0.1870841121794872 0.6558927307692307 0.19366728205128206 0.6556407115384615 0.19847609294871793 0.6588045833333334 0.19944557371794872 0.6687162243589744 0.19433933333333334 0.6824251923076924 0.19345044871794873 0.692844282051282 0.1939964903846154 0.6974010705128205 0.19905732051282052 0.7009009647435898 0.19361505448717947 0.6921654134615385 0.17628017948717947 0.6673198942307693 0.17497808333333334 0.6682927852564102 0.1870841121794872
2 0.5802970673076923 0.5473384583333333 0.5951469391025641 0.5553497371794871 0.6202864743589743 0.5510415576923078 0.6213819679487179 0.5454732820512821 0.6339920384615385 0.5348827724358974 0.6366836474358974 0.4988586987179487 0.6307339358974359 0.4897065224358974 0.6151666025641026 0.4800503076923077 0.5969848525641026 0.47427542628205127 0.5689368685897437 0.488075217948718 0.5628645544871795 0.4965973461538461 0.5618598878205129 0.5311024871794873 0.5802970673076923 0.5473384583333333
2 0.8470406698717948 0.2880702307692308 0.8543344839743591 0.2715754198717949 0.852350108974359 0.2634347275641026 0.847751314102564 0.2591753653846154 0.8302450224358975 0.25584689423076923 0.817844967948718 0.2624300576923077 0.8141350576923078 0.27187966666666663 0.8134630064102564 0.2847031602564103 0.8179777948717949 0.29056545833333336 0.8354840897435898 0.2938939326923077 0.8470406698717948 0.2880702307692308
2 0.9396681538461539 0.2688145416666667 0.9415685224358975 0.2785581730769231 0.9373125673076924 0.2984268685897436 0.9429228461538463 0.29872089102564103 0.9504720865384615 0.2926871698717949 0.9535905448717948 0.27918822115384617 0.9484843044871795 0.26927657692307694 0.9396681538461539 0.2688145416666667
2 0.6098094519230769 0.2909071923076923 0.6024248173076924 0.27846513461538464 0.5864794551282052 0.2760221346153846 0.5773272788461539 0.28197184294871797 0.572899907051282 0.28977651282051287 0.5712163717948717 0.30656534294871796 0.5740862211538461 0.31314510576923077 0.5987637275641026 0.3176530769230769 0.6053854871794871 0.3139817596153846 0.6098094519230769 0.2909071923076923