4 0.43758169871794866 0.6039215673076923 0.4349673205128205 0.6300653589743589 0.4362745096153846 0.6349673205128205 0.4359477115384615 0.6375816987179487 0.43758169871794866 0.639869282051282 0.4372549006410256 0.6588235288461538 0.43921568589743587 0.6653594775641025 0.4424836602564102 0.6686274519230769 0.44869281089743585 0.6653594775641025 0.4506535961538462 0.6607843141025641 0.4516339871794872 0.649019608974359 0.4535947724358974 0.6467320256410256 0.4545751634615384 0.639869282051282 0.45653594871794867 0.6388888878205129 0.4575163397435898 0.6460784326923077 0.4568627435897436 0.6653594775641025 0.4516339871794872 0.6679738557692309 0.4506535961538462 0.6748366025641026 0.4522875801282051 0.6767973846153846 0.4516339871794872 0.6839869294871794 0.4591503269230769 0.689542483974359 0.46993464102564103 0.690849673076923 0.5333333333333333 0.6911764711538462 0.539215685897436 0.6866013076923076 0.539542483974359 0.681372548076923 0.5379084967948717 0.6771241826923077 0.5388888878205128 0.6676470576923077 0.5366013076923077 0.6637254903846154 0.5369281057692308 0.6578431378205128 0.5385620929487179 0.6549019615384615 0.539542483974359 0.6539215673076922 0.5431372564102563 0.6584967307692308 0.5513071891025642 0.6584967307692308 0.5493464038461539 0.6591503269230768 0.5480392147435897 0.6617647051282051 0.5437908493589744 0.6624183012820513 0.5428104583333333 0.6653594775641025 0.540522875 0.6676470576923077 0.5408496730769231 0.6725490192307693 0.5421568621794872 0.6751633974358975 0.5467320256410256 0.6758169935897437 0.5545751634615385 0.6630718942307693 0.5529411762820513 0.6607843141025641 0.5539215673076924 0.659477125 0.5539215673076924 0.6513071891025641 0.5558823525641026 0.6454248365384615 0.5545751634615385 0.6330065352564103 0.5565359487179488 0.6192810448717949 0.5558823525641026 0.6075163397435898 0.5545751634615385 0.6022875801282052 0.5516339871794872 0.5973856217948718 0.5483660128205128 0.588562092948718 0.5421568621794872 0.5816993461538461 0.5411764711538462 0.5790849679487179 0.5356209134615384 0.5748366025641025 0.5156862756410256 0.5709150320512821 0.48660130769230764 0.569934641025641 0.48470588141025645 0.569934641025641 0.4741830064102564 0.5702614391025641 0.46993464102564103 0.5728758173076923 0.4558823525641026 0.5751633974358974 0.45294117628205127 0.5774509807692307 0.43986928205128206 0.5967320256410257 0.43758169871794866 0.6039215673076923
4 0.48235294230769227 0.3506535961538461 0.48366013141025643 0.35457516346153845 0.4879084967948718 0.3522875801282051 0.4879084967948718 0.35620915064102565 0.4839869294871795 0.3588235288461538 0.479411766025641 0.3591503269230769 0.47875816987179487 0.3601307179487179 0.4810457532051282 0.3607843141025641 0.4820261442307692 0.36241830128205127 0.479411766025641 0.3643790865384615 0.4767973846153846 0.3686274519230769 0.47385620833333336 0.3689542467948718 0.47549019551282046 0.3702614391025641 0.47549019551282046 0.3715686282051282 0.4679738557692308 0.37352941025641023 0.46405228846153845 0.3781045737179487 0.46405228846153845 0.38071895512820514 0.4549019615384616 0.38758169871794873 0.4555555544871795 0.3944444455128205 0.4545751634615384 0.39673202564102567 0.459477125 0.40032679807692306 0.46633986858974363 0.40065359615384616 0.470588233974359 0.39901960897435895 0.47385620833333336 0.4013071891025641 0.47777777884615386 0.3986928108974359 0.480392157051282 0.4013071891025641 0.47777777884615386 0.4032679743589744 0.47385620833333336 0.4032679743589744 0.47352941025641027 0.4065359487179487 0.4764705897435898 0.4107843141025641 0.47385620833333336 0.4120915032051282 0.47352941025641027 0.41568627564102567 0.47091503205128205 0.4173202628205128 0.4627450993589744 0.41633986858974364 0.4620915032051282 0.4179738557692308 0.4637254903846154 0.41993464102564104 0.4620915032051282 0.4222222211538461 0.4637254903846154 0.4232026153846154 0.4660130705128205 0.42091503205128206 0.469607842948718 0.42091503205128206 0.47026143910256407 0.42254901923076926 0.4741830064102564 0.42450980448717945 0.4764705897435898 0.4222222211538461 0.47614379166666665 0.4196078429487179 0.4843137243589744 0.4179738557692308 0.4852941185897436 0.41568627564102567 0.48986928205128205 0.4117647051282051 0.4947712403846154 0.41045751602564107 0.4977124198717948 0.41307189423076923 0.5013071891025641 0.41307189423076923 0.5029411762820513 0.4153594775641025 0.5019607852564102 0.4176470576923077 0.5039215673076923 0.4186274519230769 0.5133986923076923 0.4196078429487179 0.519934641025641 0.42254901923076926 0.5222222211538462 0.4248366025641026 0.5284313717948718 0.4274509807692308 0.529411766025641 0.4287581698717949 0.531372548076923 0.42777777884615387 0.5362745096153846 0.42843137179487184 0.5379084967948717 0.43137254807692305 0.539869282051282 0.4323529423076923 0.5408496730769231 0.430065358974359 0.539215685897436 0.42450980448717945 0.540522875 0.40686274358974356 0.5441176474358974 0.4016339871794872 0.5424836602564103 0.3993464038461539 0.5424836602564103 0.39673202564102567 0.5464052275641026 0.3934640512820513 0.5467320256410256 0.3898692820512821 0.5441176474358974 0.38758169871794873 0.5441176474358974 0.3846405224358974 0.5467320256410256 0.38169934615384615 0.5467320256410256 0.380065358974359 0.5434640512820513 0.3781045737179487 0.539215685897436 0.3781045737179487 0.5385620929487179 0.37614379166666667 0.5346405224358974 0.3722222211538461 0.5330065352564102 0.36699346474358974 0.529411766025641 0.36209150320512823 0.5258169935897435 0.359477125 0.5235294102564102 0.35490196153846154 0.519607842948718 0.3503267980769231 0.5153594775641026 0.3470588237179487 0.5052287596153846 0.34477124038461543 0.5049019615384616 0.34477124038461543 0.5022875801282052 0.3457516346153846 0.4947712403846154 0.34509803846153847 0.490196076923077 0.3470588237179487 0.4879084967948718 0.34934640384615384 0.4833333333333334 0.34967320192307694 0.48235294230769227 0.3506535961538461
6 0.4584967307692308 0.4431372564102564 0.45653594871794867 0.45261437820512823 0.4611111121794872 0.4545751634615384 0.460130717948718 0.4568627435897436 0.4620915032051282 0.4575163397435898 0.4627450993589744 0.46045751602564106 0.46503267948717947 0.459477125 0.46405228846153845 0.4568627435897436 0.4653594775641026 0.4542483653846154 0.4673202628205128 0.4535947724358974 0.47026143910256407 0.4545751634615384 0.47385620833333336 0.45294117628205127 0.48137254807692303 0.44411764743589743 0.48921568589743586 0.4372549006410256 0.4918300641025641 0.4362745096153846 0.4924836602564102 0.4339869294871795 0.49084967307692307 0.4333333333333333 0.48921568589743586 0.4339869294871795 0.488562092948718 0.4362745096153846 0.48758169871794876 0.43660130769230765 0.48562091346153846 0.4310457532051282 0.48758169871794876 0.4290849679487179 0.4872549006410256 0.4264705897435897 0.4921568621794872 0.4281045737179487 0.49607843269230767 0.42549019551282047 0.49803921474358975 0.42254901923076926 0.4964052275641026 0.4179738557692308 0.4921568621794872 0.41633986858974364 0.48986928205128205 0.41633986858974364 0.4839869294871795 0.4173202628205128 0.47777777884615386 0.4222222211538461 0.469607842948718 0.4310457532051282 0.4673202628205128 0.43202614423076924 0.46699346474358977 0.4362745096153846 0.4584967307692308 0.4431372564102564
6 0.5035947724358975 0.43137254807692305 0.5029411762820513 0.43366013141025644 0.509803923076923 0.44052287500000004 0.5088235288461538 0.4447712403846154 0.5013071891025641 0.4454248365384615 0.4977124198717948 0.44411764743589743 0.49509803846153844 0.44575163461538464 0.49117647115384616 0.4464052275641026 0.48921568589743586 0.45130718910256407 0.48594771153846156 0.4545751634615384 0.48496732051282054 0.4617647051282051 0.47843137179487183 0.4673202628205128 0.47777777884615386 0.47091503205128205 0.47450980448717944 0.4722222211538462 0.4712418301282052 0.480392157051282 0.4689542467948718 0.48235294230769227 0.4673202628205128 0.4924836602564102 0.46633986858974363 0.4931372564102564 0.4627450993589744 0.4918300641025641 0.459803923076923 0.49281045833333337 0.45882352884615385 0.49869281089743583 0.4568627435897436 0.5009803910256411 0.45784313782051284 0.5029411762820513 0.45718954166666664 0.5078431378205128 0.45294117628205127 0.5124183012820512 0.45261437820512823 0.5173202628205128 0.45130718910256407 0.519934641025641 0.4516339871794872 0.5258169935897435 0.45294117628205127 0.5277777788461538 0.45653594871794867 0.5287581698717948 0.4591503269230769 0.5333333333333333 0.45718954166666664 0.5369281057692308 0.45032679807692305 0.5379084967948717 0.4516339871794872 0.5565359487179488 0.45326797435897437 0.5633986923076924 0.46045751602564106 0.570588233974359 0.46339869230769226 0.5722222211538461 0.4781045737179487 0.569934641025641 0.49673202564102564 0.569934641025641 0.5176470576923078 0.570588233974359 0.5258169935897435 0.5725490192307692 0.530065358974359 0.5725490192307692 0.539869282051282 0.5709150320512821 0.5418300641025642 0.5656862756410256 0.5450980384615384 0.5637254903846154 0.5467320256410256 0.561437907051282 0.5483660128205128 0.5542483653846154 0.5477124198717949 0.539215685897436 0.5493464038461539 0.5248366025641026 0.5483660128205128 0.5133986923076923 0.549019608974359 0.510130717948718 0.5467320256410256 0.5065359487179487 0.5424836602564103 0.5055555544871795 0.5437908493589744 0.5032679743589744 0.5421568621794872 0.5019607852564102 0.5411764711538462 0.4964052275641026 0.539542483974359 0.4941176474358974 0.539869282051282 0.4918300641025641 0.5369281057692308 0.48921568589743586 0.5343137243589744 0.488562092948718 0.5330065352564102 0.48660130769230764 0.529084967948718 0.4872549006410256 0.529411766025641 0.48464052243589745 0.5245098044871795 0.47549019551282046 0.5267973846153846 0.4732026153846154 0.5228758173076924 0.47156862820512824 0.5176470576923078 0.46699346474358977 0.5173202628205128 0.46568627564102566 0.5192810448717948 0.4637254903846154 0.5153594775641026 0.46241830128205125 0.5147058814102564 0.459477125 0.5163398685897436 0.45718954166666664 0.509477125 0.45261437820512823 0.510457516025641 0.450980391025641 0.5150326794871795 0.44967320192307686 0.520915032051282 0.4506535961538462 0.5241830064102564 0.45326797435897437 0.5258169935897435 0.45620915064102563 0.5303921570512821 0.4575163397435898 0.5333333333333333 0.459803923076923 0.5343137243589744 0.4549019615384616 0.5369281057692308 0.45261437820512823 0.5375816987179487 0.44967320192307686 0.5379084967948717 0.44281045833333327 0.5356209134615384 0.43660130769230765 0.5366013076923077 0.43366013141025644 0.529084967948718 0.4274509807692308 0.5284313717948718 0.4258169935897436 0.5258169935897435 0.42549019551282047 0.519934641025641 0.4212418301282051 0.5124183012820512 0.4179738557692308 0.5111111121794872 0.4179738557692308 0.5009803910256411 0.41993464102564104 0.5026143782051282 0.4222222211538461 0.5 0.4241830064102564 0.5026143782051282 0.4264705897435897 0.5013071891025641 0.4290849679487179 0.5035947724358975 0.43137254807692305
3 0.46633986858974363 0.4316993461538461 0.4647058814102564 0.43464052243589746 0.45784313782051284 0.43888888782051283 0.45620915064102563 0.4480392147435897 0.4549019615384616 0.44967320192307686 0.4549019615384616 0.45294117628205127 0.4568627435897436 0.4568627435897436 0.4558823525641026 0.459477125 0.4581699358974359 0.4627450993589744 0.46241830128205125 0.4627450993589744 0.4666666666666667 0.460130717948718 0.47091503205128205 0.459477125 0.4718954262820513 0.4545751634615384 0.48137254807692303 0.4454248365384615 0.48496732051282054 0.44346405128205124 0.48823529487179484 0.4372549006410256 0.4977124198717948 0.4316993461538461 0.5016339871794872 0.43202614423076924 0.5022875801282052 0.43366013141025644 0.5062091506410257 0.4359477115384615 0.510457516025641 0.4401960769230769 0.5124183012820512 0.44281045833333327 0.5124183012820512 0.4454248365384615 0.5153594775641026 0.4460784326923077 0.5189542467948718 0.45 0.5261437916666666 0.4552287596153846 0.5346405224358974 0.4542483653846154 0.5411764711538462 0.45196078525641026 0.5415032692307692 0.44509803846153845 0.539869282051282 0.4401960769230769 0.5379084967948717 0.43823529487179486 0.5379084967948717 0.4362745096153846 0.5333333333333333 0.4310457532051282 0.5287581698717948 0.42777777884615387 0.5258169935897435 0.4222222211538461 0.5222222211538462 0.42254901923076926 0.5205882339743589 0.42091503205128206 0.5127450993589744 0.41830065384615384 0.5052287596153846 0.4186274519230769 0.5019607852564102 0.42450980448717945 0.5019607852564102 0.430065358974359 0.49803921474358975 0.43071895512820507 0.49673202564102564 0.4281045737179487 0.4983660128205128 0.4232026153846154 0.49705882371794874 0.4179738557692308 0.4918300641025641 0.4160130705128205 0.490196076923077 0.4160130705128205 0.48366013141025643 0.4166666666666667 0.479411766025641 0.4186274519230769 0.47908496794871797 0.41993464102564104 0.4712418301282052 0.42679738461538463 0.47026143910256407 0.430065358974359 0.46633986858974363 0.4316993461538461
3 0.929738560897436 0.5120915032051282 0.9271241826923077 0.5173202628205128 0.9303921570512821 0.520915032051282 0.9310457532051282 0.5245098044871795 0.9336601314102564 0.5277777788461538 0.9424836602564104 0.5303921570512821 0.9428104583333333 0.5333333333333333 0.9457516346153846 0.5349673205128206 0.9493464038461539 0.5362745096153846 0.9565359487179487 0.5366013076923077 0.9614379070512822 0.5333333333333333 0.9594771249999999 0.5310457532051281 0.960130717948718 0.5287581698717948 0.9633986923076924 0.5284313717948718 0.9669934647435897 0.530065358974359 0.9715686282051282 0.5271241826923078 0.9738562083333334 0.5241830064102564 0.9738562083333334 0.5189542467948718 0.9807189551282051 0.519607842948718 0.9823529423076923 0.5163398685897436 0.9826797371794871 0.509477125 0.9771241826923077 0.4993464038461538 0.9699346410256411 0.4921568621794872 0.9633986923076924 0.4879084967948718 0.9539215673076924 0.48562091346153846 0.9516339871794872 0.48562091346153846 0.9467320256410255 0.48594771153846156 0.9424836602564104 0.48758169871794876 0.9287581698717949 0.4977124198717948 0.9245098044871796 0.5032679743589744 0.9238562083333333 0.508169935897436 0.929738560897436 0.5120915032051282
3 0.6480392147435897 0.40620915064102564 0.6519607852564102 0.4111111121794872 0.6549019615384615 0.41307189423076923 0.6640522884615384 0.41405228846153846 0.6702614391025641 0.41307189423076923 0.6748366025641026 0.41045751602564107 0.680065358974359 0.4016339871794872 0.6807189551282051 0.39411764743589744 0.6787581698717948 0.3888888878205128 0.6718954262820512 0.3813725480769231 0.6650326794871795 0.3787581698717949 0.6633986923076923 0.3787581698717949 0.6578431378205128 0.379084967948718 0.6535947724358975 0.38169934615384615 0.6483660128205129 0.38692810576923076 0.6460784326923077 0.3915032692307692 0.6457516346153847 0.39673202564102567 0.6480392147435897 0.40620915064102564
3 0.3696078429487179 0.420588233974359 0.3732026153846154 0.4218954262820513 0.38692810576923076 0.42156862820512825 0.3898692820512821 0.420588233974359 0.3934640512820513 0.4173202628205128 0.39509803846153846 0.4133986923076923 0.39640522756410257 0.4013071891025641 0.39411764743589744 0.3944444455128205 0.38823529487179487 0.3892156858974359 0.38071895512820514 0.38692810576923076 0.3784313717948718 0.38692810576923076 0.37516339743589744 0.38725490064102563 0.36928104487179486 0.3901960769230769 0.3647058814102564 0.3957516346153846 0.36307189423076924 0.400980391025641 0.3647058814102564 0.4137254903846154 0.3696078429487179 0.420588233974359
3 0.31405228846153843 0.3996732019230769 0.3245098044871795 0.4035947724358975 0.32941176602564104 0.4035947724358975 0.33137254807692307 0.4032679743589744 0.3385620929487179 0.39477124038461536 0.34084967307692304 0.3892156858974359 0.34084967307692304 0.3836601314102564 0.33954248397435893 0.3803921570512821 0.33627450961538463 0.3771241826923077 0.33137254807692307 0.37352941025641023 0.32549019551282055 0.3715686282051282 0.3236928108974359 0.3715686282051282 0.31535947756410254 0.3728758173076923 0.30980392307692306 0.3781045737179487 0.3068627435897436 0.38300653525641026 0.3071895416666667 0.3908496730769231 0.31045751602564103 0.39673202564102567 0.31405228846153843 0.3996732019230769
2 0.44411764743589743 0.5915032692307692 0.44052287500000004 0.5957516346153846 0.43823529487179486 0.600980391025641 0.4352941185897436 0.6251633974358974 0.4352941185897436 0.6310457532051282 0.4372549006410256 0.639869282051282 0.43758169871794866 0.6588235288461538 0.439542483974359 0.6653594775641025 0.4424836602564102 0.6696078429487179 0.4460784326923077 0.6669934647435897 0.450980391025641 0.6676470576923077 0.45032679807692305 0.6745098044871795 0.45196078525641026 0.6767973846153846 0.4516339871794872 0.6836601314102564 0.460130717948718 0.6898692820512821 0.469607842948718 0.690849673076923 0.5225490192307692 0.690522875 0.5287581698717948 0.6915032692307692 0.5356209134615384 0.690522875 0.539869282051282 0.6859477115384615 0.539215685897436 0.6728758173076923 0.5401960769230769 0.6725490192307693 0.5415032692307692 0.6754901955128205 0.5467320256410256 0.6758169935897437 0.5519607852564103 0.6656862756410257 0.5542483653846154 0.6633986923076923 0.5539215673076924 0.6617647051282051 0.5516339871794872 0.6601307179487179 0.5539215673076924 0.6591503269230768 0.5529411762820513 0.6562091506410257 0.5539215673076924 0.6542483653846154 0.5535947724358974 0.6509803910256411 0.5562091506410256 0.6464052275641026 0.5549019615384615 0.6323529423076923 0.5568627435897435 0.6179738557692307 0.5549019615384615 0.6022875801282052 0.5486928108974359 0.588562092948718 0.5421568621794872 0.5820261442307691 0.5408496730769231 0.5784313717948718 0.5379084967948717 0.5758169935897436 0.5183006538461539 0.5712418301282052 0.4915032692307692 0.5702614391025641 0.4898330064102564 0.5702614391025641 0.4741830064102564 0.570588233974359 0.4666666666666667 0.5735294102564102 0.459477125 0.5741830064102563 0.45620915064102563 0.5754901955128205 0.44771241987179483 0.5846405224358975 0.44411764743589743 0.5915032692307692
2 0.4947712403846154 0.3526143782051282 0.4924836602564102 0.35359477243589743 0.4888888878205128 0.3578431378205128 0.48366013141025643 0.3607843141025641 0.47777777884615386 0.3689542467948718 0.46699346474358977 0.3781045737179487 0.4660130705128205 0.3810457532051282 0.4591503269230769 0.3856209134615385 0.4549019615384616 0.3918300641025641 0.4549019615384616 0.39673202564102567 0.4581699358974359 0.3993464038461539 0.4591503269230769 0.40522875961538457 0.4581699358974359 0.40718954166666665 0.4552287596153846 0.4081699358974359 0.45653594871794867 0.41307189423076923 0.45882352884615385 0.4150326794871795 0.4591503269230769 0.4222222211538461 0.46339869230769226 0.4258169935897436 0.4676470576923077 0.42549019551282047 0.47026143910256407 0.4271241826923077 0.47091503205128205 0.4251633974358974 0.4839869294871795 0.4248366025641026 0.4843137243589744 0.4196078429487179 0.48562091346153846 0.4173202628205128 0.4872549006410256 0.4160130705128205 0.4918300641025641 0.4150326794871795 0.4944444455128206 0.4039215673076923 0.5016339871794872 0.4039215673076923 0.5026143782051282 0.4055555544871795 0.5029411762820513 0.41307189423076923 0.5049019615384616 0.4173202628205128 0.5130718942307693 0.41830065384615384 0.5254901955128205 0.4248366025641026 0.529084967948718 0.4251633974358974 0.5320261442307692 0.4274509807692308 0.5362745096153846 0.4264705897435897 0.539869282051282 0.43202614423076924 0.540522875 0.42679738461538463 0.5388888878205128 0.42450980448717945 0.5401960769230769 0.4222222211538461 0.539215685897436 0.41993464102564104 0.5401960769230769 0.41307189423076923 0.539542483974359 0.40620915064102564 0.5434640512820513 0.4016339871794872 0.5415032692307692 0.3986928108974359 0.5428104583333333 0.3957516346153846 0.5447712403846153 0.3944444455128205 0.5447712403846153 0.3918300641025641 0.5421568621794872 0.3888888878205128 0.5408496730769231 0.3849673205128205 0.5356209134615384 0.38071895512820514 0.5356209134615384 0.3787581698717949 0.529084967948718 0.3712418301282051 0.5261437916666666 0.3696078429487179 0.5248366025641026 0.36732026282051283 0.5222222211538462 0.3666666666666667 0.519934641025641 0.36176470512820513 0.5143790865384615 0.3598039230769231 0.5147058814102564 0.35522875961538464 0.5130718942307693 0.3529411762820513 0.5173202628205128 0.3506535961538461 0.5153594775641026 0.34934640384615384 0.511437907051282 0.34967320192307694 0.5058823525641026 0.3470588237179487 0.5039215673076923 0.3470588237179487 0.5016339871794872 0.3486928108974359 0.4964052275641026 0.3473856217948718 0.49117647115384616 0.34967320192307694 0.49117647115384616 0.3506535961538461 0.4944444455128206 0.35098039102564105 0.4947712403846154 0.3526143782051282
2 0.30816993589743585 0.4359477115384615 0.31405228846153843 0.43823529487179486 0.3320261442307692 0.4356209134615385 0.3336601314102564 0.4339869294871795 0.33725490064102565 0.4251633974358974 0.33692810576923077 0.4169934647435897 0.3349673205128205 0.41241830128205126 0.3297385608974359 0.40751633974358975 0.3212418301282051 0.4032679743589744 0.3192810448717949 0.4032679743589744 0.3075163397435898 0.4055555544871795 0.30326797435897435 0.40915032692307696 0.30098039102564106 0.41405228846153846 0.3016339871794872 0.42450980448717945 0.30588235256410257 0.4339869294871795 0.30816993589743585 0.4359477115384615
3 0.4722222211538462 0.4683006538461538 0.4732026153846154 0.4732026153846154 0.47091503205128205 0.48071895512820517 0.4679738557692308 0.48300653525641024 0.4660130705128205 0.4862745096153846 0.4630718942307692 0.48660130769230764 0.460130717948718 0.488562092948718 0.459803923076923 0.4918300641025641 0.4542483653846154 0.4977124198717948 0.44869281089743585 0.5009803910256411 0.450980391025641 0.5032679743589744 0.44869281089743585 0.5058823525641026 0.45 0.5062091506410257 0.45196078525641026 0.5042483653846154 0.4539215673076923 0.5052287596153846 0.45196078525641026 0.5078431378205128 0.4535947724358974 0.5107843141025642 0.45130718910256407 0.5192810448717948 0.45130718910256407 0.5254901955128205 0.4575163397435898 0.5310457532051281 0.45784313782051284 0.5323529423076924 0.45784313782051284 0.5356209134615384 0.45653594871794867 0.5369281057692308 0.44967320192307686 0.5379084967948717 0.45196078525641026 0.5584967307692308 0.4545751634615384 0.5653594775641025 0.46339869230769226 0.5722222211538461 0.47875816987179487 0.5702614391025641 0.49575163461538463 0.569934641025641 0.5160130705128205 0.570588233974359 0.5264705897435897 0.5725490192307692 0.529411766025641 0.570588233974359 0.529084967948718 0.5673202628205127 0.5303921570512821 0.5660130705128206 0.5303921570512821 0.5633986923076924 0.529084967948718 0.5617647051282051 0.529411766025641 0.5562091506410256 0.5326797371794871 0.5549019615384615 0.5343137243589744 0.5565359487179488 0.5346405224358974 0.5653594775641025 0.5369281057692308 0.5676470576923077 0.539869282051282 0.5669934647435897 0.5464052275641026 0.5611111121794872 0.5447712403846153 0.5588235288461538 0.5470588237179488 0.5571895416666667 0.5483660128205128 0.5542483653846154 0.5483660128205128 0.5470588237179488 0.5470588237179488 0.5450980384615384 0.5480392147435897 0.5431372564102563 0.5486928108974359 0.531372548076923 0.5499999999999999 0.5287581698717948 0.5499999999999999 0.5189542467948718 0.5477124198717949 0.5130718942307693 0.5480392147435897 0.510130717948718 0.5460784326923077 0.5075163397435898 0.5421568621794872 0.5055555544871795 0.5428104583333333 0.5032679743589744 0.5411764711538462 0.5006535961538462 0.539869282051282 0.4918300641025641 0.5362745096153846 0.48921568589743586 0.5336601314102564 0.4888888878205128 0.5326797371794871 0.4869281057692308 0.531372548076923 0.4888888878205128 0.529084967948718 0.48921568589743586 0.5281045737179487 0.48235294230769227 0.5241830064102564 0.47549019551282046 0.5241830064102564 0.4741830064102564 0.5258169935897435 0.4732026153846154 0.5225490192307692 0.4728758173076923 0.5150326794871795 0.46503267948717947 0.5140522884615384 0.45718954166666664 0.5091503269230769 0.4522875801282051 0.5091503269230769 0.44771241987179483 0.5052287596153846 0.4480392147435897 0.5029411762820513 0.44575163461538464 0.49967320192307696 0.4447712403846154 0.49803921474358975 0.4447712403846154 0.4918300641025641 0.4464052275641026 0.488562092948718 0.45130718910256407 0.48464052243589745 0.4549019615384616 0.4843137243589744 0.4620915032051282 0.47385620833333336 0.46241830128205125 0.4722222211538462 0.4683006538461538