3 0.8239129102564103 0.4920288076923077 0.825003532051282 0.4607974455128205 0.784403080128205 0.4593796442307692 0.7833124551282051 0.4906110096153847 0.8239129102564103 0.4920288076923077
2 0.9904883621794872 0.5572567435897435 0.9929967564102565 0.4854257275641026 0.9336573237179487 0.4833535480769231 0.9311489294871794 0.5551845641025641 0.9904883621794872 0.5572567435897435
3 0.6300632307692308 0.4915128365384615 0.6323534871794871 0.4259284166666667 0.5449067916666667 0.4228747083333334 0.542616532051282 0.4884591314102564 0.6300632307692308 0.4915128365384615
3 0.7958451217948718 0.4003682211538461 0.796717608974359 0.3753834487179487 0.7748553333333333 0.37462000320512817 0.7739828461538462 0.3996047724358974 0.7958451217948718 0.4003682211538461
3 0.8779478269230768 0.5564538461538461 0.879365625 0.5158533942307693 0.835641875 0.5143265256410257 0.834224076923077 0.5549269775641026 0.8779478269230768 0.5564538461538461
2 0.539166032051282 0.4977199551282051 0.5423288044871796 0.40714995833333334 0.46425119871794873 0.40442342948717946 0.4610884230769231 0.4949934230769231 0.539166032051282 0.4977199551282051
3 0.7671917403846154 0.4150023461538461 0.7484527628205128 0.41434796474358976 0.7472530993589743 0.4487018269230769 0.7628687820512821 0.44924713782051284 0.7661011442307692 0.4462329070512821 0.7671917403846154 0.4150023461538461
4 0.5184571634615385 0.5003768525641026 0.5341168076923076 0.4888778397435898 0.5326526923076923 0.4848114230769231 0.5239138493589743 0.4820970833333333 0.47590112500000004 0.4772082115384615 0.47711315705128204 0.4884933397435897 0.47382081089743583 0.49078754166666666 0.48006939102564106 0.49582409294871793 0.49442279166666664 0.4987344967948718 0.5184571634615385 0.5003768525641026
4 0.48503209935897434 0.4686934423076923 0.5369992019230769 0.47532651923076924 0.541093625 0.4730603269230769 0.5465783237179487 0.4539784775641026 0.5468864230769231 0.4451556057692308 0.540171875 0.43046609294871796 0.5283927692307692 0.4228272403846154 0.5148694583333333 0.41914276602564104 0.4931572980769231 0.4199906794871795 0.47924185897435895 0.4275353141025641 0.46590442307692304 0.44152459294871793 0.46597825961538464 0.46240666346153847 0.48503209935897434 0.4686934423076923
2 0.9217505288461538 0.37662258974358975 0.9207689743589744 0.40473065705128203 0.9488762403846155 0.4057121858974359 0.9521086057692307 0.4026979551282051 0.9522176442307693 0.3995754615384616 0.9554500096153845 0.3965612307692308 0.9561043878205129 0.37782225 0.9217505288461538 0.37662258974358975
4 0.41713545192307694 0.4582918621794872 0.45073875320512824 0.46187449038461537 0.4575475160256411 0.4508694519230769 0.45644752564102564 0.4363760064102564 0.4519431506410256 0.42738508012820514 0.4418522307692308 0.4173960064102564 0.4148336185897436 0.4092249807692308 0.40985308653846153 0.4138694006410256 0.3949293141025641 0.4502888942307693 0.3931290897435898 0.4558474294871795 0.3970274487179487 0.4591957916666667 0.41713545192307694 0.4582918621794872
4 0.4045160673076923 0.474715391025641 0.4177872980769231 0.4856185801282052 0.42580808974358975 0.485898673076923 0.4283823814102564 0.48117022115384617 0.4420457403846154 0.4808443012820513 0.4454221121794872 0.4761438621794872 0.44312791346153846 0.472851516025641 0.4303506602564103 0.47079921153846155 0.42620022115384615 0.4746695608974359 0.414971108974359 0.4742774326923077 0.4047121314102564 0.4691008365384616 0.4022778846153846 0.46981888782051284 0.4045160673076923 0.474715391025641
4 0.3763338108974359 0.4078805384615385 0.35794200641025636 0.40563216346153846 0.34256245192307694 0.40911038782051284 0.326128733974359 0.41977931410256414 0.3242724935897436 0.4269420064102564 0.32606252884615383 0.44467178205128205 0.32824469551282054 0.45117244551282054 0.334521282051282 0.4554069134615385 0.3304268557692308 0.45767310576923076 0.32942871153846154 0.46325965064102564 0.33473516666666664 0.47227858653846155 0.35782741025641024 0.47790333333333335 0.3706886891025641 0.4775494006410257 0.37884952884615386 0.47381909615384615 0.3754273269230769 0.4568353846153846 0.3910411442307692 0.423652217948718 0.3905191538461539 0.4156034166666666 0.3763338108974359 0.4078805384615385