0 0.39161400320512824 0.8211856474358975 0.3755724166666667 0.8206254615384615 0.3754883878205128 0.823031701923077 0.3905038205128205 0.8299805096153846 0.9872508333333334 0.850819375 0.9957656378205128 0.6069872628205127 0.9657907884615385 0.5914854871794872 0.9433427564102564 0.5674129166666666 0.9323097115384615 0.5614062307692308 0.8926640801282051 0.5238841923076922 0.8858655064102564 0.5116009198717949 0.8875358717948719 0.4867644711538462 0.8790210993589744 0.47763349358974355 0.6851419807692307 0.4644386282051282 0.6804135288461538 0.4618643333333334 0.6346670000000001 0.461069891025641 0.6233258525641026 0.463886076923077 0.630432532051282 0.4673464775641026 0.6276621730769231 0.4776894807692308 0.6091303205128206 0.47945150641025636 0.5994391602564102 0.5040078621794871 0.5918563301282052 0.5141828108974359 0.5855415448717949 0.5340387307692307 0.5653673365384615 0.559835125 0.5593046314102563 0.5724723301282051 0.5443630384615386 0.5864055929487179 0.5195622307692308 0.629707689102564 0.4841663365384616 0.6774581378205128 0.4783175192307692 0.706967016025641 0.4530405544871795 0.7639044615384615 0.4490199711538462 0.7870527211538462 0.43011380769230767 0.8225300897435898 0.4038972756410257 0.8143870705128204 0.39161400320512824 0.8211856474358975
3 0.39611077884615387 0.5314389487179487 0.39334041987179486 0.5417819519230769 0.39460846794871796 0.5514629230769231 0.4012950064102564 0.5669545128205128 0.41227203525641026 0.5745653557692307 0.4372765384615385 0.5714232435897436 0.4544283076923077 0.5631885673076923 0.46203914743589747 0.5522115384615385 0.46389539102564104 0.5450488429487179 0.46345742948717944 0.5345938044871794 0.4528445256410256 0.5165559294871794 0.44031935576923076 0.507284907051282 0.42588192948717946 0.5067807435897436 0.4063519326923077 0.5141293141025641 0.39611077884615387 0.5314389487179487
3 0.8382805897435898 0.2874923141025641 0.8141341826923076 0.28905827243589743 0.813304092948718 0.2898323461538461 0.812081875 0.30183552564102567 0.8143480673076923 0.3059299487179487 0.817528375 0.3068440673076923 0.8214267339743591 0.3101924294871795 0.8265371217948719 0.3248259198717949 0.8313215897435898 0.3257960544871795 0.8377942435897435 0.3244159711538461 0.8394544198717949 0.32286783012820514 0.8403965448717949 0.31888544230769234 0.8460951282051281 0.3166752692307692 0.8496115480769231 0.3079644358974359 0.8460773076923076 0.2941890384615385 0.8414328878205128 0.2892085064102564 0.8382805897435898 0.2874923141025641
3 0.8822192628205128 0.24807075641025642 0.8806991346153845 0.2456085 0.8751966153846155 0.24220411858974358 0.8663737403846153 0.24189601602564104 0.8590709999999999 0.24405017307692306 0.8574108205128206 0.24559831410256408 0.8547805096153847 0.2519309198717949 0.8522622371794872 0.25505520833333334 0.8521782083333332 0.2574614455128205 0.8513481185897436 0.258235516025641 0.8543323621794872 0.2647641858974359 0.8542483333333334 0.2671704262820513 0.8581466955128204 0.27051878846153843 0.8621570897435898 0.27065883333333335 0.8629311634615385 0.2714889262820513 0.8733862019230768 0.27105096474358975 0.8790847852564102 0.2688407916666667 0.8816030608974359 0.2657165 0.884289391025641 0.25777973717948716 0.8835433301282052 0.25614756730769234 0.8836833749999999 0.25213717307692307 0.8822192628205128 0.24807075641025642
3 0.7867438141025641 0.24553973717948716 0.7852516955128205 0.24227540064102562 0.7805792628205128 0.23809695192307692 0.7782010352564103 0.23721084615384613 0.7701802403846154 0.2369307532051282 0.7693501538461539 0.23770482051282052 0.7669439134615385 0.23762079487179485 0.7644816570512821 0.23914092307692308 0.7594731185897435 0.2445874230769231 0.7593890929487179 0.24699366025641026 0.7577009038461539 0.24934388141025643 0.7575048397435897 0.2549584358974359 0.759771032051282 0.2590528621794872 0.763669391025641 0.26240122435897434 0.7660476185897436 0.2632873301282051 0.7740684134615384 0.26356742307692305 0.7748984999999999 0.2627933557692308 0.7773047403846154 0.2628773814102564 0.7813991666666666 0.26061118910256414 0.7847475288461538 0.2567128301282051 0.7857176634615385 0.2519283653846154 0.78654775 0.2511542916666667 0.7867438141025641 0.24553973717948716
3 0.5765608365384615 0.2622917083333333 0.5750967243589744 0.2582252948717949 0.5719444230769231 0.25650909935897437 0.5639516442307693 0.2554269294871795 0.5631215512820513 0.2562009967948718 0.5582810705128205 0.25683501923076923 0.5565928814102564 0.2591852403846154 0.5516683685897436 0.2622255032051282 0.5515843397435898 0.26463174038461534 0.5507542532051283 0.26540581089743587 0.5505581891025642 0.2710203653846154 0.5519942916666667 0.275888858974359 0.555062564102564 0.28001129166666666 0.5582148621794872 0.28172749038461536 0.5662356538461538 0.28200758012820515 0.5670657435897436 0.28123351282051284 0.5719062307692308 0.2805994871794872 0.5743684871794872 0.27907935576923076 0.5752265833333333 0.27750320512820514 0.5753386185897436 0.2742948878205128 0.5761687083333333 0.2735208205128205 0.5765608365384615 0.2622917083333333
3 0.7170189358974359 0.24149877564102562 0.7162448621794872 0.24066868910256412 0.7163569006410256 0.23746036858974362 0.7156108397435897 0.23582820192307694 0.7109384070512821 0.23164975 0.7085601794871794 0.23076364423076923 0.6989072211538462 0.23122961217948715 0.6948127980769231 0.2334958044871795 0.6914364198717948 0.2381962435897436 0.6913523942307692 0.2406024807692308 0.6905223044871794 0.24137655128205127 0.6903262403846154 0.24699110576923075 0.6918183653846154 0.2502554423076923 0.6957167243589744 0.2536038044871795 0.6980949519230769 0.25448991346153843 0.7053136666666666 0.25474199679487175 0.7061437564102564 0.2539679230769231 0.7093520705128206 0.2540799615384615 0.7117863205128205 0.25336191025641025 0.7150506538461538 0.2518697916666667 0.71590875 0.25029364102564106 0.7167948621794872 0.24791541025641026 0.7170189358974359 0.24149877564102562
3 0.5535831858974358 0.18439580128205127 0.5505709326923077 0.17866920833333333 0.548994782051282 0.17781110897435898 0.5465885448717949 0.17772708012820512 0.5458144743589743 0.1768969935897436 0.5393978397435897 0.17667291987179487 0.5385677532051282 0.1774469871794872 0.5353594358974358 0.1773349519230769 0.5320670897435897 0.17962915384615386 0.5294647884615384 0.18515967948717948 0.52935275 0.1883679967948718 0.5285226602564103 0.18914207051282053 0.529296733974359 0.18997215705128204 0.5292127051282051 0.19237839743589744 0.5299587660256411 0.1940105608974359 0.5369253942307692 0.20148135897435898 0.5400776955128206 0.20319755769230768 0.5417098621794871 0.2024514935897436 0.5481264967948718 0.20267556730769232 0.5497586634615385 0.20192950641025642 0.5507287980769231 0.19714504166666666 0.5524169871794872 0.19479482051282052 0.5535271666666667 0.18599995833333333 0.5535831858974358 0.18439580128205127
3 0.6606671282051282 0.2684409935897436 0.6550525737179488 0.2682449294871795 0.654222483974359 0.269019 0.649382 0.2696530256410256 0.6477218205128206 0.27120116346153844 0.6468637243589743 0.2727773141025641 0.6466676602564103 0.2783918717948718 0.6544363685897435 0.28589067307692306 0.6566745544871795 0.29078717948717947 0.6571965384615385 0.29883598076923074 0.6628671121794871 0.2974278878205128 0.6661594583333333 0.2951336858974359 0.668677733974359 0.29200939743589743 0.6713360544871795 0.28487471153846156 0.671504108974359 0.280062233974359 0.6700399967948718 0.2759958205128205 0.6661696474358975 0.271845375 0.6661976570512821 0.2710432980769231 0.6606671282051282 0.2684409935897436
3 0.6578891378205128 0.23300946153846155 0.653244717948718 0.22802892948717948 0.6508664871794873 0.22714282371794872 0.6436477724358974 0.2268907403846154 0.639581358974359 0.22835484935897435 0.6362610064102564 0.23145113141025644 0.6354029102564103 0.23302728205128204 0.6352908717948719 0.23623559615384615 0.6344607820512821 0.23700966666666667 0.635206842948718 0.23864183653846155 0.635066798076923 0.2426522307692308 0.6381350673076923 0.24677466666666667 0.640513298076923 0.24766077243589743 0.6493361698717949 0.24796887499999998 0.6501662564102564 0.2471948044871795 0.6525724967948718 0.24727883333333336 0.657469 0.24504065064102562 0.6591571858974359 0.24269042948717948 0.65935325 0.23707587500000002 0.6586351987179487 0.23464162820512824 0.6578891378205128 0.23300946153846155
3 0.5518466121794872 0.23412471474358973 0.5487503333333333 0.23080436217948716 0.5431357788461538 0.23060829807692307 0.5423897179487179 0.22897613141025638 0.5415876346153846 0.2289481217948718 0.539153391025641 0.22966617307692308 0.5382952916666667 0.2312423205128205 0.5317946314102564 0.2334244871794872 0.5309645416666666 0.2341985576923077 0.530880516025641 0.23660479166666668 0.5316545833333333 0.23743488461538462 0.5314865288461539 0.24224735897435898 0.53383675 0.24393554487179486 0.5337247115384616 0.2471438621794872 0.5344987820512821 0.24797394871794873 0.5376510801282052 0.24969014743589746 0.5480781121794872 0.250054266025641 0.5497382852564103 0.24850612500000002 0.5498503237179487 0.2452978076923077 0.552396608974359 0.2413714423076923 0.5525926730769231 0.2357568846153846 0.5518466121794872 0.23412471474358973
2 0.5319168557692308 0.20692785897435897 0.5307226442307692 0.21812896153846154 0.5344809615384616 0.22548772115384616 0.5523227692307692 0.22048936858974358 0.5533769294871795 0.21329866346153845 0.5496466282051282 0.2051378237179487 0.5400776955128206 0.20319755769230768 0.5319168557692308 0.20692785897435897
2 0.656366451923077 0.29961005128205126 0.6567585801282052 0.28838093910256407 0.6474977467948718 0.27761780128205127 0.6354665576923078 0.27719766346153846 0.6272216923076923 0.2833342051282051 0.6251693878205129 0.2961114519230769 0.6311658814102564 0.30836671794871795 0.6464053878205128 0.30889889423076927 0.6529620705128205 0.3051125705128205 0.656366451923077 0.29961005128205126
2 0.8791280576923077 0.35958779166666666 0.8865428397435897 0.3542253205128205 0.8926615608974359 0.33998395833333334 0.8876071891025641 0.3237463044871795 0.8805845384615384 0.31787966666666667 0.8580983076923078 0.3178974871794872 0.8464210512820513 0.3303386282051282 0.8458328557692308 0.34718229487179486 0.8534615192307692 0.35869149679487183 0.8598221378205128 0.3605197275641026 0.8791280576923077 0.35958779166666666
2 0.8111957692307692 0.3042137532051282 0.7902016602564103 0.3074959102564102 0.7835049326923077 0.3152926282051282 0.7821986891025641 0.3297020480769231 0.7914035 0.3420693493589744 0.8130596442307693 0.34282559935897433 0.8238788044871794 0.331960608974359 0.8244950064102563 0.3143148621794872 0.8111957692307692 0.3042137532051282
2 0.5875913269230769 0.3373612403846154 0.5792624326923077 0.3459040256410256 0.5773781826923078 0.3538687948717949 0.5827406538461539 0.36128357692307694 0.5895774262820513 0.3494764615384615 0.5875913269230769 0.3373612403846154
2 0.7025228974358974 0.5646247019230769 0.6977104230769231 0.5644566474358975 0.6936440064102565 0.5659207596153846 0.693531967948718 0.5691290769230769 0.6990624967948718 0.5717313814102564 0.7025228974358974 0.5646247019230769
2 0.623272391025641 0.3964273878205128 0.6318991987179486 0.4023500448717949 0.6503750320512821 0.4021921762820513 0.6683008685897436 0.3947875865384615 0.6717332596153847 0.3884829871794872 0.683960516025641 0.3832885705128205 0.6736378878205128 0.33394159615384617 0.6650951057692307 0.32561269871794873 0.6491655608974359 0.3218441987179487 0.6329839262820512 0.3252944134615384 0.6222768012820513 0.3329510833333333 0.6194580576923077 0.39067278525641025 0.623272391025641 0.3964273878205128
2 0.5481061217948717 0.2492521891025641 0.5303763493589744 0.2510422243589744 0.5131405544871794 0.261683141025641 0.512692407051282 0.27451640705128205 0.5228953621794872 0.2812971602564103 0.5497000897435897 0.272596516025641 0.5557908044871795 0.25915723076923075 0.5536086378205128 0.25265657051282053 0.5481061217948717 0.2492521891025641
3 1 0.29498241987179485 0.9969242371794872 0.2978506153846154 0.9952080416666667 0.30100291346153846 0.9934078173076923 0.3065614487179487 0.9931557339743591 0.3137801634615385 0.9939298044871794 0.3146102532051282 0.9938457756410256 0.3170164903846154 0.9945918397435898 0.31864866025641025 1 0.32372475961538466 1 0.29498241987179485
4 0.62717075 0.39977575 0.6334753493589743 0.403208141025641 0.657649766025641 0.40084009935897436 0.6831864423076923 0.38245848397435894 0.6735258493589743 0.3371499102564102 0.6642930288461538 0.3255846891025641 0.647533391025641 0.3225902596153846 0.6329559166666667 0.32609649038461536 0.6222487916666667 0.3337531634615385 0.6236653814102564 0.3621770576923077 0.6194860673076923 0.38987070833333337 0.62717075 0.39977575
6 0.5655073814102564 0.5558247307692308 0.5873977820512821 0.5268760320512821 0.590252169871795 0.5141267948717948 0.575786733974359 0.5144247051282052 0.5583828814102565 0.5298780993589743 0.5567685352564102 0.5531103910256411 0.5655073814102564 0.5558247307692308
6 0.4071540096153846 0.5141573237179486 0.3995991891025641 0.5235301955128205 0.39425453525641024 0.5386016442307692 0.39311634615384616 0.5481985865384615 0.4020690769230769 0.5677845993589744 0.409063717948718 0.5744533173076923 0.4235011442307693 0.574957483974359 0.42582335576923075 0.57744775 0.43553233333333335 0.5753776217948718 0.45357020833333334 0.5647647147435898 0.4585507403846154 0.5601202948717948 0.46386738141025635 0.5458509230769231 0.4634854391025641 0.5337917243589744 0.45439266346153845 0.5182161057692307 0.4379411282051282 0.5063988012820513 0.4234476826923077 0.5074987948717948 0.4071540096153846 0.5141573237179486
4 0.6721839294871794 0.5595499583333333 0.6682855705128206 0.556201592948718 0.6361743878205128 0.5558833044871795 0.637498451923077 0.5639601153846154 0.6485034903846154 0.5707688782051282 0.6546400352564102 0.5790137467948718 0.6658691442307693 0.579405875 0.6724538333333333 0.5748174711538462 0.6721839294871794 0.5595499583333333
4 0.6997525416666667 0.5749677083333333 0.7043231217948718 0.5590661666666666 0.6928419262820513 0.5658927532051282 0.6918437852564103 0.571479298076923 0.6997525416666667 0.5749677083333333
7 0.5312370000000001 0.18040322435897435 0.5283546057692308 0.19395454487179487 0.5312828301282051 0.20208737499999999 0.548928576923077 0.20270357692307692 0.5549072532051282 0.19247261217948716 0.5521470801282051 0.1795273044871795 0.5386237724358974 0.17584283333333334 0.5312370000000001 0.18040322435897435
7 0.5488623685897436 0.22759604487179488 0.5320187051282051 0.22700785256410255 0.5302744967948717 0.23096222756410256 0.5291082980769231 0.24136125 0.5320365224358975 0.2494940833333333 0.5416054583333334 0.25143435256410257 0.5505683782051282 0.24773205448717947 0.5534227628205128 0.2349828173076923 0.5488623685897436 0.22759604487179488
3 0.5592129711538462 0.5291040288461538 0.558400701923077 0.5523643301282052 0.566337467948718 0.5550506602564103 0.5847954807692307 0.5324065608974359 0.5902801794871795 0.5133247147435898 0.5879579679487179 0.5108344487179487 0.576588810897436 0.5144527147435897 0.5592129711538462 0.5291040288461538