3 0.04531219871794872 0.33697886538461536 0.010937400641025642 0.33697886538461536 0.010937400641025642 0.37135446794871796 0.04218780128205128 0.37135446794871796 0.04531219871794872 0.368229266025641 0.04531219871794872 0.33697886538461536
3 0.6515625993589743 0.618229266025641 0.6515625993589743 0.5619788653846154 0.5890625993589743 0.5619788653846154 0.5890625993589743 0.618229266025641 0.6515625993589743 0.618229266025641
3 0.31718780128205126 0.42135446794871795 0.31718780128205126 0.3901040673076923 0.2828121987179487 0.3901040673076923 0.2828121987179487 0.42135446794871795 0.31718780128205126 0.42135446794871795
3 0.4203121987179487 0.405729266025641 0.38906259935897436 0.405729266025641 0.38906259935897436 0.43385446794871796 0.4171878012820513 0.43385446794871796 0.4203121987179487 0.430729266025641 0.4203121987179487 0.405729266025641
2 0.9203121987179487 0.48697886538461543 0.8578121987179487 0.48697886538461543 0.8578121987179487 0.5526040673076923 0.9171878012820514 0.5526040673076923 0.9203121987179487 0.5494788653846154 0.9203121987179487 0.48697886538461543
3 0.5140625993589744 0.543229266025641 0.5140625993589744 0.4744788653846154 0.4671878012820513 0.4744788653846154 0.4671878012820513 0.543229266025641 0.5140625993589744 0.543229266025641
2 0.7828121987179487 0.493229266025641 0.7828121987179487 0.45572926602564107 0.7390625993589744 0.45572926602564107 0.7390625993589744 0.493229266025641 0.7828121987179487 0.493229266025641
2 0.9421878012820514 0.743229266025641 0.9421878012820514 0.6619788653846154 0.8609374006410255 0.6619788653846154 0.8609374006410255 0.743229266025641 0.9421878012820514 0.743229266025641
2 0.8578121987179487 0.5776040673076923 0.8578121987179487 0.5744788653846153 0.8609374006410255 0.571354467948718 0.8609374006410255 0.5276040673076923 0.8140625993589743 0.5276040673076923 0.8140625993589743 0.5776040673076923 0.8578121987179487 0.5776040673076923
3 0.8203121987179488 0.430729266025641 0.8203121987179488 0.4026040673076923 0.7890625993589744 0.4026040673076923 0.7890625993589744 0.430729266025641 0.8203121987179488 0.430729266025641
2 0.46406259935897437 0.571354467948718 0.46406259935897437 0.5151040673076923 0.4078121987179487 0.5151040673076923 0.4078121987179487 0.571354467948718 0.46406259935897437 0.571354467948718
3 0.6921878012820513 0.4901040673076923 0.6484374006410256 0.4901040673076923 0.6484374006410256 0.5338544679487179 0.6890625993589743 0.5338544679487179 0.6921878012820513 0.5307292660256411 0.6921878012820513 0.4901040673076923
2 0.7015625993589744 0.43385446794871796 0.6546878012820513 0.43385446794871796 0.6546878012820513 0.4744788653846154 0.6953121987179488 0.4744788653846154 0.7015625993589744 0.4682292660256411 0.7015625993589744 0.43385446794871796
2 0.9953121987179486 0.47760406730769234 0.9953121987179486 0.44947886538461534 0.9703121987179488 0.44947886538461534 0.9703121987179488 0.47760406730769234 0.9953121987179486 0.47760406730769234
2 0.6453121987179486 0.493229266025641 0.6453121987179486 0.4651040673076923 0.5984374006410257 0.4651040673076923 0.5984374006410257 0.49947886538461533 0.6296878012820513 0.49947886538461533 0.6328121987179488 0.49635446794871796 0.6359374006410256 0.49635446794871796 0.6390625993589744 0.493229266025641 0.6453121987179486 0.493229266025641
3 0.8203121987179488 0.5151040673076923 0.8203121987179488 0.49947886538461533 0.8234374006410256 0.49635446794871796 0.8234374006410256 0.47760406730769234 0.7953121987179487 0.47760406730769234 0.7953121987179487 0.5151040673076923 0.8203121987179488 0.5151040673076923
2 0.7624398076923077 0.5527019807692307 0.7664526474358975 0.5527019807692307 0.7744783301282051 0.5583199583333334 0.7913322628205128 0.5607276602564103 0.8041733557692308 0.5527019807692307 0.8097913333333333 0.5366506153846153 0.8097913333333333 0.5286249326923077 0.8017656506410257 0.5165864102564103 0.7776886025641025 0.5093632948717949 0.7640449423076924 0.5165864102564103 0.7584269647435897 0.527019798076923 0.7568218301282051 0.5462814326923077 0.7624398076923077 0.5527019807692307
2 0.7407704647435898 0.40904226923076925 0.7407704647435898 0.40262172435897436 0.7335473525641025 0.39539860897435897 0.7231139647435898 0.39539860897435897 0.7142857147435898 0.40021401923076927 0.7102728717948718 0.4074371314102564 0.7102728717948718 0.41706795192307694 0.7182985544871795 0.42348849679487177 0.7335473525641025 0.42348849679487177 0.7415730352564103 0.40984483653846154 0.7439807371794872 0.4242910641025641 0.7487961474358975 0.42990904166666666 0.7648475128205128 0.4331193141025641 0.772070625 0.42990904166666666 0.7768860352564102 0.42348849679487177 0.776083467948718 0.40904226923076925 0.7656500801282051 0.40262172435897436 0.754414125 0.40342429166666666 0.7431781698717949 0.4106474038461539 0.7407704647435898 0.40904226923076925
2 0.6685393269230769 0.3873729262820513 0.6661316217948718 0.37533440384615385 0.6613162115384615 0.3713215608974359 0.6516853942307692 0.3705189935897436 0.6460674166666667 0.37372926602564105 0.6412520064102564 0.3801498141025641 0.6428571442307692 0.39138576923076923 0.6508828237179488 0.39700374679487177 0.6605136442307692 0.39700374679487177 0.6685393269230769 0.3873729262820513
2 0.4831460673076923 0.3624933108974359 0.4839486346153846 0.37372926602564105 0.49197431730769237 0.3809523814102564 0.5048154102564103 0.3785446762820513 0.5112359551282051 0.3673087211538461 0.5016051378205127 0.35527019871794874 0.49357945512820517 0.3544676282051282 0.4831460673076923 0.3624933108974359
2 0.6268057788461538 0.36169074358974357 0.6147672564102564 0.36169074358974357 0.6099518461538462 0.36490101602564107 0.6083467083333333 0.3769395384615385 0.6123595512820513 0.38336008653846154 0.6260032115384616 0.3849652211538462 0.6324237564102564 0.3793472435897436 0.6324237564102564 0.3673087211538461 0.6268057788461538 0.36169074358974357
2 0.9823435 0.5085607275641026 0.9839486346153847 0.5286249326923077 0.9895666121794872 0.5302300705128206 0.99117175 0.533440342948718 0.9991974326923077 0.5342429102564102 0.9991974326923077 0.5053504551282051 0.9903691826923077 0.5013376121794872 0.9823435 0.5085607275641026
2 0.4422150897435897 0.3119315128205128 0.43900481410256414 0.3087212403846154 0.427768858974359 0.3111289455128205 0.4253611570512821 0.3159443557692308 0.42696629166666666 0.3231674679487179 0.43579454166666665 0.32718031089743593 0.4406099519230769 0.3255751730769231 0.4438202243589744 0.320759766025641 0.4422150897435897 0.3119315128205128
2 0.8563402884615385 0.5358480480769231 0.8491171762820512 0.5406634551282051 0.8467094711538462 0.5374531826923077 0.8523274487179489 0.5326377756410257 0.8499197435897435 0.5310326378205128 0.840288923076923 0.5286249326923077 0.8451043333333333 0.5366506153846153 0.8370786506410257 0.5366506153846153 0.835473516025641 0.5286249326923077 0.8306581057692307 0.5286249326923077 0.8210272884615384 0.533440342948718 0.8210272884615384 0.5358480480769231 0.8250401282051281 0.5366506153846153 0.8274478333333334 0.5310326378205128 0.8290529679487181 0.5366506153846153 0.8459069006410257 0.5374531826923077 0.8483146057692307 0.5414660256410256 0.8467094711538462 0.5454788653846153 0.8491171762820512 0.5414660256410256 0.8507223108974359 0.5454788653846153 0.8587479935897436 0.5454788653846153 0.8587479935897436 0.542268592948718 0.8539325833333333 0.5390583205128205 0.8563402884615385 0.5358480480769231
2 0.7616372403846154 0.4539860897435898 0.7520064198717948 0.4579989294871795 0.7439807371794872 0.46923488461538465 0.7415730352564103 0.4828785448717949 0.7471910128205128 0.48929908974358977 0.7504012852564103 0.48608881730769227 0.7536115576923077 0.4876939551282051 0.7516051378205127 0.48929908974358977 0.7560192628205128 0.48929908974358977 0.7568218301282051 0.48047083974358973 0.7688603525641026 0.47966827243589744 0.7825040128205129 0.4828785448717949 0.7865168525641025 0.48047083974358973 0.7865168525641025 0.4668271794871795 0.7841091506410256 0.4612092019230769 0.7696629198717948 0.4539860897435898 0.7616372403846154 0.4539860897435898
2 0.6653290544871795 0.43151417948717946 0.6492776891025641 0.4323167467948718 0.6388443012820513 0.4403424294871795 0.6388443012820513 0.4596040673076923 0.6605136442307692 0.4668271794871795 0.6613162115384615 0.45639379487179493 0.673354733974359 0.4451578397435898 0.6725521666666666 0.43713215705128206 0.6653290544871795 0.43151417948717946
3 0.6910112371794872 0.4363295865384615 0.688603532051282 0.43873729166666664 0.6966292147435897 0.44596040705128204 0.6990369166666667 0.4539860897435898 0.7038523269230769 0.454788657051282 0.7014446217948718 0.4579989294871795 0.7062600320512821 0.4708400224358974 0.7054574647435897 0.46602461217948715 0.7102728717948718 0.4668271794871795 0.7134831474358975 0.46441947435897435 0.715088282051282 0.45880149679487175 0.7126805769230768 0.45719636217948717 0.7158908493589744 0.4523809519230769 0.7062600320512821 0.43873729166666664 0.6910112371794872 0.4363295865384615
3 0.6436597115384616 0.3793472435897436 0.6436597115384616 0.38175494871794874 0.6468699839743589 0.37533440384615385 0.6508828237179488 0.37613697115384614 0.6524879615384616 0.3721241314102564 0.6420545737179487 0.35527019871794874 0.6300160512820513 0.3568753333333334 0.6284109134615384 0.3624933108974359 0.6324237564102564 0.3673087211538461 0.6348314615384616 0.3785446762820513 0.6436597115384616 0.3793472435897436
3 0.6725521666666666 0.338416266025641 0.664526483974359 0.3376136987179487 0.6573033717948719 0.3440342435897436 0.6556982339743589 0.35045478846153844 0.6605136442307692 0.35607276602564103 0.670947032051282 0.35767790384615383 0.6765650096153846 0.35527019871794874 0.6773675769230769 0.3464419487179487 0.6725521666666666 0.338416266025641
3 0.6147672564102564 0.3279828782051282 0.6059390064102563 0.3263777435897436 0.598715891025641 0.3319957211538462 0.5979133237179487 0.3368111282051282 0.6019261634615385 0.3432316762820513 0.6115569807692308 0.3440342435897436 0.6179775288461539 0.34162653846153845 0.6179775288461539 0.33279828846153847 0.6147672564102564 0.3279828782051282
3 0.5674157307692307 0.3159443557692308 0.559390048076923 0.31514178846153845 0.5553772083333334 0.3191546282051282 0.5545746378205129 0.3263777435897436 0.5577849102564103 0.32958801602564103 0.5634028878205128 0.3319957211538462 0.572231141025641 0.32958801602564103 0.5730337083333333 0.32236490064102563 0.5674157307692307 0.3159443557692308
3 0.45666131730769227 0.3175494903846154 0.45585874679487176 0.3239700384615385 0.45987158974358977 0.3303905833333333 0.4711075448717949 0.32958801602564103 0.4727126794871795 0.32236490064102563 0.47030497435897434 0.31514178846153845 0.45987158974358977 0.31433921794871794 0.45666131730769227 0.3175494903846154
3 0.5152487948717949 0.30952381089743586 0.5144462275641026 0.3175494903846154 0.5176565 0.320759766025641 0.5313001602564102 0.3167469230769231 0.5313001602564102 0.3111289455128205 0.5256821826923077 0.30631353525641025 0.5192616378205128 0.30631353525641025 0.5152487948717949 0.30952381089743586
3 0.23195826602564104 0.8344034230769231 0.23195826602564104 0.8336008557692307 0.17380417307692309 0.8336008557692307 0.17380417307692309 0.8344034230769231 0.23195826602564104 0.8344034230769231