3 0.12440391987179487 0.48591755128205133 0.24888662820512822 0.49026458333333334 0.251473 0.41620057692307694 0.12699029166666667 0.41185354487179493 0.12440391987179487 0.48591755128205133
2 0.005471541666666667 0.33711763461538463 0.05786336217948718 0.3389471987179487 0.05930247756410256 0.29773636538461534 0.006910653846153847 0.2959068044871795 0.005471541666666667 0.33711763461538463
2 0.4157497628205128 0.37264156730769227 0.5114057403846154 0.3759819487179487 0.5126238621794872 0.3410995224358974 0.4169678846153846 0.33775914102564103 0.4157497628205128 0.37264156730769227
3 0.702309358974359 0.5207221282051282 0.8628615769230769 0.526328733974359 0.8655924775641026 0.44812600320512824 0.7050402596153846 0.4425193942307692 0.702309358974359 0.5207221282051282
3 0.8224360705128205 0.3902925 0.8521130064102564 0.39132884294871795 0.852999217948718 0.3659510512820513 0.8233222820512821 0.36491470833333334 0.8224360705128205 0.3902925
3 0.8468293525641025 0.38740609935897435 0.8676352916666666 0.38813266025641024 0.8684254326923077 0.3655060032051282 0.8476194935897436 0.3647794423076923 0.8468293525641025 0.38740609935897435
3 0.9271370000000001 0.3848219871794872 0.9434512916666667 0.38539169551282054 0.9443058525641026 0.3609202564102564 0.9279915608974358 0.36035054807692307 0.9271370000000001 0.3848219871794872
2 0.8265142403846153 0.36480533653846153 0.8547634743589743 0.3657918205128205 0.8551390769230769 0.35503593589743593 0.8268898461538461 0.35404945192307696 0.8265142403846153 0.36480533653846153
2 0.8599842980769231 0.37392841987179487 0.8791780544871796 0.37459867948717945 0.8797544839743591 0.3580918878205128 0.8605607275641026 0.357421625 0.8599842980769231 0.37392841987179487
2 0.8929511442307692 0.384238516025641 0.9250262948717949 0.3853586057692308 0.9259766474358975 0.35814405448717945 0.8939014967948717 0.3570239647435897 0.8929511442307692 0.384238516025641
3 0.9448715929487179 0.39255236858974357 0.97193375 0.3934974006410257 0.9727684262820514 0.36959543589743593 0.9457062692307693 0.36865040384615383 0.9448715929487179 0.39255236858974357
3 1 0.37755707692307694 0.9886617435897437 0.3771611346153846 0.9876791794871795 0.40529807692307696 1 0.40572833012820514 1 0.37755707692307694
2 0.9998449358974358 0.5131679807692308 0.9316842371794871 0.5107877564102564 0.9295726217948718 0.571256516025641 0.9977333205128206 0.5736367403846153 0.9998449358974358 0.5131679807692308
2 0.954868141025641 0.3656898557692308 0.9862615256410256 0.3667861346153846 0.9871564198717948 0.34115970192307693 0.9557630384615384 0.3400634198717949 0.954868141025641 0.3656898557692308
2 0.9740944871794872 0.3968172051282051 0.9867432788461539 0.39725891346153847 0.9876300512820513 0.3718650801282051 0.9749812596153845 0.371423375 0.9740944871794872 0.3968172051282051
2 0 0.7734485064102564 0.02611942628205128 0.7743606153846154 0.02937381730769231 0.681167016025641 0 0.6801412628205128 0 0.7734485064102564