2 0.33725490064102565 0.5470588237179488 0.33725490064102565 0.5565359487179488 0.3385620929487179 0.5588235288461538 0.33790849679487184 0.561437907051282 0.3392156858974359 0.5633986923076924 0.33790849679487184 0.5656862756410256 0.33790849679487184 0.5816993461538461 0.35098039102564105 0.610457516025641 0.3555555544871795 0.6156862756410256 0.3591503269230769 0.6176470576923077 0.36274509935897437 0.6186274519230769 0.3660130705128205 0.6209150320512821 0.37058823397435897 0.6209150320512821 0.3715686282051282 0.6232026153846153 0.3732026153846154 0.6235294102564103 0.3722222211538461 0.6248366025641026 0.3732026153846154 0.6267973846153847 0.3820261442307692 0.6313725480769231 0.38856209294871796 0.6375816987179487 0.39379084935897435 0.6388888878205129 0.4133986923076923 0.639542483974359 0.4150326794871795 0.640522875 0.4153594775641025 0.6421568621794871 0.4143790865384615 0.6447712403846153 0.41830065384615384 0.6480392147435897 0.4326797371794872 0.65 0.45620915064102563 0.6473856217948718 0.4637254903846154 0.6460784326923077 0.4718954262820513 0.639542483974359 0.4774509807692308 0.6392156858974359 0.4843137243589744 0.6372549006410256 0.489542483974359 0.6310457532051282 0.4947712403846154 0.6281045737179487 0.5 0.6189542467948718 0.5013071891025641 0.6120915032051282 0.5052287596153846 0.6071895416666667 0.5088235288461538 0.5983660128205128 0.5143790865384615 0.5911764711538462 0.5143790865384615 0.5843137243589743 0.5215686282051282 0.5728758173076923 0.5228758173076924 0.5611111121794872 0.5258169935897435 0.5539215673076924 0.5258169935897435 0.5473856217948718 0.5215686282051282 0.5437908493589744 0.5183006538461539 0.5382352948717949 0.5147058814102564 0.5366013076923077 0.5120915032051282 0.5287581698717948 0.5075163397435898 0.5251633974358975 0.5068627435897436 0.5228758173076924 0.5045751634615384 0.5215686282051282 0.5045751634615384 0.519607842948718 0.5006535961538462 0.5176470576923078 0.500326798076923 0.5137254903846153 0.49869281089743583 0.5107843141025642 0.4937908493589744 0.5071895416666666 0.4924836602564102 0.5045751634615384 0.490196076923077 0.5032679743589744 0.489542483974359 0.5009803910256411 0.48758169871794876 0.5006535961538462 0.48562091346153846 0.49869281089743583 0.48562091346153846 0.4964052275641026 0.47777777884615386 0.4888888878205128 0.4774509807692308 0.4872549006410256 0.4712418301282052 0.48137254807692303 0.4591503269230769 0.48071895512820517 0.4581699358974359 0.47352941025641027 0.45718954166666664 0.47254901923076925 0.44509803846153845 0.4722222211538462 0.43921568589743587 0.47352941025641027 0.4326797371794872 0.4728758173076923 0.43137254807692305 0.47450980448717944 0.4310457532051282 0.480065358974359 0.4287581698717949 0.48137254807692303 0.3918300641025641 0.48137254807692303 0.38823529487179487 0.4826797371794872 0.38790849679487177 0.48921568589743586 0.38692810576923076 0.490196076923077 0.37549019551282053 0.48986928205128205 0.3741830064102564 0.469607842948718 0.37483660256410256 0.46143790705128207 0.3732026153846154 0.450980391025641 0.3732026153846154 0.44967320192307686 0.3718954262820513 0.45718954166666664 0.369934641025641 0.46045751602564106 0.36928104487179486 0.47091503205128205 0.36830065384615385 0.4728758173076923 0.3715686282051282 0.4941176474358974 0.36928104487179486 0.49607843269230767 0.3686274519230769 0.499019608974359 0.36241830128205127 0.5049019615384616 0.3591503269230769 0.5124183012820512 0.35326797435897433 0.5218954262820513 0.3467320256410256 0.5281045737179487 0.3460784326923077 0.5310457532051281 0.3385620929487179 0.5428104583333333 0.33725490064102565 0.5470588237179488
2 0.38267973717948717 0.42679738461538463 0.3836601314102564 0.4290849679487179 0.38692810576923076 0.42777777884615387 0.38725490064102563 0.4241830064102564 0.3924836602564103 0.4186274519230769 0.400980391025641 0.4137254903846154 0.4029411762820513 0.40882352884615386 0.4045751634615385 0.40751633974358975 0.41470588141025644 0.4055555544871795 0.4287581698717949 0.3996732019230769 0.4359477115384615 0.3986928108974359 0.45620915064102563 0.39999999999999997 0.4627450993589744 0.40620915064102564 0.4666666666666667 0.4065359487179487 0.4676470576923077 0.40588235256410254 0.46699346474358977 0.4039215673076923 0.47026143910256407 0.3960784326923077 0.47156862820512824 0.40620915064102564 0.48366013141025643 0.4153594775641025 0.4816993461538462 0.4176470576923077 0.4820261442307692 0.41928104487179485 0.488562092948718 0.4186274519230769 0.49117647115384616 0.4202614391025641 0.49607843269230767 0.42091503205128206 0.49869281089743583 0.4228758173076923 0.5049019615384616 0.4241830064102564 0.5058823525641026 0.4235294102564103 0.5058823525641026 0.42091503205128206 0.5013071891025641 0.41993464102564104 0.5045751634615384 0.4176470576923077 0.5016339871794872 0.4173202628205128 0.5 0.4153594775641025 0.5016339871794872 0.4127450993589743 0.5009803910256411 0.40751633974358975 0.5075163397435898 0.40588235256410254 0.5058823525641026 0.4035947724358975 0.5013071891025641 0.4045751634615385 0.499019608974359 0.4013071891025641 0.5009803910256411 0.3934640512820513 0.5029411762820513 0.3898692820512821 0.5006535961538462 0.38758169871794873 0.499019608974359 0.38071895512820514 0.49803921474358975 0.3797385608974359 0.489542483974359 0.3803921570512821 0.4862745096153846 0.3777777788461539 0.4826797371794872 0.3718954262820513 0.4751633974358974 0.3702614391025641 0.46633986858974363 0.3640522884615385 0.44967320192307686 0.3601307179487179 0.4478758173076923 0.3601307179487179 0.4343137243589744 0.36209150320512823 0.41993464102564104 0.3666666666666667 0.4160130705128205 0.3702614391025641 0.4111111121794872 0.3728758173076923 0.4032679743589744 0.380065358974359 0.3993464038461539 0.38758169871794873 0.39673202564102567 0.3898692820512821 0.390522875 0.39901960897435895 0.3862745096153846 0.40849673076923076 0.3866013076923077 0.4153594775641025 0.3836601314102564 0.4186274519230769 0.3836601314102564 0.420588233974359 0.3859477115384615 0.42450980448717945 0.38267973717948717 0.42679738461538463
2 0.9326797371794873 0.42549019551282047 0.940522875 0.4153594775641025 0.9447712403846154 0.40032679807692306 0.9444444455128206 0.390522875 0.9424836602564104 0.3849673205128205 0.9320261442307691 0.3732026153846154 0.9238562083333333 0.37058823397435897 0.9107843141025642 0.36928104487179486 0.9089052275641026 0.36928104487179486 0.9032679743589744 0.36928104487179486 0.8957516346153847 0.3715686282051282 0.890849673076923 0.37450980448717947 0.8823529423076923 0.3823529423076923 0.8797385608974359 0.38823529487179487 0.8767973846153847 0.4022875801282051 0.8767973846153847 0.4127450993589743 0.8777777788461538 0.41568627564102567 0.8836601314102563 0.4232026153846154 0.8921568621794871 0.42843137179487184 0.9062091506410257 0.43137254807692305 0.9248366025641025 0.43039215705128203 0.9290849679487179 0.4287581698717949 0.9326797371794873 0.42549019551282047
2 0.7620915032051282 0.3483660128205128 0.7558823525641026 0.33790849679487184 0.7526143782051282 0.33431372435897433 0.7473856217948718 0.3323529423076923 0.740522875 0.33169934615384616 0.7388888878205128 0.33169934615384616 0.7307189551282052 0.33169934615384616 0.7232026153846154 0.33431372435897433 0.7173202628205129 0.34117647115384614 0.710457516025641 0.35457516346153845 0.710784314102564 0.3598039230769231 0.7150326794871794 0.3702614391025641 0.720588233974359 0.3777777788461539 0.7248366025641025 0.3810457532051282 0.7379084967948718 0.3823529423076923 0.7483660128205128 0.38071895512820514 0.7539215673076923 0.3784313717948718 0.760130717948718 0.36928104487179486 0.7633986923076923 0.3575163397435897 0.7620915032051282 0.3483660128205128
2 0.6888888878205128 0.3457516346153846 0.6882352948717949 0.3320261442307692 0.6787581698717948 0.32320261538461537 0.6718954262820512 0.320588233974359 0.6701797371794872 0.320588233974359 0.661437907051282 0.320915032051282 0.6503267980769231 0.3245098044871795 0.6470588237179487 0.32745098076923074 0.6437908493589743 0.3339869294871795 0.6431372564102564 0.3460784326923077 0.6441176474358975 0.3526143782051282 0.65 0.3598039230769231 0.6542483653846154 0.3633986923076923 0.6584967307692308 0.3653594775641026 0.6696078429487179 0.3650326794871795 0.6784313717948718 0.36274509935897437 0.6839869294871794 0.3598039230769231 0.6875816987179487 0.35098039102564105 0.6888888878205128 0.3457516346153846
2 0.5055555544871795 0.32320261538461537 0.5068627435897436 0.3192810448717949 0.5068627435897436 0.3137254903846154 0.5045751634615384 0.30424836538461536 0.49509803846153844 0.29673202564102563 0.4918300641025641 0.2957516346153846 0.48921568589743586 0.2957516346153846 0.48137254807692303 0.29738562179487177 0.47712418269230766 0.3003267980769231 0.4741830064102564 0.30424836538461536 0.4732026153846154 0.3088235288461538 0.47385620833333336 0.3202614391025641 0.4751633974358974 0.3228758173076923 0.4767973846153846 0.32385620833333334 0.48464052243589745 0.32320261538461537 0.4862745096153846 0.32516339743589745 0.4852941185897436 0.3320261442307692 0.48758169871794876 0.3326797371794872 0.4918300641025641 0.3326797371794872 0.500326798076923 0.3297385608974359 0.5055555544871795 0.32320261538461537
4 0.49967320192307696 0.619607842948718 0.5068627435897436 0.6029411762820513 0.5133986923076923 0.5928104583333333 0.5160130705128205 0.5911764711538462 0.5166666666666666 0.5846405224358975 0.520915032051282 0.5774509807692307 0.5218954262820513 0.5679738557692308 0.5248366025641026 0.5571895416666667 0.5245098044871795 0.5486928108974359 0.5212418301282051 0.5424836602564103 0.5215686282051282 0.5385620929487179 0.519607842948718 0.5375816987179487 0.5232026153846154 0.5316993461538462 0.5232026153846154 0.5261437916666666 0.5192810448717948 0.519607842948718 0.5147058814102564 0.5150326794871795 0.511437907051282 0.5062091506410257 0.5019607852564102 0.4977124198717948 0.4977124198717948 0.49607843269230767 0.49117647115384616 0.49084967307692307 0.48464052243589745 0.4888888878205128 0.48071895512820517 0.48921568589743586 0.4712418301282052 0.47875816987179487 0.460130717948718 0.47254901923076925 0.4535947724358974 0.47156862820512824 0.4343137243589744 0.4718954262820513 0.4055555544871795 0.4774509807692308 0.3915032692307692 0.4820261442307692 0.37614379166666667 0.489542483974359 0.37450980448717947 0.48758169871794876 0.3741830064102564 0.48464052243589745 0.37450980448717947 0.4617647051282051 0.3732026153846154 0.44967320192307686 0.36928104487179486 0.4611111121794872 0.36830065384615385 0.47026143910256407 0.36830065384615385 0.4758169935897436 0.3712418301282051 0.4918300641025641 0.36732026282051283 0.49869281089743583 0.36241830128205127 0.5032679743589744 0.35588235256410256 0.5156862756410256 0.34967320192307694 0.5228758173076924 0.3457516346153846 0.5310457532051281 0.3392156858974359 0.539215685897436 0.33692810576923077 0.5470588237179488 0.33725490064102565 0.580065358974359 0.3516339871794872 0.6120915032051282 0.35522875961538464 0.6156862756410256 0.3810457532051282 0.6323529423076923 0.38823529487179487 0.639542483974359 0.4045751634615385 0.6470588237179487 0.4222222211538461 0.6493464038461538 0.4271241826923077 0.6509803910256411 0.4359477115384615 0.6509803910256411 0.4627450993589744 0.6470588237179487 0.46993464102564103 0.6434640512820513 0.4774509807692308 0.641830064102564 0.4918300641025641 0.6310457532051282 0.49967320192307696 0.619607842948718
4 0.4924836602564102 0.40620915064102564 0.4918300641025641 0.4035947724358975 0.4862745096153846 0.3983660128205128 0.4843137243589744 0.3892156858974359 0.480065358974359 0.3852941185897436 0.4826797371794872 0.380065358974359 0.4843137243589744 0.38071895512820514 0.48594771153846156 0.3781045737179487 0.48071895512820517 0.3728758173076923 0.4774509807692308 0.3741830064102564 0.47385620833333336 0.3728758173076923 0.4732026153846154 0.370915032051282 0.4741830064102564 0.36928104487179486 0.4712418301282052 0.36830065384615385 0.4666666666666667 0.3643790865384615 0.4575163397435898 0.3611111121794872 0.44281045833333327 0.360457516025641 0.4287581698717949 0.3633986923076923 0.41993464102564104 0.3666666666666667 0.40915032692307696 0.3741830064102564 0.39999999999999997 0.3839869294871795 0.3898692820512821 0.40032679807692306 0.3820261442307692 0.4222222211538461 0.3813725480769231 0.43039215705128203 0.3797385608974359 0.4339869294871795 0.38692810576923076 0.43366013141025644 0.38790849679487177 0.42549019551282047 0.4032679743589744 0.40849673076923076 0.4271241826923077 0.3996732019230769 0.4343137243589744 0.3983660128205128 0.45653594871794867 0.40032679807692306 0.46699346474358977 0.40522875961538457 0.470588233974359 0.4035947724358975 0.48366013141025643 0.41470588141025644 0.4915032692307692 0.4153594775641025 0.48986928205128205 0.4107843141025641 0.4924836602564102 0.40620915064102564
2 0.35359477243589743 0.27647058974358973 0.34934640384615384 0.2813725480769231 0.3483660128205128 0.29248366025641026 0.34967320192307694 0.2954248365384616 0.35588235256410256 0.3006535961538462 0.36241830128205127 0.30359477243589744 0.3660130705128205 0.30359477243589744 0.3728758173076923 0.29967320192307695 0.37614379166666667 0.28562091346153845 0.3732026153846154 0.28071895512820516 0.3689542467948718 0.27647058974358973 0.36307189423076924 0.2745098044871795 0.360457516025641 0.2745098044871795 0.35359477243589743 0.27647058974358973
3 0.1797385608974359 0.6954248365384615 0.1784313717948718 0.6941176474358974 0.17908496794871795 0.6924836602564103 0.1823529423076923 0.6931372564102565 0.18562091346153847 0.6911764711538462 0.19379084935897437 0.6820261442307692 0.20228758012820514 0.6663398685897436 0.20326797435897434 0.6601307179487179 0.19967320192307694 0.6503267980769231 0.1934640512820513 0.639869282051282 0.189542483974359 0.6366013076923077 0.15980392307692307 0.6202614391025641 0.14542483653846153 0.6169934647435897 0.13594771153846155 0.6173202628205129 0.1215686282051282 0.6205882339743589 0.1150326794871795 0.6248366025641026 0.10915032692307691 0.6307189551282051 0.08823529487179488 0.6647058814102564 0.08366013141025641 0.6764705897435898 0.08333333333333333 0.681372548076923 0.08496732051282051 0.6882352948717949 0.0918300641025641 0.7006535961538461 0.09509803846153846 0.7039215673076923 0.11274509935897435 0.7143790865384616 0.13758169871794873 0.7241830064102565 0.14542483653846153 0.7248366025641025 0.14836601282051282 0.7238562083333334 0.15392156730769233 0.7261437916666666 0.16013071794871794 0.7258169935897436 0.16535947756410257 0.7241830064102565 0.17222222115384617 0.7176470576923076 0.18039215705128206 0.7003267980769231 0.1797385608974359 0.6954248365384615
3 0.9983660128205128 0.5862745096153846 0.9915032692307693 0.5790849679487179 0.9843137243589744 0.5751633974358974 0.9653594775641026 0.5715686282051282 0.959150326923077 0.5715686282051282 0.9493464038461539 0.5751633974358974 0.9356209134615384 0.5826797371794872 0.9183006538461538 0.5954248365384616 0.9022875801282052 0.6117647051282051 0.9019607852564102 0.6179738557692307 0.9039215673076922 0.6330065352564103 0.9065359487179487 0.6375816987179487 0.9091503269230768 0.6392156858974359 0.9137254903846154 0.639542483974359 0.9316993461538462 0.6339869294871795 0.9444444455128206 0.6320261442307693 0.9725490192307692 0.6343137243589744 0.9830065352564102 0.6388888878205129 0.9950980384615385 0.6516339871794872 0.9980392147435898 0.6542483653846154 0.9996732019230768 0.6542483653846154 0.9996732019230768 0.5862745096153846 0.9983660128205128 0.5862745096153846
3 0.8722222211538462 0.29705882371794873 0.8683006538461538 0.3003267980769231 0.8650326794871795 0.30588235256410257 0.8624183012820512 0.31699346474358975 0.8627450993589744 0.32549019551282055 0.868627451923077 0.3326797371794872 0.8748366025641027 0.33692810576923077 0.880065358974359 0.3382352948717949 0.8950980384615383 0.33725490064102565 0.9013071891025641 0.3352941185897436 0.9078431378205127 0.32941176602564104 0.9120915032051281 0.3192810448717949 0.9140522884615384 0.30653594871794876 0.9101307179487179 0.29967320192307695 0.9042483653846154 0.2954248365384616 0.8947712403846154 0.29313725641025645 0.880065358974359 0.29379084935897437 0.8722222211538462 0.29705882371794873
3 0.5225490192307692 0.5758169935897436 0.5183006538461539 0.5833333333333334 0.5176470576923078 0.5892156858974359 0.5218954262820513 0.6042483653846153 0.5225490192307692 0.6189542467948718 0.5326797371794871 0.6205882339743589 0.5535947724358974 0.6205882339743589 0.559477125 0.6189542467948718 0.5601307179487179 0.6166666666666667 0.559150326923077 0.6117647051282051 0.5568627435897435 0.608169935897436 0.5545751634615385 0.5983660128205128 0.5516339871794872 0.5934640512820513 0.539869282051282 0.5836601314102564 0.5261437916666666 0.5758169935897436 0.5225490192307692 0.5758169935897436
3 0.6754901955128205 0.3084967307692308 0.6738562083333333 0.31307189423076925 0.6712418301282052 0.3160130705128205 0.6712418301282052 0.31797385576923076 0.6830065352564103 0.3267973846153846 0.6872549006410257 0.33137254807692307 0.6888888878205128 0.34150326923076924 0.6986928108974358 0.3421568621794872 0.7065359487179487 0.33758169871794874 0.7130718942307692 0.3202614391025641 0.7088235288461538 0.31045751602564103 0.7029411762820512 0.30294117628205125 0.6967320256410257 0.3 0.6820261442307692 0.3006535961538462 0.6754901955128205 0.3084967307692308
3 0.4983660128205128 0.49084967307692307 0.5019607852564102 0.49869281089743583 0.5049019615384616 0.4921568621794872 0.5075163397435898 0.489542483974359 0.5071895416666666 0.4869281057692308 0.5091503269230769 0.4843137243589744 0.508169935897436 0.4826797371794872 0.5013071891025641 0.4816993461538462 0.49967320192307696 0.480392157051282 0.49967320192307696 0.4732026153846154 0.5052287596153846 0.468627451923077 0.5032679743589744 0.4679738557692308 0.5009803910256411 0.46241830128205125 0.49967320192307696 0.44411764743589743 0.4947712403846154 0.44281045833333327 0.4918300641025641 0.4444444455128205 0.4872549006410256 0.4447712403846154 0.4862745096153846 0.45261437820512823 0.48464052243589745 0.4542483653846154 0.47352941025641027 0.4545751634615384 0.47352941025641027 0.4620915032051282 0.4758169935897436 0.46405228846153845 0.4767973846153846 0.4689542467948718 0.47843137179487183 0.47091503205128205 0.4843137243589744 0.47091503205128205 0.4872549006410256 0.4732026153846154 0.4869281057692308 0.48071895512820517 0.4921568621794872 0.4816993461538462 0.49346405128205123 0.48366013141025643 0.49281045833333337 0.489542483974359 0.4983660128205128 0.49084967307692307
3 0.3934640512820513 0.28071895512820516 0.3931372564102564 0.29084967307692305 0.3960784326923077 0.29803921474358974 0.3996732019230769 0.30228758012820517 0.4029411762820513 0.30326797435897435 0.41470588141025644 0.3026143782051282 0.4186274519230769 0.29967320192307695 0.42156862820512825 0.29281045833333336 0.420588233974359 0.28464052243589744 0.4189542467948718 0.27875816987179486 0.41470588141025644 0.27516339743589746 0.409477125 0.2738562083333333 0.40032679807692306 0.2741830064102564 0.39673202564102567 0.2758169935897436 0.3934640512820513 0.28071895512820516
3 0.5205882339743589 0.29117647115384615 0.5179738557692308 0.2882352948717949 0.5107843141025642 0.2852941185897436 0.5019607852564102 0.2862745096153846 0.4973856217948718 0.2882352948717949 0.49509803846153844 0.290522875 0.4931372564102564 0.29607843269230766 0.4947712403846154 0.29934640384615385 0.4977124198717948 0.3 0.5022875801282052 0.30457516346153846 0.5045751634615384 0.3088235288461538 0.5039215673076923 0.31111111217948717 0.5052287596153846 0.3124183012820513 0.5065359487179487 0.31960784294871797 0.5088235288461538 0.320915032051282 0.5150326794871795 0.3189542467948718 0.5192810448717948 0.31405228846153843 0.5228758173076924 0.30424836538461536 0.5228758173076924 0.2964052275641026 0.5205882339743589 0.29117647115384615
3 0.6133986923076923 0.26013071794871795 0.6124183012820513 0.2624183012820513 0.6127450993589744 0.2692810448717949 0.619607842948718 0.27647058974358973 0.6235294102564103 0.27777777884615384 0.6346405224358974 0.27647058974358973 0.6372549006410256 0.2741830064102564 0.6424836602564102 0.2633986923076923 0.641830064102564 0.2581699358974359 0.6392156858974359 0.25392156730769233 0.6366013076923077 0.2513071891025641 0.6300653589743589 0.2486928108974359 0.6241830064102565 0.24901960897435899 0.6192810448717949 0.250980391025641 0.6133986923076923 0.26013071794871795
3 0.5464052275641026 0.25 0.5447712403846153 0.2624183012820513 0.5460784326923077 0.2650326794871795 0.5499999999999999 0.26830065384615387 0.5532679743589743 0.269934641025641 0.5588235288461538 0.269934641025641 0.5640522884615385 0.2689542467948718 0.5683006538461539 0.26633986858974357 0.570588233974359 0.2578431378205128 0.5679738557692308 0.24901960897435899 0.5656862756410256 0.24673202564102562 0.560457516025641 0.24444444551282052 0.5529411762820513 0.2447712403846154 0.549019608974359 0.24640522756410257 0.5464052275641026 0.25
3 0.4869281057692308 0.2578431378205128 0.48823529487179484 0.2611111121794872 0.4915032692307692 0.2637254903846154 0.5019607852564102 0.26437908653846154 0.5065359487179487 0.2627450993589744 0.510457516025641 0.2584967307692308 0.5111111121794872 0.2555555544871795 0.509477125 0.24901960897435899 0.5065359487179487 0.24444444551282052 0.5026143782051282 0.2421568621794872 0.49673202564102564 0.24150326923076923 0.49117647115384616 0.24346405128205129 0.4869281057692308 0.24934640384615384 0.4869281057692308 0.2578431378205128
3 0.4676470576923077 0.47156862820512824 0.4683006538461538 0.4660130705128205 0.4666666666666667 0.4584967307692308 0.468627451923077 0.45130718910256407 0.4673202628205128 0.439542483974359 0.4689542467948718 0.4343137243589744 0.4689542467948718 0.4173202628205128 0.4676470576923077 0.40620915064102564 0.4558823525641026 0.40032679807692306 0.4339869294871795 0.3983660128205128 0.4189542467948718 0.4026143782051282 0.4150326794871795 0.40686274358974356 0.4042483653846154 0.4081699358974359 0.4013071891025641 0.4137254903846154 0.4022875801282051 0.4248366025641026 0.4013071891025641 0.4258169935897436 0.3898692820512821 0.4258169935897436 0.38856209294871796 0.42679738461538463 0.38758169871794873 0.43464052243589746 0.3781045737179487 0.4362745096153846 0.37385620833333333 0.44509803846153845 0.3712418301282051 0.45718954166666664 0.3679738557692308 0.4647058814102564 0.3676470576923077 0.4712418301282052 0.3732026153846154 0.47254901923076925 0.3741830064102564 0.4741830064102564 0.3741830064102564 0.480392157051282 0.3696078429487179 0.4816993461538462 0.3686274519230769 0.48366013141025643 0.3696078429487179 0.489542483974359 0.3718954262820513 0.48986928205128205 0.3836601314102564 0.48562091346153846 0.3901960769230769 0.48137254807692303 0.41993464102564104 0.4728758173076923 0.4493464038461538 0.46993464102564103 0.46241830128205125 0.4722222211538462 0.4676470576923077 0.47156862820512824
6 0.4732026153846154 0.46993464102564103 0.47549019551282046 0.4728758173076923 0.47549019551282046 0.47549019551282046 0.4781045737179487 0.4774509807692308 0.4810457532051282 0.4826797371794872 0.48986928205128205 0.48823529487179484 0.5009803910256411 0.499019608974359 0.5052287596153846 0.4993464038461538 0.5062091506410257 0.49869281089743583 0.5055555544871795 0.4964052275641026 0.5075163397435898 0.4941176474358974 0.508169935897436 0.4869281057692308 0.509803923076923 0.48496732051282054 0.5088235288461538 0.47777777884615386 0.5120915032051282 0.47549019551282046 0.5107843141025642 0.47091503205128205 0.5120915032051282 0.468627451923077 0.510457516025641 0.4647058814102564 0.5075163397435898 0.4617647051282051 0.508169935897436 0.4545751634615384 0.5062091506410257 0.45261437820512823 0.5062091506410257 0.44967320192307686 0.5039215673076923 0.44771241987179483 0.5065359487179487 0.4454248365384615 0.5065359487179487 0.4372549006410256 0.5013071891025641 0.4323529423076923 0.500326798076923 0.4264705897435897 0.490196076923077 0.420588233974359 0.47712418269230766 0.40849673076923076 0.4732026153846154 0.40718954166666665 0.46993464102564103 0.40882352884615386 0.4647058814102564 0.4035947724358975 0.4575163397435898 0.40065359615384616 0.4424836602564102 0.3986928108974359 0.4343137243589744 0.3986928108974359 0.4251633974358974 0.40065359615384616 0.4032679743589744 0.409477125 0.3960784326923077 0.4169934647435897 0.3911764711538462 0.4241830064102564 0.3784313717948718 0.4359477115384615 0.3741830064102564 0.4444444455128205 0.36830065384615385 0.46405228846153845 0.36830065384615385 0.4862745096153846 0.3696078429487179 0.49084967307692307 0.3732026153846154 0.49084967307692307 0.3862745096153846 0.4833333333333334 0.3986928108974359 0.47843137179487183 0.4287581698717949 0.47156862820512824 0.4421568621794872 0.46993464102564103 0.45326797435897437 0.46993464102564103 0.46045751602564106 0.4722222211538462 0.4676470576923077 0.47614379166666665 0.46928104487179484 0.47549019551282046 0.468627451923077 0.4732026153846154 0.469607842948718 0.47026143910256407 0.4732026153846154 0.46993464102564103
2 0.8140522884615385 0.6532679743589743 0.8163398685897436 0.6565359487179487 0.8173202628205127 0.659477125 0.8173202628205127 0.6705882339743591 0.8196078429487179 0.6745098044871795 0.8218954262820513 0.6754901955128205 0.8271241826923077 0.6764705897435898 0.8388888878205129 0.6761437916666667 0.8620915032051283 0.6738562083333333 0.8764705897435897 0.6705882339743591 0.8803921570512819 0.6718954262820512 0.8767973846153847 0.6843137243589744 0.8781045737179488 0.6911764711538462 0.8823529423076923 0.7003267980769231 0.8882352948717949 0.7065359487179487 0.8954248365384615 0.7183006538461538 0.9013071891025641 0.7245098044871795 0.9104575160256411 0.740522875 0.9215686282051282 0.7535947724358975 0.9277777788461538 0.7555555544871795 0.9454248365384615 0.758169935897436 0.9637254903846153 0.7584967307692307 0.9875816987179488 0.7545751634615384 0.9996732019230768 0.7480392147435898 0.9996732019230768 0.6549019615384615 0.9980392147435898 0.6549019615384615 0.9862745096153847 0.641830064102564 0.9781045737179488 0.6356209134615385 0.9669934647435897 0.6330065352564103 0.939215685897436 0.6323529423076923 0.9320261442307691 0.6336601314102565 0.9287581698717949 0.6362745096153847 0.9235294102564102 0.6379084967948718 0.909477125 0.6401960769230769 0.9042483653846154 0.6437908493589743 0.9032679743589744 0.6421568621794871 0.9032679743589744 0.6323529423076923 0.9009803910256411 0.6212418301282051 0.8970588237179488 0.6150326794871795 0.8944444455128205 0.6032679743589744 0.8872549006410256 0.5908496730769232 0.881372548076923 0.5839869294871795 0.8781045737179488 0.5820261442307691 0.8607843141025641 0.5748366025641025 0.8535947724358974 0.5732026153846154 0.8212418301282051 0.5761437916666667 0.8143790865384616 0.5777777788461539 0.8071895416666667 0.5813725480769231 0.8006535961538461 0.5856209134615386 0.7885620929487179 0.5980392147435898 0.7830065352564102 0.6075163397435898 0.7820261442307692 0.6111111121794871 0.7820261442307692 0.6205882339743589 0.7856209134615384 0.6323529423076923 0.7862745096153846 0.6424836602564102 0.7924836602564103 0.6493464038461538 0.7967320256410256 0.6584967307692308 0.7986928108974359 0.6588235288461538 0.8071895416666667 0.6669934647435897 0.809477125 0.6663398685897436 0.8124183012820513 0.6630718942307693 0.8111111121794872 0.6571895416666667 0.8078431378205128 0.6552287596153846 0.8084967307692308 0.6519607852564102 0.809477125 0.6519607852564102 0.8140522884615385 0.6532679743589743