3 0.3007169455128205 0.5109397916666667 0.30251602564102564 0.47661129807692304 0.26194649999999997 0.47448514102564104 0.26014741987179485 0.5088136314102564 0.3007169455128205 0.5109397916666667
2 0.8596657403846154 0.593430358974359 0.8629501794871794 0.5904738044871795 0.8660702948717949 0.5906373237179486 0.8670516153846154 0.5719126185897435 0.870336092948718 0.5689552596153846 0.8716444935897436 0.5439895224358974 0.8279548493589743 0.541699842948718 0.8255015705128205 0.5885112051282052 0.847346391025641 0.5896560448717949 0.8503037916666667 0.5929397211538462 0.8596657403846154 0.593430358974359
2 0.7717680576923076 0.4792989391025641 0.7280784166666667 0.4770092628205128 0.7262793782051282 0.5113369487179487 0.7668489038461538 0.513463108974359 0.7701325384615385 0.5105065128205128 0.7717680576923076 0.4792989391025641
3 0.4040279391025641 0.5100951121794872 0.40566341666666667 0.47888833974358974 0.374455842948718 0.47725282051282053 0.3728203653846154 0.508459592948718 0.4040279391025641 0.5100951121794872
2 0.9662342083333334 0.47071514743589743 0.9678697275641025 0.4395075737179487 0.9366621538461538 0.43787205448717953 0.9350266346153847 0.4690796282051282 0.9662342083333334 0.47071514743589743
2 0.9827215128205128 0.7532147820512821 0.9868102724358974 0.6751966474358974 0.9212758108974359 0.6717621314102564 0.9171870512820512 0.7497802660256411 0.9827215128205128 0.7532147820512821
2 0.6367731346153845 0.5473270801282052 0.6388992916666667 0.5067575544871795 0.5952088493589743 0.5044678333333333 0.5930826923076923 0.5450373621794872 0.6367731346153845 0.5473270801282052
3 0.6832835352564103 0.6749361314102564 0.686718092948718 0.6094008653846154 0.6274238621794872 0.6062933878205128 0.6239893044871795 0.6718286506410256 0.6832835352564103 0.6749361314102564
2 0.9150078141025642 0.5525210737179487 0.9181152499999999 0.4932276474358974 0.8432180352564103 0.4893024519230769 0.8401105993589744 0.5485958782051282 0.9150078141025642 0.5525210737179487
2 0.9948241826923078 0.5222821025641026 0.996786782051282 0.48483349358974354 0.962459092948718 0.48303445512820514 0.9604964935897436 0.5204830641025641 0.9948241826923078 0.5222821025641026
2 0.6921152083333333 0.5064177948717948 0.6940778044871795 0.46896918910256413 0.6566291987179488 0.4670065897435897 0.6546665993589743 0.5044551987179486 0.6921152083333333 0.5064177948717948
2 0.49043938141025645 0.5928561570512821 0.4342668685897436 0.589912282051282 0.4308323108974359 0.6554475448717948 0.4838847083333333 0.6582279038461538 0.4871683846153846 0.6552705032051283 0.49043938141025645 0.5928561570512821
3 0.7809537692307692 0.42345354807692304 0.7528671153846154 0.42198158974358974 0.7515587147435898 0.4469473269230769 0.7765244551282051 0.4482557243589743 0.7798089294871795 0.44529836858974353 0.7809537692307692 0.42345354807692304
3 0.5367466217948718 0.5452144006410257 0.5369101794871795 0.542093483974359 0.47137491987179486 0.5386589262820513 0.46728616346153845 0.6166770576923077 0.532821423076923 0.6201116153846155 0.5339662628205128 0.5982667948717949 0.531008907051282 0.5949823173076922 0.5334621442307692 0.5481717596153846 0.5367466217948718 0.5452144006410257
2 0.7948717948717948 0.5448717948717948 0.7980769230769231 0.5480769230769231 0.8012820512820513 0.5480769230769231 0.8012820512820513 0.5512820512820513 0.8076923076923077 0.5576923076923077 0.8076923076923077 0.5705128205128205 0.8012820512820513 0.5769230769230769 0.8012820512820513 0.5801282051282052 0.7980769230769231 0.5801282051282052 0.7948717948717948 0.5833333333333334 0.782051282051282 0.5833333333333334 0.7692307692307693 0.5737179487179487 0.7692307692307693 0.5608974358974359 0.7724358974358975 0.5576923076923077 0.7724358974358975 0.5544871794871795 0.782051282051282 0.5448717948717948 0.7916666666666666 0.5448717948717948
2 0.6873294262820513 0.6212597051282052 0.6887995352564102 0.5932083141025641 0.6820063557692307 0.5848156057692308 0.6639926121794871 0.5758348461538462 0.6599852724358974 0.5756248333333333 0.6361546474358974 0.5856272948717949 0.6337990608974359 0.6152396185897435 0.6604995352564103 0.6118169166666666 0.6838295288461539 0.6267019711538462 0.6873294262820513 0.6212597051282052
2 0.7369341538461538 0.42615665384615387 0.7273585384615385 0.42485114743589747 0.7158859615384616 0.4290719134615385 0.7090121826923077 0.43755203846153845 0.7092221987179487 0.43354469871794876 0.702471016025641 0.42435051923076916 0.693780875 0.4214840769230769 0.6921779358974359 0.4214000705128205 0.6864836538461538 0.42270898397435896 0.6788924102564103 0.4295441730769231 0.6781783557692308 0.4431691346153846 0.6835366153846153 0.4482719647435897 0.7012529262820513 0.44759309935897434 0.7066077756410256 0.43742602884615384 0.7113325801282051 0.43928098717948716 0.7103630993589743 0.4424448557692308 0.7155953493589744 0.44995209294871796 0.7274493621794872 0.45378801282051284 0.7371509871794871 0.45268911538461537 0.7430972916666666 0.44657139102564103 0.7445288076923077 0.4345913685897436 0.7369341538461538 0.42615665384615387
2 0.45591960897435896 0.4363430641025641 0.45988495192307693 0.4373545480769231 0.468785108974359 0.4362136474358974 0.47468941025641026 0.43089739102564106 0.47603691666666664 0.42052030448717953 0.4676828012820513 0.4112421185897435 0.4636754615384615 0.4110321025641026 0.45393183012820515 0.412932467948718 0.44866098397435894 0.42149660256410254 0.44912642948717946 0.42795034935897436 0.45591960897435896 0.4363430641025641
2 0.625785483974359 0.4307793044871795 0.630212858974359 0.4229746346153846 0.6284385032051282 0.4108266025641025 0.6230382403846154 0.4065252403846154 0.6190308974358975 0.4063152243589743 0.6110162147435897 0.40589519230769233 0.6057453685897436 0.4144593237179487 0.6060848012820512 0.42331747756410254 0.6129199903846153 0.43090872115384615 0.625785483974359 0.4307793044871795
2 0.47071725320512825 0.3993461025641026 0.4720681698717949 0.40423891987179483 0.48565112820512824 0.4057544423076923 0.48750608653846156 0.4010296378205128 0.4810489262820513 0.3862251794871795 0.47868652564102565 0.38529770192307694 0.4754806506410256 0.38512968910256407 0.469660358974359 0.38884300641025643 0.46839685576923074 0.39761715705128203 0.4748085993589744 0.3979531826923077 0.47071725320512825 0.3993461025641026
2 0.582247358974359 0.4027801378205128 0.5741066666666667 0.40476451282051285 0.5696792948717948 0.4125691794871795 0.5709462083333333 0.41906493269230766 0.5772319423076923 0.4218053653846154 0.5860900961538461 0.42146593269230764 0.5870561698717949 0.40303215705128204 0.582247358974359 0.4027801378205128
2 0.9785837147435898 0.7530557916666667 0.9746603782051283 0.7512428397435897 0.9713284967948718 0.7534792307692307 0.973606891025641 0.7560096474358975 0.9864303878205128 0.7566816987179487 0.9897486378205128 0.6933656987179487 0.9782726506410256 0.6823165641025641 0.9511907435897435 0.677682580128205 0.9487863365384616 0.6775565705128205 0.9366803076923077 0.6785294615384615 0.9309020160256412 0.6814413108974359 0.9231427596153845 0.6914823717948718 0.9190548205128206 0.7081451955128205 0.9212526153846153 0.7275484487179487 0.9316751121794872 0.7433643878205128 0.9409987115384615 0.7494787051282051 0.9600659358974359 0.7536926538461538 0.964115282051282 0.753101201923077 0.9587150192307692 0.7487998365384616 0.9612454358974358 0.7465214455128205 0.9717065256410257 0.746266016025641 0.9795531955128204 0.7498919198717948 0.9785837147435898 0.7530557916666667
3 0.7093833942307692 0.39979902243589743 0.7023801955128205 0.3954136506410256 0.6894306923076923 0.39714600641025644 0.6868582724358975 0.40022586858974357 0.6877471570512821 0.4139348365384616 0.6924299551282052 0.4165912596153846 0.7052954551282051 0.4164618461538461 0.7106083044871795 0.4070962403846154 0.7093833942307692 0.39979902243589743
3 0.4215268493589744 0.3718543846153846 0.4143136314102564 0.37147635576923077 0.40840933012820513 0.3767926121794872 0.4079472948717949 0.3856087628205128 0.41258809294871795 0.38906665384615385 0.4230491858974359 0.3888112275641025 0.4273925512820513 0.3826095 0.4262096506410256 0.37451080769230766 0.4215268493589744 0.3718543846153846
3 0.6216385032051281 0.37189408653846157 0.6127803493589743 0.3722335224358974 0.6084369807692307 0.37843525 0.6074675 0.3815991217948718 0.611898282051282 0.38906435576923076 0.6264507211538461 0.38741600961538464 0.6282216698717948 0.384294141025641 0.6262372948717948 0.3761534487179487 0.6216385032051281 0.37189408653846157
3 0.5632153205128205 0.36722491987179484 0.5552006378205129 0.3668048878205128 0.5501818108974359 0.3705602083333333 0.5489603108974359 0.3785328878205128 0.5535171025641026 0.38359371794871794 0.5615317852564102 0.38401375 0.5681535480769231 0.38034243269230766 0.5684895737179487 0.3739306858974359 0.5632153205128205 0.36722491987179484
3 0.5046661282051281 0.3649601538461539 0.5035706378205128 0.3705284294871795 0.5072839583333333 0.3763487243589743 0.5160581057692308 0.37761222756410256 0.5218363974358975 0.374700375 0.5184170993589744 0.3632698044871795 0.510486423076923 0.3612468365384615 0.5046661282051281 0.3649601538461539
3 0.473744891025641 0.3569102852564103 0.46813461217948715 0.35661626282051284 0.46395925961538464 0.3596121217948718 0.4627797596153846 0.36678333333333335 0.46733655128205126 0.37184416025641026 0.47454976923076925 0.3722221891025641 0.4803700608974359 0.3685088717948718 0.4776262211538462 0.3595247051282051 0.473744891025641 0.3569102852564103