3 1 0.35245008012820517 0.9835139326923078 0.35228303525641025 0.9600193333333333 0.3558737532051282 0.9421804230769231 0.37422692307692307 0.9377530480769232 0.38203158974358975 0.9283942628205128 0.40725854487179486 0.9287756987179486 0.41531523397435893 0.9566590801282052 0.41999121794871797 0.9823480673076923 0.42053384935897437 1 0.4254387243589744 1 0.35245008012820517
3 1 0.43383911538461534 0.9866108365384616 0.43120495833333333 0.9536666282051283 0.43108576282051286 0.9402516826923076 0.4263643685897435 0.9386487467948718 0.42628036217948717 0.9337139262820512 0.42843275000000003 0.9342213717948717 0.434085032051282 0.9553603878205129 0.4601066346153846 0.9760305544871795 0.464404592948718 1 0.4656607788461538 1 0.43383911538461534
3 0.8855985641025642 0.30375334615384614 0.879396830128205 0.29940998076923075 0.8737865544871795 0.2991159583333333 0.8645503717948717 0.3066686057692308 0.8649738108974359 0.3139238237179487 0.8719770096153846 0.3183091955128205 0.8808771666666667 0.31716829166666666 0.8868654743589743 0.3102490993589744 0.8855985641025642 0.30375334615384614
2 0.9695041282051283 0.32824239423076923 0.9600125160256411 0.32533394871794874 0.9584095801282052 0.3252499423076923 0.9429296602564102 0.3292606891025641 0.944452 0.34621753525641025 0.961240830128205 0.3479010737179487 0.969465532051282 0.34431375961538463 0.9724999839743589 0.3324177467948718 0.9695041282051283 0.32824239423076923
3 0.8035547724358975 0.3050793012820513 0.8030087307692307 0.3154983878205128 0.8084089935897436 0.3197997532051282 0.8073555032051282 0.3245665576923077 0.8176065801282052 0.3283184743589744 0.8229228365384617 0.33422277243589743 0.826212717948718 0.33278785256410254 0.8255792628205129 0.32953997435897436 0.8172251442307692 0.32026178846153847 0.8231714487179488 0.31414406410256407 0.824224935897436 0.30937725961538465 0.8174317532051282 0.3009845448717949 0.8110200064102564 0.30064851923076924 0.8035547724358975 0.3050793012820513
3 0.7650456955128205 0.31913451923076924 0.7700645224358974 0.3153791955128205 0.7680801506410256 0.3072385032051282 0.7626378846153846 0.303738608974359 0.7554246698717949 0.3033605801282051 0.751249314102564 0.3063564358974359 0.7484668814102564 0.31344364102564104 0.7482988685897436 0.31664951602564106 0.7537831378205129 0.3193479423076923 0.7650456955128205 0.31913451923076924
2 0.8160910608974359 0.3419014326923077 0.8154576057692308 0.3386535576923077 0.8222473782051282 0.33177636858974363 0.8097599102564103 0.3246925673076923 0.8073555032051282 0.3245665576923077 0.80081775 0.3266349391025641 0.7964323814102564 0.33363814102564104 0.8040270320512821 0.3420728557692308 0.8111562403846154 0.3440538173076923 0.8160910608974359 0.3419014326923077
2 0.09343458012820513 0.5595955512820513 0.08580133333333333 0.5672322051282052 0.08529729487179487 0.576849826923077 0.0931893782051282 0.5949441634615384 0.11381753846153846 0.6000435897435897 0.12942346474358976 0.5936284326923077 0.1379001858974359 0.585232314102564 0.1391216826923077 0.5772596346153847 0.13435146794871797 0.5609362435897436 0.1234669391025641 0.553936451923077 0.11839124038461538 0.5536704487179487 0.10579263141025641 0.5538138525641025 0.09343458012820513 0.5595955512820513
2 0.3097753942307692 0.5106582692307692 0.3142901826923077 0.5165205673076922 0.31981645512820517 0.5184175288461539 0.3385022435897436 0.5145747884615385 0.34457455769230766 0.5060526602564103 0.34512059615384616 0.49563357051282053 0.3416172948717949 0.48580593589743587 0.33069075961538463 0.4796076153846154 0.32668341666666667 0.4793975993589743 0.3144513782051282 0.48277489102564103 0.3065661121794872 0.49522035897435895 0.3097753942307692 0.5106582692307692
3 0.04555308974358974 0.5377981185897436 0.06327621474358974 0.5676590544871795 0.06787500961538462 0.5719184134615385 0.07188234935897435 0.5721284294871796 0.08272147115384615 0.5646597884615385 0.08697742307692308 0.5447910897435897 0.08250463782051283 0.538127326923077 0.07157810256410256 0.5319290032051283 0.06757076282051282 0.5317189871794872 0.054705266025641026 0.531848407051282 0.04567909935897436 0.5353937115384615 0.04555308974358974 0.5377981185897436
3 0.15004140064102564 0.5529181538461538 0.16168540064102563 0.5607614166666667 0.17054355448717948 0.5604219807692308 0.18530600961538463 0.5547662916666667 0.19137832051282053 0.5462441634615385 0.18909651923076923 0.5284438493589744 0.18297879166666667 0.5224975448717949 0.17116678525641027 0.5178601538461539 0.1655565064102564 0.5175661314102564 0.15328246153846153 0.5217448942307692 0.14459572756410255 0.534148358974359 0.15004140064102564 0.5529181538461538
3 0.43238641346153844 0.4560051538461538 0.441752016025641 0.46131799679487184 0.45309858333333336 0.459501641025641 0.458117407051282 0.4557463173076923 0.45984294871794873 0.438156016025641 0.449843891025641 0.42959529166666666 0.44463434615384617 0.4293222724358975 0.4394248012820513 0.42904925000000005 0.4310740929487179 0.4350409647435897 0.42816565064102563 0.4445325769230769 0.43238641346153844 0.4560051538461538
2 0.9295703525641026 0.3848174326923077 0.9225637467948719 0.36516216346153846 0.9063209551282051 0.3530595416666667 0.8622401955128205 0.3507493653846154 0.8360891698717949 0.3590228814102564 0.8150443878205128 0.3772080448717949 0.8120939423076923 0.3875011185897436 0.8106204230769231 0.4002826121794872 0.8190585448717949 0.4079578621794872 0.9230814134615384 0.4166241474358975 0.9295703525641026 0.3848174326923077
2 0.651499439102564 0.35417096153846156 0.6386793525641026 0.3687688108974359 0.6362783557692308 0.3839127019230769 0.6404571185897436 0.39618675 0.6388575865384615 0.41137264423076925 0.6440058301282051 0.4204828173076923 0.6806633621794872 0.4264223044871795 0.693780875 0.4214840769230769 0.7174889006410257 0.42915591987179486 0.6971093493589744 0.40397778205128204 0.7010292788461538 0.39052083653846154 0.7123724358974359 0.3734345705128205 0.7124530320512821 0.356561733974359 0.6936378269230769 0.34753897756410257 0.6710707051282051 0.34876729166666665 0.651499439102564 0.35417096153846156
2 0.7822647852564102 0.35861307371794876 0.7459432820512821 0.34626183974358976 0.7228789391025641 0.38764757692307694 0.7215734294871795 0.39722319551282054 0.7325839711538462 0.4018185801282051 0.7878432852564102 0.4055182692307692 0.7945070480769231 0.4010454871794872 0.7967366282051283 0.37383756410256413 0.7822647852564102 0.35861307371794876
2 0.8811178557692307 0.4505900608974359 0.9094178557692307 0.4319814615384615 0.909669875 0.4271726538461539 0.9010637403846155 0.4227032756410256 0.8146311730769231 0.41576252884615383 0.8113412948717948 0.41719745192307695 0.8118487403846154 0.42284973397435893 0.820626294871795 0.43938314102564097 0.8371211025641025 0.44667695192307694 0.8811178557692307 0.4505900608974359
2 0.7413229326923076 0.43442335576923075 0.7517420224358974 0.43496939743589746 0.757138875 0.42400085897435896 0.7512731698717949 0.41324574679487175 0.7218288589743589 0.40768428525641026 0.7238552371794872 0.4150235128205128 0.7413229326923076 0.43442335576923075
6 1 0.43379334935897434 0.9936980416666668 0.4339873942307692 0.967543608974359 0.4269910096153846 0.9642117275641027 0.42922740064102566 0.9562390480769231 0.4280059006410256 0.9536666282051283 0.43108576282051286 0.9434995576923078 0.42573091346153846 0.93869075 0.42547889423076923 0.9328704551282052 0.42919221474358976 0.9335039102564102 0.4324400897435898 0.9522385192307692 0.45833568910256406 0.9648519999999999 0.4630150801282051 1 0.4663929807692308 1 0.43379334935897434
6 1 0.3517647467948718 0.9730108365384615 0.3533399262820513 0.9591758621794872 0.35663321794871794 0.9385965192307691 0.3812721282051282 0.9283942628205128 0.40725854487179486 0.9280582371794872 0.4136702948717949 0.936664375 0.41813966987179485 0.9783407275641025 0.42032383653846156 1 0.4255716314102564 1 0.3517647467948718
4 0.7682583878205128 0.3498423333333333 0.7602437019230769 0.34942230128205126 0.756404375 0.3460064134615385 0.7460692916666667 0.3438574358974359 0.7346001249999999 0.3633480993589744 0.7283563910256411 0.35980620192307694 0.7242230416666667 0.36200059294871795 0.7329131826923077 0.36486703205128207 0.7192950384615384 0.39469278205128205 0.7151196826923077 0.39768863782051284 0.7149936730769231 0.40009304487179487 0.7182835512820512 0.3986581185897436 0.7212374038461539 0.4036349423076923 0.7170620512820514 0.40663080128205126 0.7106923108974359 0.4054933076923077 0.7138141762820513 0.4072642532051282 0.7129287019230769 0.4088251891025641 0.7001472115384616 0.4073516698717949 0.6990483108974359 0.3976500416666667 0.7010292788461538 0.39052083653846154 0.7060481025641026 0.3867655128205128 0.7045711762820513 0.38427709935897436 0.7093799871794872 0.3845291185897436 0.7087045288461539 0.3820827115384615 0.7136813493589743 0.3791288557692308 0.7153228846153846 0.3631414967948718 0.7227461121794873 0.3595121794871795 0.7170518269230769 0.36082109615384617 0.6951987596153847 0.3484244519230769 0.686382608974359 0.34796241666666666 0.6838101891025641 0.35104227884615385 0.677524451923077 0.34830184935897435 0.6572777307692308 0.3512591121794872 0.6439501955128205 0.3602046794871795 0.645427125 0.36269309294871793 0.6394808205128205 0.3688108141025641 0.6357709102564103 0.3782604198717949 0.6365337820512821 0.39437379487179486 0.6459833910256411 0.3980837051282051 0.638308141025641 0.40652183012820514 0.638098125 0.4105291730769231 0.6432043653846155 0.4204408141025641 0.6486886314102563 0.42313924038461537 0.6822662948717949 0.42650631089743585 0.6895635192307693 0.4252814038461538 0.6978722211538462 0.4200911570512821 0.7047494134615385 0.4268809294871795 0.7236906314102564 0.4334992852564103 0.7247021153846154 0.4295339487179487 0.7131841282051282 0.41928628205128204 0.7119172147435897 0.4127905256410256 0.7153331057692308 0.4089511987179487 0.7381170608974359 0.4342553429487179 0.7533029551282051 0.43585487179487176 0.7624971346153846 0.42910369230769224 0.7604707596153846 0.42176446794871797 0.7550704967948718 0.4174631025641026 0.7562499935897435 0.41029189423076917 0.7673445416666667 0.41328433974358975 0.7683174294871795 0.42539037500000004 0.7730002307692307 0.4280467980769231 0.7812669326923076 0.4236580192307692 0.7834579134615385 0.4125214679487179 0.7975449102564103 0.4044193717948718 0.8063610641025641 0.40488140705128206 0.8171615865384616 0.4134841346153846 0.8090208942307693 0.4154685064102564 0.8095283397435897 0.4211207852564102 0.8242976121794872 0.4460049006410256 0.8890905384615385 0.45181156410256407 0.8917889647435897 0.4463272948717949 0.9024600705128205 0.4420645256410256 0.912623733974359 0.43214947435897433 0.916291641025641 0.42350133653846156 0.9107233653846154 0.4224058461538462 0.9157421891025641 0.4186505256410257 0.9254858205128205 0.41675015705128204 0.928856298076923 0.3984423942307692 0.9290209006410256 0.3799666217948718 0.9233652115384615 0.36520416666666666 0.9086833557692308 0.35398701602564103 0.896027875 0.35010909294871795 0.8936234711538461 0.34998308333333333 0.8606372596153846 0.35066535897435896 0.8370166474358975 0.3566604807692308 0.812681983974359 0.3762805641025641 0.8096895352564102 0.387375108974359 0.8111664647435897 0.3898635224358974 0.8053041666666666 0.39437831089743586 0.8083840288461538 0.39695072756410255 0.8034072051282052 0.39990458333333334 0.7971214711538461 0.39716415064102567 0.7982975576923077 0.3747230384615385 0.7900274487179487 0.36384191346153844 0.7839097243589743 0.3578956153846154 0.7728151794871795 0.35490316346153844 0.7682583878205128 0.3498423333333333