3 0.1649752564102564 0.4351911378205129 0.12133223076923078 0.4382429551282051 0.12373015064102565 0.47253482051282053 0.16425639102564102 0.4697009519230769 0.1671551762820513 0.4663654166666667 0.1649752564102564 0.4351911378205129
2 0.27299452243589745 0.41197514423076925 0.271032608974359 0.3839184551282051 0.23985833333333334 0.38609837179487183 0.2418202467948718 0.4141550641025641 0.27299452243589745 0.41197514423076925
2 0.7845937211538462 0.7395858333333333 0.7787079743589743 0.655415766025641 0.694537907051282 0.6613015096153847 0.7004236538461539 0.7454715769230769 0.7845937211538462 0.7395858333333333
2 0.9025757467948718 0.45566420512820516 0.9001778269230769 0.4213723397435897 0.8627691730769231 0.4239882051282052 0.8651670961538462 0.45828007051282055 0.9025757467948718 0.45566420512820516
3 0.28999763782051285 0.655130983974359 0.2933324262820513 0.6580306217948718 0.3899720448717949 0.6512729198717948 0.3819064391025641 0.5359293814102565 0.26968048397435895 0.543776983974359 0.27752808653846156 0.6560029391025641 0.28999763782051285 0.655130983974359
3 0.782740939102564 0.4891049166666666 0.788540108974359 0.4824337371794872 0.7852045192307693 0.4795341506410256 0.7834606057692307 0.4545950480769231 0.7460519551282052 0.4572109166666667 0.7484498749999999 0.49150278205128206 0.782740939102564 0.4891049166666666
2 0.8754774743589744 0.5609353173076923 0.8817126506410258 0.5604993108974359 0.887511076923077 0.553828983974359 0.8840232532051281 0.5039507820512821 0.8279106730769231 0.5078745544871796 0.8318344487179488 0.5639871346153846 0.8380688237179487 0.5635511826923076 0.8409684647435898 0.5602163942307693 0.8721427435897436 0.5580364775641026 0.8754774743589744 0.5609353173076923
2 0.343756516025641 0.4383528942307692 0.30323027243589745 0.44118676282051283 0.30584614102564106 0.4785954166666666 0.34325479166666667 0.47597954807692305 0.3461543782051282 0.4726439551282051 0.343756516025641 0.4383528942307692
3 0.7656936057692307 0.42451153205128206 0.7637316923076923 0.39645484294871797 0.7325582147435897 0.3986347051282051 0.7345201282051281 0.42669139423076924 0.7656936057692307 0.42451153205128206
3 0.1014726314102564 0.46782555448717944 0.0977668076923077 0.4148297628205128 0.03853583974358975 0.4189715961538461 0.042241666666666663 0.47196738782051284 0.1014726314102564 0.46782555448717944
2 0.5999267756410257 0.6522548141025641 0.5925151217948719 0.546263233974359 0.49587630448717945 0.5530208782051282 0.5032879583333334 0.6590124583333333 0.5718700865384615 0.6542167275641025 0.5747696698717949 0.6508811378205128 0.5778872596153847 0.6506631346153846 0.581222048076923 0.6535627756410256 0.5999267756410257 0.6522548141025641
2 0.055932660256410256 0.39895970833333333 0.05397074358974358 0.37090302243589746 0.019679682692307694 0.3733008878205128 0.021641596153846154 0.4013575737179487 0.055932660256410256 0.39895970833333333
2 0.20353857371794873 0.8522674743589743 0.19678092948717948 0.7556286602564103 0.08455497435897436 0.7634762628205127 0.09131261858974359 0.8601150801282051 0.20353857371794873 0.8522674743589743