4 0.4877416923076923 0.6171658493589743 0.48706568589743593 0.6165354615384615 0.4895872307692308 0.6138314358974359 0.4986065288461538 0.6099195160256411 0.5054609455128205 0.60019725 0.5087619358974359 0.5854760192307692 0.514540375 0.5792794038461538 0.5098311378205128 0.5755198974358974 0.5135636858974358 0.5606747083333333 0.4995075160256411 0.5327168557692308 0.49330940384615385 0.5237773942307692 0.4865607403846154 0.5178001282051282 0.4506307788461538 0.5095719294871796 0.43918843269230773 0.5096445096153845 0.40490390705128204 0.5298075544871795 0.39893804807692307 0.5368828141025641 0.39469641666666666 0.5465138365384615 0.41867392948717946 0.6244826987179487 0.42035253846153847 0.6257320673076924 0.41883359935897435 0.6290550737179488 0.42119962179487175 0.6312614262820513 0.43158233653846156 0.6289368782051282 0.44733163461538455 0.6398317788461538 0.4474114711538461 0.6421179647435897 0.45388641346153846 0.640256875 0.4602929198717949 0.6364361923076923 0.46275744230769233 0.6320991730769231 0.46789177243589747 0.6293039038461539 0.4723044807692308 0.6245718557692308 0.4877416923076923 0.6171658493589743
4 0.28438190384615386 0.7491800256410256 0.28803876282051283 0.7415314038461539 0.2983074294871795 0.7359408685897436 0.2994313429487179 0.7306696730769231 0.2986526891025641 0.7270999038461538 0.3103936346153846 0.688758298076923 0.31132366346153845 0.6779349326923078 0.3102184102564103 0.6743765641025641 0.30646616025641027 0.6699296442307692 0.3060255096153846 0.6666750705128205 0.29815293589743586 0.6659689935897436 0.29652305128205125 0.6473871057692308 0.2945064358974359 0.6458225448717949 0.2916655480769231 0.6393818205128206 0.2896489326923077 0.6378172564102564 0.28637154487179484 0.6376047083333334 0.2819318814102564 0.6322008044871795 0.28177221153846155 0.6276284294871795 0.2766679423076923 0.6219207371794871 0.26609134294871795 0.6186931153846154 0.2572845929487179 0.6193276506410257 0.25157275320512823 0.6149491602564102 0.22719918269230768 0.6099143653846154 0.19881934615384614 0.6118864006410256 0.18943923397435897 0.6148299326923077 0.14169990064102564 0.6429837532051282 0.1277515608974359 0.6555697115384616 0.10825934935897435 0.6873150705128206 0.1092930576923077 0.7075527596153847 0.11398778525641025 0.7296245833333332 0.1422214358974359 0.7796501121794872 0.15146883333333333 0.7822701538461538 0.15666019230769232 0.781107875 0.17109169551282052 0.7917218012820513 0.17966308333333333 0.7937114615384616 0.18883064743589745 0.7940453141025642 0.19647926923076925 0.7977021794871795 0.2030454519230769 0.7984538717948718 0.2131015673076923 0.7961407243589743 0.2169523173076923 0.7940442756410256 0.22550815705128208 0.7862245769230769 0.28438190384615386 0.7491800256410256
4 0.0011788205128205127 0.35515860897435897 0.0026125865384615385 0.35510854166666667 0.00256936217948718 0.353870733974359 0.001135596153846154 0.3539208012820513 0.0011788205128205127 0.35515860897435897
3 0.1419124326923077 0.5367024391025641 0.13274486858974358 0.5363685833333334 0.12075197115384616 0.539403358974359 0.1149644455128205 0.5422214358974359 0.09634523397435897 0.5615104391025642 0.09290091666666667 0.565881673076923 0.09142759615384616 0.5705110769230769 0.09037211538461538 0.5777418589743589 0.09132184294871795 0.5862106057692308 0.1152174358974359 0.6056499391025641 0.12475721794871796 0.607278782051282 0.13895646474358975 0.601877983974359 0.1446527564102564 0.5964471217948718 0.15277209294871794 0.5948555993589744 0.1672523237179487 0.5881370064102565 0.17301289102564102 0.5751829743589744 0.17430373076923078 0.565328 0.17180084615384614 0.5592024711538461 0.16734977884615385 0.5534719615384616 0.15219665064102564 0.5409212596153846 0.1419124326923077 0.5367024391025641
3 0.9001720865384616 0.4323982403846154 0.8920071314102563 0.43268336858974354 0.8772003044871794 0.43941336858974356 0.8763459647435897 0.4430401666666667 0.8816327115384616 0.4539734358974359 0.8821988173076923 0.46082059294871797 0.8798711570512819 0.46907679166666666 0.881933391025641 0.4719477467948718 0.8901667820512821 0.47362220833333335 0.9035002852564102 0.471521608974359 0.9121701730769232 0.46696789423076923 0.9189903749999999 0.45626583653846153 0.9195181153846155 0.45265044871794874 0.9179608108974359 0.4455109038461539 0.9145009423076923 0.44007278205128203 0.9080902820512821 0.43441071153846156 0.9001720865384616 0.4323982403846154
3 0.7838750897435898 0.39820082371794874 0.7836438814102564 0.4103077724358975 0.785390923076923 0.4135167275641026 0.7900773525641025 0.4166230384615385 0.7976689487179487 0.4186469134615385 0.8045275096153847 0.4184074070512821 0.811610032051282 0.4152171121794872 0.8147391506410256 0.4111838782051282 0.8171995224358974 0.39736410256410254 0.8140320352564102 0.3909347852564103 0.8110242211538462 0.3890778397435897 0.7958866474358974 0.38633649038461537 0.7894573301282052 0.3895039743589743 0.7859902019230769 0.3932220128205128 0.7838750897435898 0.39820082371794874
3 0.9346992275641025 0.40045485256410257 0.9394084647435897 0.404214358974359 0.9463582692307693 0.4065876378205128 0.9568208237179487 0.4065492756410256 0.9638463141025642 0.4017259871794872 0.9669526249999999 0.3970395608974359 0.9667587403846155 0.391487391025641 0.9636026602564102 0.38538466666666665 0.9598732147435897 0.3815909455128205 0.9525854070512819 0.37890246794871796 0.9418304743589744 0.37993203205128206 0.9345240032051282 0.3860731185897436 0.9330620897435897 0.3910291185897436 0.9346992275641025 0.40045485256410257
3 0.5499218814102564 0.7497170608974358 0.5303747115384615 0.7330688461538462 0.5254187115384615 0.7316069294871794 0.5124003974358974 0.7333695256410256 0.4940466089743589 0.741531375 0.4851299615384615 0.7483826858974358 0.48114028205128206 0.7933205384615385 0.482512 0.8138734198717948 0.48815541025641024 0.8162923237179487 0.49107198397435897 0.8155364775641026 0.4961192243589744 0.8196111794871794 0.4951850512820513 0.8209517884615385 0.4979346987179487 0.8247797307692307 0.5077025833333334 0.8329405384615385 0.5573455256410257 0.8312069679487178 0.5604176217948719 0.8255407467948718 0.5640931474358974 0.8090625673076923 0.56737675 0.7719972852564103 0.5645700801282051 0.7665363557692307 0.5537197532051282 0.755470375 0.5499218814102564 0.7497170608974358
2 0.8501040512820512 0.4406865897435897 0.8443735480769231 0.44513765705128205 0.8403102467948719 0.4505114967948718 0.837948375 0.45778790064102565 0.8383133365384615 0.4682390448717949 0.8407591955128205 0.47273158653846153 0.8437898205128206 0.47524172756410255 0.8589616089743589 0.478962875 0.8700773557692307 0.4789016987179487 0.8745698974358975 0.47645583974358974 0.8796243942307692 0.47137438461538456 0.882863419871795 0.46112438141025647 0.8835923012820512 0.45390500320512817 0.8817540192307692 0.4480832564102564 0.8769421378205129 0.44138436538461534 0.8667035384615384 0.4384719391025641 0.8568827788461538 0.4381608974358974 0.8501040512820512 0.4406865897435897
2 0.7024453301282052 0.49162246794871794 0.6960502275641026 0.4957697467948718 0.6866742628205128 0.5081960352564102 0.6862833814102565 0.515730608974359 0.6900055673076922 0.5286804903846154 0.6952238846153846 0.5376541666666667 0.7012281121794872 0.5410414551282051 0.7104526987179487 0.5430083044871795 0.7254762211538461 0.5424836698717949 0.7370056570512821 0.5355411217948718 0.7441524615384615 0.5248276602564103 0.7439129551282051 0.5179690961538461 0.7359750544871795 0.4966645192307692 0.7335520064102564 0.49282517307692303 0.7269402051282051 0.4907670865384615 0.7177384262820513 0.4894534391025641 0.7024453301282052 0.49162246794871794
2 0.7391269743589743 0.3902805608974359 0.7411021185897436 0.400021483974359 0.7431415416666667 0.4022392435897436 0.7484583557692307 0.40466954807692307 0.7553625384615384 0.4057364358974359 0.7592475064102564 0.40461977884615385 0.7655969903846154 0.39916610576923073 0.7690641153846154 0.3954480705128205 0.7705032211538462 0.3898388717948718 0.7659266987179487 0.3805157884615385 0.7582552660256411 0.3762057275641026 0.7510701025641026 0.3764566378205128 0.7439989903846155 0.37997353525641026 0.7405204615384615 0.38336497115384616 0.7391269743589743 0.3902805608974359
3 0.7117159551282051 0.5229994134615384 0.7130419423076924 0.522953108974359 0.713008298076923 0.5219896442307692 0.7116823076923077 0.5220359487179487 0.7117159551282051 0.5229994134615384
2 0 0.3786974038461538 0.008194769230769231 0.3782006698717949 0.012068326923076923 0.3767574166666667 0.015535455128205129 0.37303937820512817 0.017639160256410255 0.36773396794871793 0.01735403205128205 0.3595690128205128 0.014444714743589744 0.35116869551282054 0.011041871794871795 0.3473635673076923 0.0070428589743589745 0.3452142371794872 0 0.3438459358974359 0 0.3786974038461538