3 0.12470689743589744 0.479364641025641 0.24909478205128208 0.48588353205128204 0.2529733557692308 0.4118759455128205 0.12858547115384616 0.4053570544871795 0.12470689743589744 0.479364641025641
2 0.008389548076923076 0.3285117307692308 0.06074146153846154 0.33125537820512824 0.06289958333333333 0.2900759391025641 0.010547673076923078 0.2873322916666667 0.008389548076923076 0.3285117307692308
2 0.4179853044871795 0.37119059615384614 0.5135684166666667 0.37619989423076927 0.5153951346153846 0.3413440384615385 0.4198120224358974 0.33633474038461536 0.4179853044871795 0.37119059615384614
3 0.7019168974358975 0.5242497564102564 0.8623468108974359 0.5326575320512821 0.8664421217948719 0.45451437179487175 0.7060122051282052 0.4461065961538462 0.7019168974358975 0.5242497564102564
3 0.8243016217948718 0.3959364935897436 0.8539559487179488 0.39749061217948717 0.8552849294871796 0.37213215384615383 0.8256306025641026 0.37057803525641025 0.8243016217948718 0.3959364935897436
3 0.8487415641025641 0.3934762564102564 0.8695316538461538 0.3945658173076923 0.8707165641025642 0.3719563974358975 0.8499264711538461 0.37086683333333337 0.8487415641025641 0.3934762564102564
3 0.9290820769230769 0.39229409935897436 0.9453839423076923 0.3931484423076923 0.9466654583333334 0.3686956442307692 0.930363592948718 0.3678413012820513 0.9290820769230769 0.39229409935897436
2 0.8288239839743589 0.3705243846153846 0.8570516987179487 0.3720037371794872 0.8576149615384616 0.3612560480769231 0.8293872467948719 0.3597766955128205 0.8288239839743589 0.3705243846153846
2 0.8621297211538461 0.38023021474358976 0.8813088557692308 0.38123534935897435 0.8821732820512821 0.3647411282051282 0.8629941474358974 0.36373599358974357 0.8621297211538461 0.38023021474358976
2 0.8949116121794872 0.39111408974358974 0.9269623269230769 0.39279379807692305 0.9283874967948719 0.36559997756410256 0.8963367788461539 0.3639202724358975 0.8949116121794872 0.39111408974358974
3 0.9466790576923076 0.4003328141025641 0.9737205993589745 0.40175 0.9749722948717948 0.3778662435897436 0.9479307499999999 0.3764490544871795 0.9466790576923076 0.4003328141025641
3 1 0.38619392628205124 0.9907311506410256 0.3857081666666667 0.9892576794871795 0.4138236762820513 1 0.414386657051282 1 0.38619392628205124
2 0.9995389935897435 0.5218894711538461 0.9314302179487179 0.5183200416666667 0.9282635961538462 0.5787427403846154 0.996372375 0.5823121698717949 0.9995389935897435 0.5218894711538461
2 0.9571428974358974 0.3736488525641026 0.9885123685897437 0.375292858974359 0.9898543685897436 0.3496859455128205 0.9584849006410255 0.3480419423076923 0.9571428974358974 0.3736488525641026
2 0.9758230673076923 0.4051070128205128 0.9884622275641026 0.4057694006410256 0.989792048076923 0.3803949134615384 0.9771528878205127 0.37973252243589745 0.9758230673076923 0.4051070128205128
2 0 0.7649267724358975 0.021403346153846155 0.7660484743589744 0.026283695512820515 0.6729258653846154 0 0.6715483942307693 0 0.7649267724358975