2 0.3399408044871795 0.5555117532051282 0.3404368012820513 0.5649758878205129 0.3418619230769231 0.5671919198717948 0.3413460480769231 0.569836923076923 0.3427540673076923 0.571726608974359 0.341568391025641 0.574079467948718 0.34240645192307695 0.5900705929487179 0.356965516025641 0.6181052211538461 0.3618080608974359 0.6230873685897436 0.36550052884615386 0.6248573301282051 0.3691416826923077 0.6256482435897436 0.37252489743589745 0.6277616570512821 0.3770937916666667 0.6275222115384615 0.37819256410256413 0.6297553493589744 0.37984141666666665 0.6299961794871795 0.37893077884615384 0.6313528910256411 0.3800124487179487 0.6332596762820513 0.38906333012820515 0.637366782051282 0.3959152852564103 0.6432253557692308 0.40120528846153847 0.6442571025641026 0.42082046474358975 0.6438836089743589 0.42250352243589745 0.6447771378205128 0.422915391025641 0.6463917852564103 0.42207316987179483 0.6490538878205129 0.42616039423076923 0.6521121442307692 0.44062239102564105 0.6533177019230769 0.46398273076923074 0.6494754711538462 0.471420358974359 0.6477766987179487 0.47923703205128204 0.6408221249999999 0.48476786858974363 0.6402050192307692 0.49151858974358975 0.6378877532051282 0.4964152211538462 0.6314134647435897 0.5014828814102564 0.6282026634615385 0.5062255833333333 0.6187912243589744 0.5071718141025641 0.6118694711538462 0.5108314615384615 0.6067689903846154 0.513959516025641 0.5977694166666666 0.5191311891025641 0.5902989743589744 0.5187720192307692 0.5834456314102564 0.5253530961538462 0.5716471282051282 0.5260427756410256 0.5598301346153846 0.5286036506410257 0.5524965128205128 0.5282615833333333 0.5459695256410256 0.5238309038461538 0.5426020192307692 0.5202766538461538 0.5372251121794872 0.5166012916666666 0.5357815 0.5135800192307692 0.5280859358974359 0.5088229903846153 0.5247355384615384 0.5080505673076923 0.522485298076923 0.5056977083333333 0.521299625 0.5055950897435897 0.5193415256410256 0.5015762756410256 0.5175886666666667 0.5010446858974359 0.5136895769230769 0.4992590096153846 0.5108379487179487 0.4941756314102564 0.5075046506410257 0.49273340705128205 0.5049622692307693 0.49038054487179483 0.5037765929487179 0.489608125 0.5015263525641026 0.4876329230769231 0.501302625 0.4855722051282051 0.4994471442307692 0.485452483974359 0.49716269871794877 0.47722672435897434 0.4900671378205128 0.47681485576923077 0.48845249038461536 0.47030635576923074 0.48290316346153844 0.4581972179487179 0.4828832852564102 0.4568418974358974 0.4757549038461538 0.4558115384615385 0.47482716666666663 0.4437195032051282 0.4751336378205128 0.43791362500000003 0.47674689102564105 0.4313524262820512 0.4764362596153846 0.4301325448717949 0.47813641987179484 0.4300969551282051 0.48370146474358977 0.4278809198717949 0.4851265865384616 0.39100342307692304 0.4870592532051282 0.38748199358974356 0.48855278525641027 0.38749770833333336 0.4950968814102564 0.38656996794871795 0.49612723717948715 0.37513063141025643 0.4963995064102564 0.3727648301282051 0.47623424679487175 0.37298995192307693 0.4680413012820513 0.3708108974358974 0.4576836346153846 0.37074248717948716 0.45637823397435895 0.3698304615384615 0.46395268589743593 0.3680433974358974 0.4673188012820512 0.367938 0.4777961923076924 0.36706157371794873 0.47980560256410254 0.37143677884615384 0.5008472884615385 0.3692549519230769 0.5029251089743589 0.3687561826923077 0.5058964615384616 0.3628634006410256 0.5120957147435897 0.35999327884615384 0.5197727852564102 0.354614983974359 0.5295447788461539 0.34841295512820514 0.536087483974359 0.3479141858974359 0.5390588397435898 0.3410238653846154 0.5512007948717949 0.3399408044871795 0.5555117532051282
2 0.379009391025641 0.43303777564102564 0.3801081666666667 0.4352709134615385 0.3833032467948718 0.43379448397435894 0.3834414583333333 0.4301875320512821 0.3883722980769231 0.4243659391025641 0.39660083653846157 0.4190260128205128 0.3983023846153846 0.41402815064102566 0.39986571794871795 0.412637233974359 0.40987993269230766 0.4101489358974359 0.42360510576923077 0.4035392051282051 0.43073348397435895 0.40218388782051284 0.4510355673076923 0.4024288814102564 0.4578875224358974 0.40828745833333335 0.46182081730769237 0.40840857051282053 0.4627656602564103 0.4077045608974359 0.4620103429487179 0.4057806666666667 0.46486335897435893 0.39777725 0.4666989583333333 0.40782566987179486 0.4792527820512821 0.4163306378205128 0.477414407051282 0.41871770192307695 0.4778262724358974 0.4203323461538461 0.4843190576923077 0.4193375833333333 0.48701536858974354 0.42083250641025644 0.4919448205128205 0.4212286538461538 0.494658233974359 0.4230499262820513 0.5009272884615384 0.42403036217948714 0.5018721282051282 0.42332635256410256 0.5017353044871795 0.4207155576923077 0.49711509935897435 0.4199759551282051 0.5002588717948718 0.4175204743589744 0.497304625 0.4173480576923077 0.4955702564102564 0.4154754743589743 0.4970651794871795 0.4127791634615385 0.49613882692307687 0.4075917756410256 0.5025803012820513 0.4056179615384615 0.5008288301282052 0.40341903525641026 0.49631124679487176 0.4046375256410257 0.49385576923076924 0.4014937532051282 0.4954033878205128 0.3935587467948718 0.4971733493589744 0.38986628205128204 0.4947691826923077 0.3877015576923077 0.492778266025641 0.380933733974359 0.4917479038461538 0.3800059935897436 0.4832970256410256 0.3811033782051282 0.4798967019230769 0.37866361538461535 0.47599899999999995 0.3729774615384615 0.4684074423076923 0.37173908974358977 0.4592710448717949 0.36600023397435894 0.4424219807692308 0.36295630448717947 0.44062705769230764 0.36305037179487176 0.427186173076923 0.3657182564102564 0.41306624038461537 0.37103969230769235 0.4093381794871795 0.37483477884615385 0.40457976602564105 0.3777021217948718 0.39712364743589745 0.38529228846153846 0.39360082692307696 0.3930035673076923 0.3911097532051282 0.3954248397435898 0.38538800320512817 0.40488758974358974 0.38164145512820513 0.4145740641025641 0.3823269743589744 0.42141030448717953 0.3795608621794872 0.4248277275641026 0.3796634807692308 0.4267858237179487 0.38215316346153844 0.4305822980769231 0.379009391025641 0.43303777564102564
2 0.9281872243589743 0.40294759935897434 0.9354894102564103 0.3924202884615385 0.9389452051282051 0.37718586858974357 0.9381057596153846 0.367412483974359 0.935856907051282 0.36196716346153845 0.9247980064102563 0.3507658846153846 0.9165024391025641 0.34858266987179487 0.9033800480769231 0.34796140064102565 0.9015035352564101 0.34805974358974356 0.8958740096153847 0.3483547756410256 0.8884876923076924 0.35103259935897435 0.8837463782051281 0.35422629166666664 0.8756717692307692 0.36250336538461536 0.8733688301282052 0.368514483974359 0.871167125 0.3827014391025641 0.8717144294871795 0.3931446282051282 0.872847407051282 0.3960304647435897 0.8791150737179487 0.40322864423076926 0.887873810897436 0.4080055512820513 0.9020607724358976 0.4102072564102564 0.9206113846153846 0.40825332371794876 0.9247684134615384 0.4063992307692308 0.9281872243589743 0.40294759935897434
2 0.753796407051282 0.3348570128205128 0.7470484615384615 0.3247387884615384 0.7435968301282051 0.3213199775641026 0.7382726185897436 0.31963553525641025 0.7313850705128205 0.3193420032051282 0.7297533237179488 0.31942751923076923 0.7215945865384615 0.3198550993589744 0.7142253749999999 0.3228592692307692 0.7087102532051283 0.3300204679487179 0.7025581442307692 0.343759967948718 0.7031581442307693 0.34896445833333334 0.7079479935897436 0.3591853012820513 0.7138893076923077 0.3664005833333333 0.7183028878205128 0.3694417371794872 0.7314252788461538 0.3700630064102564 0.7417829487179487 0.36788395192307694 0.7472111666666666 0.36530875 0.7529329166666666 0.355846 0.7555806955128205 0.3439263846153846 0.753796407051282 0.3348570128205128
2 0.6805572852564102 0.33607734615384616 0.6791862532051283 0.3224048717948718 0.6692603269230769 0.3140894294871795 0.6622701634615384 0.3118378012820513 0.6605568269230769 0.31192759294871797 0.651844080128205 0.31271145512820514 0.6409363333333333 0.31688281089743586 0.637826766025641 0.31999099038461537 0.6349053365384615 0.3266890128205128 0.6348854583333333 0.33879815064102564 0.6362065705128206 0.3452738301282051 0.6424571346153847 0.3521456634615384 0.6468878141025641 0.35551316346153844 0.6512329775641026 0.35724891987179486 0.6623117564102564 0.3563410576923077 0.6710034711538462 0.3535948269230769 0.6763974871794871 0.3503669262820513 0.6795255416666667 0.34136734935897434 0.6805572852564102 0.33607734615384616
2 0.4962950801282051 0.3231541538461538 0.4973952403846154 0.3191695448717949 0.49710448397435897 0.31362160576923076 0.49432404487179493 0.3042771891025641 0.48446653205128204 0.29726714743589744 0.48115172756410257 0.2964591314102564 0.47854093269230763 0.2965959583333333 0.47079405769230764 0.2986381826923077 0.4667054455128205 0.30179766987179485 0.4639735384615385 0.30586779166666667 0.4632339358974359 0.31048799679487177 0.4644852467948718 0.32187602564102563 0.46592747115384614 0.32441840705128205 0.46761052884615384 0.3253119391025641 0.47540871153846154 0.32424876282051285 0.4771430801282051 0.326121342948718 0.47652319871794874 0.3330259935897436 0.4788418525641026 0.3335589679487179 0.4830843942307692 0.333336625 0.4914155544871795 0.3299547948717949 0.4962950801282051 0.3231541538461538
4 0.5059334391025642 0.6194610288461538 0.5122408621794872 0.6024409294871794 0.5182376538461538 0.5919820320512821 0.5207629326923077 0.5902134583333334 0.5210735673076923 0.5836522596153846 0.5249398397435897 0.5762502275641026 0.5254228974358974 0.566734782051282 0.5277956346153846 0.5558113173076923 0.5270245993589744 0.5473433365384616 0.523436141025641 0.5413137275641026 0.5235572532051282 0.5373804294871795 0.5215478461538462 0.536504 0.5248298333333333 0.5304415737179488 0.5245390769230769 0.5248936314102565 0.5202808173076924 0.5185718782051282 0.5154724775641026 0.5142424326923076 0.5117471923076923 0.5056020288461539 0.5018383750000001 0.4976129358974359 0.4975103173076923 0.4962035288461539 0.49070967307692304 0.49132400000000004 0.48408006089743594 0.4897079679487179 0.48018097115384617 0.4902395576923077 0.47016953205128204 0.48029236858974356 0.45874868269230773 0.4746732371794872 0.4521703846153846 0.47403625320512827 0.43293286538461534 0.4753716955128205 0.40450486217948717 0.4824247243589744 0.3907112820512821 0.48772905769230773 0.37576622756410255 0.4960389487179487 0.3740318621794872 0.49416636538461534 0.3735515801282051 0.49124632371794874 0.3726807051282051 0.46838475320512823 0.37074248717948716 0.45637823397435895 0.36742490384615384 0.4680057083333334 0.3669247467948718 0.4771948044871795 0.3672155032051282 0.4827427467948718 0.3709907083333333 0.49857994230769226 0.3674336826923077 0.5056385224358975 0.3627778846153846 0.5104639647435898 0.3569008173076923 0.523207314102564 0.35107644871794874 0.5307119647435897 0.34758783653846154 0.5390759423076924 0.3414884262820513 0.5475767435897436 0.3396144583333333 0.5555288557692308 0.34166823397435897 0.5884730512820513 0.357703733974359 0.6197027628205128 0.36148171474358975 0.6231044743589743 0.3881355929487179 0.638397141025641 0.39569155448717946 0.6452005576923077 0.4124024038461538 0.6518514358974359 0.430145 0.6532123044871795 0.43512575961538463 0.6545875032051283 0.44393719551282057 0.6541257147435897 0.4704926185897436 0.6488070544871795 0.4774841730769231 0.6448409391025641 0.4849046955128205 0.6428158141025642 0.4986996666666667 0.6312937403846154 0.5059334391025642 0.6194610288461538
4 0.48758532692307693 0.4067310641025641 0.4867958012820513 0.4041544743589744 0.4809742083333333 0.3992236346153846 0.4785372179487179 0.390188467948718 0.47408943589743596 0.3864946185897436 0.47642658012820516 0.38113619871794874 0.47809253525641027 0.3817033814102564 0.4795874551282051 0.3790070673076923 0.47409221474358976 0.3740591282051282 0.4708971314102564 0.37553555769230773 0.4672388717948718 0.3744182980769231 0.4664835544871795 0.37249440384615384 0.46737708653846155 0.37081134615384614 0.4643886314102564 0.36998623076923076 0.4596145 0.36630948076923076 0.4503056794871795 0.36352487820512824 0.4355857467948718 0.36364182371794873 0.42170664423076926 0.36731441025641026 0.41306624038461537 0.37103969230769235 0.4026900801282051 0.37911013782051284 0.39406539102564103 0.389379516025641 0.38480372115384615 0.40622719230769233 0.37811725 0.42850308653846153 0.3778921314102564 0.4366960320512821 0.3764485192307692 0.4403713942307692 0.3836111057692308 0.43966877243589747 0.3841625737179487 0.4314587243589744 0.3986116314102564 0.4136846955128205 0.42197335897435895 0.4036247211538462 0.4290846346153846 0.40194305128205127 0.4513790224358974 0.4027381282051282 0.4620787564102565 0.4070860673076923 0.4655830833333333 0.4052661858974359 0.47921857692307696 0.4156779358974359 0.4870851698717949 0.41592016025641027 0.48521397756410256 0.4114367820512821 0.48758532692307693 0.4067310641025641
2 0.3420967916666667 0.2844391858974359 0.3381107916666667 0.28955676923076923 0.3377132564102564 0.30070396474358974 0.33917258333333333 0.3035726955128205 0.345646875 0.30846932692307694 0.35232779807692305 0.3110644102564103 0.35591764102564105 0.31087627243589744 0.3625657435897436 0.306600907051282 0.3650937980769231 0.29239684615384615 0.36190010256410254 0.28765553525641024 0.35743521474358975 0.28363533333333335 0.35145830448717946 0.28198509294871793 0.34884750961538463 0.2821219198717949 0.3420967916666667 0.2844391858974359
3 0.19040521474358973 0.711918201923077 0.18903140384615386 0.710681217948718 0.18959858653846154 0.7090152628205129 0.19289628846153845 0.7094969294871795 0.19605716346153845 0.7073678012820513 0.20373700961538463 0.6978024326923077 0.21140114102564103 0.6816929711538462 0.21205523076923077 0.6754410192307692 0.20795228525641024 0.665838669871795 0.20120433974358973 0.6557204487179487 0.19711711538461538 0.6526621923076923 0.16656414743589742 0.6379011121794872 0.152033733974359 0.6353901602564103 0.14258670192307693 0.6362125032051282 0.12839835576923078 0.6402285384615385 0.12209370833333334 0.6448131506410256 0.11652727564102563 0.6509953012820513 0.09741964423076924 0.6860302564102564 0.09346646794871795 0.6980182884615385 0.09339666666666667 0.7029306314102565 0.09538758333333333 0.7096984583333333 0.10289084615384617 0.7217405705128205 0.1063253717948718 0.724833032051282 0.12449555448717949 0.7343526442307692 0.14981121153846155 0.7428432788461539 0.1576778076923077 0.7430855032051282 0.16056364423076924 0.7419525224358974 0.16623130769230768 0.7439462147435898 0.17241484615384617 0.7432949038461538 0.17755092307692308 0.7413895032051282 0.18406219551282052 0.7345033429487179 0.19131446153846154 0.7167792403846154 0.19040521474358973 0.711918201923077
3 1 0.5579999230769231 0.9949686698717949 0.5532532916666667 0.9875837371794872 0.5497133653846153 0.9684673301282052 0.5471155128205129 0.9622666891025642 0.5474404743589744 0.9526643397435897 0.5515434134615385 0.939351032051282 0.5597677916666667 0.9227215384615385 0.5734018942307691 0.9075855705128205 0.5905574294871795 0.907584185897436 0.5967751730769231 0.910329032051282 0.6116846314102564 0.9131792756410255 0.6161166987179487 0.9158755865384615 0.6176116217948718 0.9204615833333333 0.6176985256410256 0.9381200512820513 0.6112099070512821 0.950745064102564 0.6085847820512821 0.9789308429487179 0.6093983461538461 0.9896134743589744 0.6134199358974359 1 0.6232789455128205 1 0.5579999230769231
3 0.861090983974359 0.27785634294871797 0.8573458237179487 0.28132507692307696 0.8543730833333333 0.2870440512820513 0.8523437980769231 0.29827675961538463 0.8531148333333334 0.3067447435897436 0.8593653942307693 0.3136165737179487 0.8657883782051281 0.317534157051282 0.8710783814102564 0.31856590384615385 0.8860391506410256 0.31680010256410257 0.892137173076923 0.31451704807692304 0.8983563044871795 0.3083006891025641 0.9020686474358975 0.2979615096153846 0.9033597179487179 0.2851312628205128 0.8990843525641026 0.2784831602564103 0.8929877211538462 0.2745484743589744 0.8834038621794872 0.27276002564102564 0.8687523397435897 0.2741823685897436 0.861090983974359 0.27785634294871797
3 0.5264860705128205 0.5745329647435897 0.5226369038461538 0.5822613461538462 0.5222920608974359 0.588169842948718 0.5273213557692308 0.6029595801282052 0.5287437019230768 0.6176110993589743 0.5389460512820513 0.6187126474358974 0.5598324230769232 0.6176180384615385 0.5656211987179487 0.6156784326923077 0.5661541730769232 0.6133597788461538 0.5649185769230769 0.6085158461538461 0.5624459935897436 0.6050457275641026 0.5596484487179487 0.5953749615384616 0.5564547564102564 0.5906336474358974 0.544193076923077 0.5814588814102564 0.5300759166666668 0.5743448301282051 0.5264860705128205 0.5745329647435897
3 0.6652271858974359 0.29957473076923075 0.6638348846153846 0.304229141025641 0.6613780160256411 0.30730311217948714 0.6614806378205128 0.30926121153846153 0.6736910064102565 0.31745692948717946 0.6781729967948719 0.32180348076923077 0.6803349455128205 0.3318348044871795 0.6901596378205128 0.33197440384615384 0.6977525801282051 0.32699503205128205 0.7033730961538461 0.3093564423076923 0.6986174551282052 0.2997882980769231 0.6923497916666667 0.2925901185897436 0.6859952211538461 0.2899779358974359 0.6713436987179487 0.29140028205128204 0.6652271858974359 0.29957473076923075
3 0.49788936217948715 0.49094773076923076 0.5018896858974359 0.498591983974359 0.5044847660256411 0.49191106089743586 0.506958733974359 0.48916344230769226 0.5064955576923077 0.48656975 0.5083168301282052 0.48385633012820517 0.507252266025641 0.482275891025641 0.5003476153846154 0.48165601282051285 0.4986474551282051 0.48043613141025643 0.4982711826923077 0.4732564423076923 0.5035796826923077 0.4683967948717949 0.5015873782051282 0.46784671474358974 0.4990121730769231 0.46241849679487185 0.49674899358974356 0.44421133653846157 0.49178533653846157 0.44316248717948714 0.48893370833333333 0.4449481634615384 0.4843819166666667 0.4455139551282051 0.4838133493589744 0.4533976538461539 0.4822671153846154 0.45511491987179487 0.47118833653846154 0.4560227788461539 0.4715817083333333 0.4635288205128205 0.4739687788461539 0.4653671955128206 0.475204375 0.470211125 0.4769387403846154 0.47208370833333335 0.48281303205128207 0.4717758493589743 0.48586990064102564 0.4739063685897436 0.4859369294871795 0.4814295096153846 0.4912098301282051 0.4821349038461538 0.49261784615384613 0.48402458974358975 0.4922730064102564 0.48993308653846157 0.49788936217948715 0.49094773076923076
3 0.3821337724358974 0.28659513141025644 0.382337625 0.2967290705128205 0.3856510416666667 0.30375483012820514 0.38946322756410257 0.3078092371794872 0.39277803205128203 0.3086172564102564 0.40449241025641025 0.3073488365384615 0.4082546762820513 0.30420645192307694 0.41083265384615386 0.2971991858974359 0.40942602243589743 0.2890917564102564 0.40748641346153847 0.28330298076923077 0.40305573397435895 0.27993547756410253 0.3977657307692308 0.2789037307692308 0.38864504807692307 0.27970897435897435 0.38514071794871796 0.28152885576923076 0.3821337724358974 0.28659513141025644
3 0.5096310384615385 0.29038515064102566 0.5068663141025641 0.28758483333333335 0.4995326955128205 0.2850239583333333 0.49077257051282047 0.2864647948717949 0.4863062948717949 0.2886623365384615 0.4841415705128205 0.2910665064102564 0.48247423076923074 0.2967170673076923 0.4842770096153846 0.2998950448717949 0.4872483621794872 0.3003938173076923 0.4920566987179487 0.3047232628205128 0.4945634903846154 0.30884608333333335 0.4940305128205128 0.3111647403846154 0.4954043269230769 0.31240172435897434 0.4970859967948718 0.319513 0.49943885256410253 0.32069867307692307 0.505536875 0.3184156153846154 0.5095228685897436 0.31329803205128204 0.5125996185897436 0.3033194070512821 0.5121891410256411 0.29548701923076925 0.5096310384615385 0.29038515064102566
3 0.6006894935897436 0.2545246217948718 0.5998301698717948 0.2568603782051282 0.6005156891025641 0.26369661538461536 0.6077452980769231 0.27051713782051284 0.6117299038461539 0.2716172980769231 0.6227573782051282 0.2697303878205128 0.6252484487179487 0.2673091153846154 0.6299056346153846 0.2562659262820513 0.6289792820512821 0.2510785448717949 0.6261461442307692 0.2469728237179487 0.6233985256410256 0.24449885256410256 0.6167347083333333 0.24223012500000002 0.6108775192307692 0.24286433333333335 0.6060848942307693 0.24507897756410257 0.6006894935897436 0.2545246217948718
3 0.533257641025641 0.24791395512820513 0.5322758173076922 0.26040075320512823 0.5337180448717949 0.2629431346153846 0.5378052692307692 0.266001391025641 0.541154282051282 0.2674621057692308 0.5467022211538461 0.26717135256410257 0.5518725064102564 0.2659186506410256 0.5559782243589744 0.2630855128205128 0.557817983974359 0.2544807019230769 0.5547454006410256 0.24580609294871797 0.552341233974359 0.24364136538461537 0.5469999166666667 0.24163057371794872 0.5395109807692308 0.24235029487179488 0.5356803044871794 0.24418728205128204 0.533257641025641 0.24791395512820513
3 0.47427250961538464 0.2588591346153846 0.4757489391025641 0.2620542179487179 0.47914926282051284 0.26449398076923075 0.4896266538461539 0.26459937820512824 0.49411002884615385 0.2627281826923077 0.4978038814102564 0.2582803974358974 0.49830265064102564 0.2553090448717949 0.49632883974358977 0.2488675737179487 0.49315224679487185 0.244452608974359 0.48911632692307694 0.24237340064102567 0.4832078301282051 0.2420285641025641 0.47776250961538463 0.24427741346153845 0.47382782371794874 0.2503740448717949 0.47427250961538464 0.2588591346153846
3 0.4662034134615385 0.4733008141025641 0.4665653589743589 0.46771866346153845 0.464540233974359 0.46029814102564104 0.4661220608974359 0.4530158333333333 0.4642009487179487 0.4413356634615385 0.4655590384615385 0.4360285544871795 0.46466966987179487 0.4190583814102564 0.46278276282051284 0.40803091025641025 0.4507263205128205 0.40277233653846156 0.42875828525641024 0.4019601570512821 0.41396854807692307 0.40698944871794873 0.41027469551282053 0.4114372307692308 0.39957357692307693 0.4133070384615385 0.3969271858974359 0.4190089102564103 0.3984877435897436 0.43005348397435894 0.3975600064102564 0.43108384294871793 0.3861377724358975 0.4316824551282051 0.3848836858974359 0.43272991666666666 0.3843151121794872 0.4406136153846154 0.3749364935897436 0.44274135576923074 0.3711557371794872 0.45177513461538465 0.36917776282051284 0.4639868942307693 0.366307641025641 0.47166396474358974 0.36632335576923075 0.47820806089743595 0.3719397147435898 0.4792227019230769 0.3730042756410257 0.48080314102564103 0.3733292403846154 0.48700378205128203 0.36882875961538464 0.48854862499999996 0.3679523301282051 0.490558032051282 0.36923923717948715 0.49638101282051283 0.3715407884615385 0.49658764102564096 0.38306702884615385 0.49172937820512824 0.3893716730769231 0.48714476923076927 0.4186247980769231 0.47710328846153843 0.44784232371794874 0.47262684935897437 0.4610160288461538 0.4742271634615385 0.4662034134615385 0.4733008141025641
6 0.4716658397435897 0.47137831089743587 0.4741042147435897 0.474195733974359 0.47424104166666664 0.4768065288461538 0.4769544551282051 0.4786278012820513 0.48016525641025637 0.48369546153846155 0.4892674487179487 0.4887816185897436 0.5009277371794872 0.4989696442307692 0.5051873878205128 0.4990736474358975 0.5061322275641026 0.4983696410256411 0.5053598044871794 0.49611939743589745 0.5071981794871795 0.49373233333333333 0.5074746089743589 0.48651843910256415 0.5090037371794872 0.48447482371794875 0.5076484166666666 0.47734644551282057 0.5107921891025641 0.4748909647435897 0.5092473461538461 0.47039048397435895 0.5104330192307692 0.468037625 0.508596032051282 0.46420694551282055 0.5055049583333333 0.46142373076923077 0.5057813878205129 0.45420983653846153 0.5037206698717949 0.4523543557692308 0.5035667403846154 0.4494172115384615 0.501179673076923 0.44757883974358975 0.5036707467948718 0.44515756410256413 0.5032431666666667 0.43699882692307696 0.4977650256410256 0.43237723717948723 0.4964781185897436 0.4265542564102564 0.486053423076923 0.4212101634615385 0.4723666217948718 0.40981936217948717 0.468382016025641 0.4087192019230769 0.4652040352564103 0.41052198076923074 0.4597087916666667 0.4055740448717949 0.45237517307692304 0.40301316987179486 0.4372604743589743 0.40184182051282047 0.42910173717948713 0.40226940384615384 0.4200665705128205 0.40470639102564104 0.39866294230769234 0.4146637467948718 0.3918766282051282 0.42254605769230774 0.38735765384615384 0.42998229487179485 0.3752457403846154 0.4423979038461538 0.3714478814102564 0.4511053365384616 0.36659978525641024 0.47099416346153844 0.3677628076923077 0.4931859326923077 0.3693076506410256 0.4976864102564103 0.37289749679487183 0.4974982756410256 0.3855580993589744 0.4893081057692308 0.39770283333333334 0.48376293910256407 0.4273678205128205 0.4753361025641026 0.4406626346153846 0.4730031217948718 0.4517585192307692 0.472421608974359 0.45905792948717955 0.47432978205128207 0.46644285897435894 0.4778697083333333 0.46804040064102564 0.4771314903846154 0.46726798076923076 0.4748812532051282 0.4680930993589744 0.471892798076923 0.4716658397435897 0.47137831089743587
2 1 0.6231582596153846 0.9930309006410257 0.616186048076923 0.9845471987179487 0.6104129903846154 0.9733144903846155 0.6083837051282052 0.9455405737179488 0.6091847852564103 0.9384292980769231 0.6108664519230769 0.9353026282051281 0.6136482820512821 0.9301665512820514 0.6155536826923077 0.9162532467948719 0.6185735673076923 0.9112197884615384 0.6224370641025642 0.9101552243589744 0.620856625 0.9096421282051281 0.611066141025641 0.906776169871795 0.6000899807692307 0.9025350128205127 0.5940945769230769 0.8993085 0.5824828205128205 0.8914788846153846 0.5704578108974359 0.8852454262820513 0.5639123301282052 0.8818793108974359 0.5621252660256411 0.864206516025641 0.555852048076923 0.8569413108974359 0.5545965737179487 0.8247866378205129 0.5592269423076923 0.818018814102564 0.5612178557692308 0.8110272596153846 0.5651839711538462 0.8047226121794872 0.5697685801282051 0.7932976057692307 0.5828026826923077 0.7882456538461539 0.5925575737179487 0.7874547435897435 0.5961987307692308 0.7879507371794872 0.6056628653846153 0.792156298076923 0.6172233141025641 0.7933391987179487 0.6273059423076923 0.7998990096153846 0.6338343173076922 0.8046204423076923 0.6427497628205128 0.8065956442307692 0.6429734935897436 0.8155083108974359 0.6506875480769231 0.8177585544871795 0.6499151249999999 0.8205246666666667 0.6464976987179487 0.8189114102564102 0.6406918205128205 0.8155452948717948 0.6389047596153846 0.8160269583333334 0.6356070576923077 0.8170060096153846 0.6355557467948718 0.8216433173076922 0.6366216987179487 0.8240987948717949 0.6397654711538462 0.8252317756410256 0.6426513076923077 0.8258132852564103 0.6537471891025641 0.8283029679487179 0.6575436634615385 0.8306387275641026 0.6584029871794872 0.8359116282051281 0.6591083846153847 0.8476431057692307 0.6581663173076924 0.8706941987179487 0.6546675384615385 0.884882548076923 0.6506514999999999 0.8888671538461538 0.6517516634615385 0.8859272307692307 0.664341076923077 0.8875917980769231 0.6711260064102564 0.8923132339743589 0.6800414487179487 0.8985124871794872 0.6859342339743589 0.9063078942307692 0.6973065448717949 0.9125071474358973 0.703199326923077 0.9224829935897435 0.7187115608974359 0.9342630064102563 0.731184032051282 0.9405662692307692 0.7328171666666667 0.9583259679487179 0.7345043878205129 0.9766186442307693 0.7338729519230769 1 0.7287600288461539 1 0.6231582596153846