4 0.6826466282051282 0.6186032852564102 0.6935345641025641 0.6408729743589744 0.7106208269230769 0.6522161346153846 0.7234443205128205 0.6528881826923076 0.7595909935897436 0.6379054871794871 0.763342907051282 0.6276544134615385 0.7666259711538462 0.5956796858974359 0.7593673461538462 0.5808332243589743 0.7274732179487179 0.5606773237179487 0.6942349871794872 0.566168407051282 0.6833958653846154 0.5736370512820513 0.6759340416666667 0.593337733974359 0.6826466282051282 0.6186032852564102
4 0.763799233974359 0.4042581730769231 0.832809516025641 0.4062675128205128 0.8682421346153847 0.40490977884615387 0.8733029647435898 0.4003529871794872 0.8684873397435897 0.36956116346153844 0.8577708205128206 0.3593555 0.8295900128205128 0.34501989102564107 0.8086678269230769 0.3455307467948718 0.772311141025641 0.3645207820512821 0.7697841314102565 0.3820690801282051 0.7620248782051282 0.392110141025641 0.763799233974359 0.4042581730769231
4 0.8621732307692307 0.4287018076923077 0.8672340576923077 0.42414501602564103 0.8693830384615384 0.4138099358974359 0.8662191666666667 0.4128404519230769 0.8610743301282051 0.4190001826923077 0.8274966666666668 0.4156331121794871 0.8167835608974359 0.4206973493589744 0.8107986602564102 0.44288644230769225 0.8242976121794872 0.4460049006410256 0.8488456987179487 0.43764737500000006 0.8621732307692307 0.4287018076923077
4 0.7855297019230769 0.434329125 0.7991512532051283 0.4197732788461539 0.7938349967948718 0.4138689775641025 0.7777636314102564 0.41383038141025646 0.7711418653846154 0.4175016987179487 0.7752366217948718 0.4313786794871795 0.7855297019230769 0.434329125
6 0.6764278557692308 0.537910407051282 0.6741142724358975 0.5667212628205128 0.676224657051282 0.5724575512820512 0.6826364038461539 0.5727935769230769 0.687739233974359 0.5674353173076923 0.7000132788461538 0.5632565576923076 0.7210614711538462 0.560341298076923 0.7290761538461538 0.5607613301282052 0.7438420192307692 0.5703755416666666 0.7479333653846154 0.5689826217948718 0.7428657211538461 0.542999608974359 0.7273823942307692 0.5317404583333333 0.7044338365384615 0.5249120865384616 0.6856220352564103 0.5311592307692308 0.6764278557692308 0.537910407051282
6 0.16747612820512822 0.2355786987179487 0.15364115064102565 0.23887198717948716 0.1475654262820513 0.23212421474358974 0.12352137820512822 0.2308641185897436 0.1202315 0.23229904166666665 0.11255624679487178 0.24073716666666664 0.11146075961538461 0.2463054423076923 0.11601755128205128 0.2513662692307692 0.113361125 0.2560490705128205 0.11462803525641026 0.2625448237179487 0.1191008205128205 0.26920858974358974 0.12454308653846155 0.2727084871794872 0.13011136217948718 0.2738039775641026 0.15588435897435898 0.27274367307692304 0.1624641153846154 0.2698738237179487 0.17284120192307692 0.2712213333333333 0.17781802564102564 0.2682674807692308 0.17726516666666667 0.24814676602564104 0.17363585576923077 0.24072353205128208 0.16747612820512822 0.2355786987179487
6 0.24614603205128205 0.23729060576923075 0.23585295512820514 0.23434016025641027 0.2234914935897436 0.22485195833333335 0.2154768108974359 0.2244319262820513 0.2105419935897436 0.2265843108974359 0.20801158012820514 0.22886270833333333 0.20700009294871796 0.23282804487179484 0.2012638044871795 0.2349384294871795 0.19269967307692307 0.2296675833333333 0.1815211185897436 0.2282780705128205 0.18050963461538463 0.23224340705128205 0.18266202243589744 0.23717822756410256 0.18645934615384616 0.24139558333333333 0.1919436153846154 0.24409401282051282 0.18911918269230768 0.25198268589743594 0.18659217307692308 0.26953098076923077 0.20106060576923077 0.2694855705128205 0.2076403653846154 0.26661572435897435 0.2220247916666667 0.26817325 0.23573375961538462 0.2672843685897436 0.24391645512820512 0.26449852243589744 0.24729034294871796 0.26146066346153846 0.24749694871794872 0.2421834230769231 0.24614603205128205 0.23729060576923075
6 0.32114802884615384 0.24765065064102565 0.31798075320512825 0.23141126602564105 0.31281320833333337 0.23033677884615386 0.30713822435897437 0.2236100096153846 0.29752060256410257 0.22310597115384617 0.28942191346153845 0.224288875 0.28326559294871795 0.23441394230769233 0.27837277884615386 0.235764858974359 0.27702526602564104 0.2461419423076923 0.2784601923076923 0.2494318237179487 0.2765632307692308 0.2549580961538461 0.27728069551282053 0.25660303525641026 0.27618520512820516 0.2621713108974359 0.28019254807692306 0.2623813269230769 0.2852533782051282 0.25782453525641025 0.2898941730769231 0.2612824294871795 0.30111472756410257 0.26187047435897437 0.31566716666666667 0.26022212499999997 0.3190410576923077 0.25718426602564104 0.3186176153846154 0.24992904487179488 0.32194949679487184 0.24769265384615385 0.32114802884615384 0.24765065064102565
6 0.342325641025641 0.2576008878205128 0.34962285897435896 0.2563759807692308 0.3513938108974359 0.25325411538461534 0.35303875 0.25253665064102565 0.3514778173076923 0.2516511762820513 0.34523067307692307 0.23283937500000002 0.34447120833333333 0.23199590384615384 0.33962039423076923 0.23254535256410258 0.3395363878205128 0.23414829166666665 0.34257425 0.2375221762820513 0.34249024358974356 0.23912511538461537 0.3408033012820513 0.24064404166666664 0.3390323525641025 0.24376591025641026 0.3389063429487179 0.2461703141025641 0.3380628717948718 0.24692978205128205 0.3379368621794872 0.2493341826923077 0.337093391025641 0.2500936506410256 0.33781085256410254 0.25173858974358976 0.3376428397435897 0.2549444615384615 0.33675736538461537 0.25650539743589745 0.33831829807692304 0.2573908717948718 0.342325641025641 0.2576008878205128
6 0.386735608974359 0.22295951282051282 0.37580907371794875 0.21676118910256412 0.36859585576923076 0.21638316025641025 0.36361903525641026 0.219337016025641 0.35750472115384613 0.22866061538461538 0.3528673301282051 0.24047262179487178 0.35725610897435894 0.2487393269230769 0.357046092948718 0.2527466666666667 0.36253036217948714 0.255445092948718 0.3680986378205128 0.25654058333333335 0.4189271666666667 0.2527750384615385 0.4230185128205128 0.2513821185897436 0.4265184070512821 0.24593985256410256 0.42693843910256407 0.23792516987179488 0.4243626153846154 0.22573512820512823 0.41988983012820513 0.2190713653846154 0.41596649679487174 0.21725841346153849 0.4014980641025641 0.21730382371794874 0.386735608974359 0.22295951282051282
6 0.6524155865384615 0.490039141025641 0.6514881057692308 0.4924015448717948 0.6511100769230769 0.49961475641025643 0.6532624647435897 0.5045495769230769 0.6531364551282051 0.506953983974359 0.6538959198717949 0.5077974551282052 0.6563003237179488 0.5079234647435897 0.6580292724358975 0.5056030641025641 0.6608537083333333 0.497714391025641 0.6634681282051282 0.49383305769230773 0.6582778814102564 0.4855243525641026 0.6574344102564103 0.4862838173076923 0.6550300064102564 0.4861578076923077 0.6549880032051282 0.48695927884615386 0.6524155865384615 0.490039141025641
6 0.7428657211538461 0.542999608974359 0.7273823942307692 0.5317404583333333 0.7108035801282051 0.5260495801282051 0.711181608974359 0.5188363653846154 0.7189828685897436 0.5079938397435898 0.7218913076923077 0.49850222435897434 0.7126483108974359 0.47551507051282055 0.7080915192307692 0.4704542435897436 0.693917108974359 0.46488937500000005 0.6817690769230769 0.466663733974359 0.6782691794871795 0.47210599999999997 0.6759941923076923 0.484845483974359 0.6778979647435898 0.509859016025641 0.6753323653846154 0.5434786826923077 0.6774847532051282 0.5484135032051283 0.6746603141025641 0.5563021794871795 0.6746637211538461 0.5715720769230769 0.6826364038461539 0.5727935769230769 0.6934755224358974 0.5653249391025641 0.7210614711538462 0.560341298076923 0.7282746858974358 0.5607193269230769 0.7415216185897436 0.5686465961538462 0.7463304262820513 0.5688986153846154 0.7482273878205128 0.5633723429487179 0.7428657211538461 0.542999608974359
2 0.3274712532051282 0.41835999358974363 0.3429931762820513 0.41354777564102563 0.3476725673076923 0.4009343012820513 0.34581420192307694 0.3903892019230769 0.3420168782051282 0.38617184615384614 0.33349475 0.38009953205128205 0.3255220673076923 0.37887803205128207 0.31493496794871795 0.3815378653846154 0.30983213782051283 0.386896125 0.3089080673076923 0.40452842628205127 0.3163767083333333 0.4153675448717949 0.3274712532051282 0.41835999358974363
2 0.7593059999999999 0.305975 0.7480854455128205 0.30538695833333335 0.7389332692307692 0.31133666666666665 0.7373337403846154 0.3265225608974359 0.7395281282051283 0.33065591346153844 0.7530270801282051 0.33377437499999996 0.7638241955128205 0.3271071987179487 0.7654237243589744 0.3119213044871795 0.7593059999999999 0.305975
2 0.6918566506410256 0.3048511378205128 0.680594092948718 0.3050645641025641 0.6738463205128205 0.311140282051282 0.672540814102564 0.32071589743589746 0.6793339967948717 0.32910861217948717 0.6905965576923077 0.3288951891025641 0.6981878012820513 0.32206 0.6987758461538461 0.3108394423076923 0.6918566506410256 0.3048511378205128
2 0.4838177307692308 0.3180583685897436 0.48247022115384613 0.32843545512820516 0.49225925961538464 0.3410035192307692 0.4962245993589744 0.3420150032051282 0.500609967948718 0.3350118076923077 0.49963708012820507 0.3229057724358974 0.49267588461538464 0.3177189358974359 0.4838177307692308 0.3180583685897436
3 0.8459883782051282 0.6761875096153847 0.864338141025641 0.678756516025641 0.9027212051282052 0.6671057051282051 0.910186439102564 0.662674923076923 0.9222890641025641 0.6464321346153846 0.8992882788461538 0.5945955256410256 0.8876862852564102 0.5859507948717948 0.8653291794871796 0.5831717724358975 0.8441969775641025 0.587689967948718 0.8186374038461539 0.6000128269230769 0.809950673076923 0.6124162916666667 0.8116830288461538 0.6253657948717949 0.8459883782051282 0.6761875096153847