3 0.7620480352564102 0.29480428846153844 0.6021692532051283 0.34900461858974363 0.5664834487179488 0.3700543653846154 0.4852023493589743 0.42803469230769225 0.3992086826923077 0.5260672852564102 0.3665785897435897 0.5559999615384615 0.3656360769230769 0.5640104134615385 0.3741688397435898 0.5810158525641026 0.4477498717948718 0.688255358974359 0.45485983012820513 0.6948009871794871 0.4660940737179487 0.6949970801282052 0.5585533910256409 0.6404226314102563 0.570786173076923 0.6293984871794872 0.6022636538461539 0.6195129551282051 0.7750995128205128 0.46680786538461544 0.8852225865384614 0.36598568910256407 0.9024241153846154 0.3462186794871795 0.8953701858974359 0.33646326923076925 0.8635945032051282 0.3174467403846154 0.7620480352564102 0.29480428846153844
3 0.11320111217948718 0.5252008301282052 0.2628733365384615 0.5278133685897436 0.26448607371794874 0.43541974038461534 0.11481384935897437 0.43280720192307687 0.11320111217948718 0.5252008301282052
2 0.002512538461538462 0.36525913782051284 0.0311839358974359 0.36575959935897434 0.03178342307692308 0.3314149102564103 0.003112028846153846 0.3309144487179487 0.002512538461538462 0.36525913782051284
2 0.43217118910256413 0.35292838782051283 0.5278709006410256 0.35459883333333336 0.5284800544871795 0.3197004583333333 0.432780342948718 0.3180300128205128 0.43217118910256413 0.35292838782051283
3 0.833113576923077 0.47694709294871795 0.9937391891025641 0.4797508237179487 0.9951048461538462 0.40151234294871796 0.8344792339743591 0.39870861217948717 0.833113576923077 0.47694709294871795
3 0.8929372211538461 0.32685273076923077 0.9226277211538462 0.3273709775641026 0.9230708942307692 0.30198158974358974 0.8933803942307693 0.30146333974358974 0.8929372211538461 0.32685273076923077
3 0.9162093333333333 0.31753435256410256 0.9370247820512821 0.3178976858974359 0.9374199102564102 0.2952606858974359 0.9166044647435897 0.2948973525641026 0.9162093333333333 0.31753435256410256
3 1 0.286090625 0.9977944711538461 0.2860521282051282 0.9973459743589743 0.3117464487179487 1 0.31179277564102564 1 0.286090625
2 0.8866370769230769 0.3097819102564103 0.9148029294871796 0.3102735480769231 0.9151741089743589 0.2890087307692308 0.8870082564102564 0.2885170929487179 0.8866370769230769 0.3097819102564103
2 0.9181692628205129 0.31032829487179486 0.9468246089743589 0.3108284743589743 0.947202092948718 0.28920255769230774 0.9185467435897436 0.288702375 0.9181692628205129 0.31032829487179486
2 0.9621163301282051 0.3133308878205128 0.9945190993589744 0.31389648076923077 0.9950059743589744 0.28600345512820513 0.9626032051282051 0.2854378621794872 0.9621163301282051 0.3133308878205128