3 0.5761670769230769 0.3631796121794872 0.5675675673076923 0.35458010576923077 0.5552825544871794 0.35703710576923076 0.5479115480769231 0.33246708333333336 0.5405405416666667 0.32755307692307695 0.517199016025641 0.3238675737179487 0.5085995096153846 0.31772506730769234 0.49262899358974355 0.3201820705128205 0.4877149871794872 0.33738108653846155 0.4975429967948718 0.3533516025641026 0.4938574935897436 0.38652113782051284 0.47420147435897436 0.3852926346153846 0.46928746794871795 0.390206641025641 0.468058967948718 0.40494865384615386 0.47297297435897434 0.41846216987179485 0.4656019647435897 0.4307471794871795 0.4471744487179487 0.4418036923076923 0.44594594551282046 0.4614597115384615 0.46437346474358976 0.4712877211538461 0.48280098397435894 0.4577742083333334 0.47420147435897436 0.43443268589743594 0.48648648717948717 0.4307471794871795 0.5294840288461539 0.4528602019230769 0.5294840288461539 0.43443268589743594 0.5540540544871795 0.4307471794871795 0.5405405416666667 0.40494865384615386 0.5479115480769231 0.37423612500000003 0.5565110576923077 0.3680936185897436 0.581081080128205 0.37423612500000003 0.5847665833333333 0.35949410897435896 0.5761670769230769 0.3631796121794872
3 0.2936117948717949 0.2882410384615384 0.29484029487179486 0.29192654166666665 0.3083538076923077 0.2894695384615385 0.31695331730769233 0.2943835448717949 0.32800982692307695 0.27964152884615384 0.31203931089743586 0.26981351923076924 0.3095823108974359 0.23541548397435896 0.30466830448717946 0.22435897435897437 0.2985257980769231 0.22435897435897437 0.3009828012820513 0.2477004967948718 0.2936117948717949 0.2882410384615384
3 0.581081080128205 0.33983808974358976 0.5823095833333333 0.3140395641025641 0.577395576923077 0.30666855769230766 0.5663390673076923 0.30175455128205125 0.5515970512820513 0.30666855769230766 0.5479115480769231 0.3214105705128205 0.5540540544871795 0.33615258653846153 0.5718673205128205 0.33860958974358973 0.5786240801282051 0.3336955833333333 0.581081080128205 0.33983808974358976
3 0.6154791153846154 0.4749732243589743 0.6154791153846154 0.48848673717948715 0.6277641282051282 0.5007717500000001 0.6363636378205129 0.5007717500000001 0.6511056506410257 0.4921722435897436 0.6474201474358974 0.4737447243589744 0.6363636378205129 0.4651452147435897 0.6154791153846154 0.4749732243589743
3 0.4754299743589743 0.28455553525641025 0.46683046794871796 0.28701253846153846 0.46314496474358974 0.2943835448717949 0.46928746794871795 0.30666855769230766 0.4557739551282051 0.3128110641025641 0.46683046794871796 0.3152680641025641 0.46928746794871795 0.3201820705128205 0.47297297435897434 0.30666855769230766 0.4803439807692308 0.3029830544871795 0.48648648717948717 0.30789705769230774 0.48525798397435893 0.3128110641025641 0.4914004903846154 0.3140395641025641 0.4938574935897436 0.3042115544871795 0.4975429967948718 0.3054400544871795 0.49262899358974355 0.2956120448717949 0.48525798397435893 0.2943835448717949 0.4754299743589743 0.28455553525641025
3 0.610565108974359 0.35949410897435896 0.6179361185897435 0.3508945993589743 0.6179361185897435 0.3447520961538461 0.610565108974359 0.33738108653846155 0.5970515961538462 0.34229509294871796 0.5945945961538461 0.35458010576923077 0.610565108974359 0.35949410897435896
3 0.17936117948717947 0.2477004967948718 0.1904176891025641 0.2477004967948718 0.1928746923076923 0.2366439871794872 0.1891891891025641 0.23050148076923074 0.17444717307692306 0.22927298076923078 0.17199017307692308 0.24032949038461537 0.17936117948717947 0.2477004967948718
3 0.2530712532051282 0.251386 0.266584766025641 0.251386 0.2678132692307692 0.2378724871794872 0.2628992628205128 0.23295848397435898 0.25061425000000004 0.23418698397435897 0.24938575 0.2477004967948718 0.2530712532051282 0.251386
2 0.5122850128205128 0.3201820705128205 0.4877149871794872 0.3042115544871795 0.48402948397435896 0.29684054807692306 0.46437346474358976 0.3054400544871795 0.4570024583333333 0.30175455128205125 0.44594594551282046 0.3054400544871795 0.44594594551282046 0.3214105705128205 0.4496314487179487 0.3238675737179487 0.46683046794871796 0.3201820705128205 0.4754299743589743 0.3238675737179487 0.46928746794871795 0.30666855769230766 0.47911547756410255 0.3005260512820513 0.48525798397435893 0.30175455128205125 0.4914004903846154 0.3128110641025641 0.48525798397435893 0.3238675737179487 0.5012285000000001 0.31895357051282053 0.5061425064102564 0.32263907371794875 0.5073710064102565 0.31772506730769234 0.5098280096153847 0.32263907371794875 0.5122850128205128 0.3201820705128205
2 0.9201474198717949 0.41723366666666667 0.9201474198717949 0.40494865384615386 0.9140049134615384 0.40003465064102567 0.9054054038461539 0.41846216987179485 0.8869778878205128 0.41723366666666667 0.8869778878205128 0.4307471794871795 0.8955773942307692 0.4307471794871795 0.8968058974358976 0.422147673076923 0.9201474198717949 0.41846216987179485 0.9218817756410257 0.41961840384615384 0.9201474198717949 0.41723366666666667
2 0.907862407051282 0.44671769551282053 0.9275184262820512 0.4418036923076923 0.9348894358974358 0.4491746987179487 0.9471744487179486 0.4504032019230769 0.9594594583333335 0.44057518910256416 0.9570024583333333 0.4307471794871795 0.9508599519230768 0.42583317628205125 0.9422604423076922 0.424604673076923 0.9299754294871795 0.4307471794871795 0.9246834262820514 0.4234706730769231 0.9250614262820513 0.424604673076923 0.9041769038461538 0.4307471794871795 0.9041769038461538 0.4430321923076923 0.907862407051282 0.44671769551282053
2 0.658476657051282 0.35458010576923077 0.6633906634615385 0.3533516025641026 0.6683046698717948 0.3447520961538461 0.6547911538461538 0.3263245769230769 0.6474201474358974 0.3263245769230769 0.6425061410256411 0.33492408333333334 0.6289926282051282 0.3447520961538461 0.6277641282051282 0.35703710576923076 0.6339066346153847 0.3607226121794872 0.6597051602564102 0.35949410897435896 0.658476657051282 0.35458010576923077
2 0.2739557724358974 0.32509607371794874 0.2616707628205128 0.32263907371794875 0.2530712532051282 0.32878158012820513 0.2518427532051282 0.33615258653846153 0.2592137596153846 0.34966609935897436 0.27518427564102566 0.3508945993589743 0.28132678205128203 0.3435235929487179 0.28132678205128203 0.33615258653846153 0.2739557724358974 0.32509607371794874
2 0.7960687948717949 0.3779216282051282 0.7874692884615384 0.3779216282051282 0.781326782051282 0.3828356314102564 0.781326782051282 0.39634914743589744 0.7874692884615384 0.40003465064102567 0.7997543012820513 0.39880614743589743 0.8046683044871795 0.390206641025641 0.8046683044871795 0.3828356314102564 0.7960687948717949 0.3779216282051282
2 0.31941032051282053 0.28701253846153846 0.31941032051282053 0.3042115544871795 0.3304668301282051 0.3091255576923077 0.33783783653846156 0.30666855769230766 0.34152334294871795 0.2992975480769231 0.33906633974358974 0.2894695384615385 0.3304668301282051 0.28455553525641025 0.31941032051282053 0.28701253846153846
2 0.8402948397435898 0.3668651153846154 0.8316953301282052 0.3730076217948718 0.8329238333333333 0.38406413461538463 0.8488943493589743 0.3828356314102564 0.8513513525641025 0.3730076217948718 0.8538083525641026 0.38160713141025643 0.859950858974359 0.38406413461538463 0.8611793621794871 0.3766931282051282 0.8660933653846155 0.37423612500000003 0.8636363621794871 0.37177912179487177 0.8734643750000001 0.3680936185897436 0.8648648653846153 0.3705506217948718 0.8648648653846153 0.3656366153846154 0.8538083525641026 0.3730076217948718 0.8464373461538462 0.3668651153846154 0.8402948397435898 0.3668651153846154
2 0.7297297307692308 0.3631796121794872 0.7272727275641026 0.3705506217948718 0.7321867307692308 0.3779216282051282 0.7481572467948718 0.3766931282051282 0.7518427532051282 0.3680936185897436 0.7481572467948718 0.35826560897435894 0.7371007371794871 0.35703710576923076 0.7297297307692308 0.3631796121794872
2 0.7690417692307693 0.390206641025641 0.7776412788461539 0.3828356314102564 0.7788697788461538 0.37423612500000003 0.7727272724358974 0.3668651153846154 0.7604422596153846 0.36932211858974356 0.7555282564102564 0.38406413461538463 0.7690417692307693 0.390206641025641
2 0.6953316955128205 0.3607226121794872 0.6990171987179488 0.34720909615384615 0.6928746923076924 0.3410665897435897 0.6842751826923077 0.3410665897435897 0.6781326794871795 0.3459805961538462 0.6781326794871795 0.3607226121794872 0.6953316955128205 0.3607226121794872
2 0.5958230961538461 0.30789705769230774 0.5909090897435898 0.2980690480769231 0.5847665833333333 0.2980690480769231 0.577395576923077 0.30666855769230766 0.5565110576923077 0.3029830544871795 0.5565110576923077 0.30789705769230774 0.577395576923077 0.30789705769230774 0.5847665833333333 0.31649656730769227 0.5945945961538461 0.3128110641025641 0.5958230961538461 0.30789705769230774
2 0.7223587211538461 0.3435235929487179 0.7211302211538462 0.3336955833333333 0.7285012275641025 0.33860958974358973 0.7162162147435898 0.3263245769230769 0.7088452083333333 0.32755307692307695 0.7076167083333333 0.3336955833333333 0.7027027019230769 0.3336955833333333 0.7051597051282051 0.33983808974358976 0.718673217948718 0.33738108653846155 0.7223587211538461 0.3435235929487179
2 0.3095823108974359 0.2906980416666667 0.3206388205128205 0.3029830544871795 0.3243243237179487 0.3005260512820513 0.326535625 0.30273735256410256 0.3255528269230769 0.2992975480769231 0.3144963141025641 0.2943835448717949 0.3157248173076923 0.27227052243589744 0.3206388205128205 0.27227052243589744 0.3304668301282051 0.28455553525641025 0.3304668301282051 0.2992975480769231 0.3353808365384615 0.30789705769230774 0.33906633974358974 0.2906980416666667 0.3316953301282051 0.2857840352564103 0.3108108108974359 0.2526145032051282 0.3095823108974359 0.22435897435897437 0.29975430128205127 0.22435897435897437 0.29975430128205127 0.23050148076923074 0.3083538076923077 0.23295848397435898 0.3095823108974359 0.23910099038461538 0.29975430128205127 0.2366439871794872 0.3009828012820513 0.2477004967948718 0.2960687948717949 0.2587570096153846 0.3108108108974359 0.2587570096153846 0.3132678141025641 0.2710420224358974 0.3058968044871795 0.2894695384615385 0.2960687948717949 0.2685850192307692 0.2936117948717949 0.2894695384615385 0.3095823108974359 0.2906980416666667
2 0.6375921378205128 0.4651452147435897 0.6289926282051282 0.4651452147435897 0.6142506153846155 0.4774302275641026 0.6142506153846155 0.4897152403846154 0.625307125 0.5020002532051282 0.6375921378205128 0.5020002532051282 0.6511056506410257 0.49585774679487177 0.6511056506410257 0.4798872307692308 0.6375921378205128 0.4651452147435897
2 0.17690417628205127 0.2477004967948718 0.1916461923076923 0.2477004967948718 0.19410319551282051 0.24032949038461537 0.1904176891025641 0.23050148076923074 0.1732186730769231 0.23050148076923074 0.1707616698717949 0.23910099038461538 0.17690417628205127 0.2477004967948718
2 0.7911547916666667 0.7452434967948718 0.7936117948717948 0.7391009903846154 0.7972972980769231 0.7489290000000001 0.8046683044871795 0.7427864935897436 0.8108108108974359 0.7440149935897435 0.8206388205128204 0.734186983974359 0.8218673205128204 0.7440149935897435 0.8181818173076923 0.7452434967948718 0.8206388205128204 0.7489290000000001 0.8169533173076923 0.7526145032051281 0.8243243237179487 0.751386 0.8267813269230769 0.7452434967948718 0.8329238333333333 0.7477004967948718 0.8341523333333334 0.7526145032051281 0.829238330128205 0.7575285064102564 0.8366093365384615 0.7636710128205129 0.8342122596153846 0.7675063333333333 0.8366093365384615 0.7734990224358974 0.8476658461538461 0.7698135192307692 0.8550368557692308 0.7734990224358974 0.9185098269230769 0.7734990224358974 0.923832923076923 0.7575285064102564 0.9275184262820512 0.767356516025641 0.9248562660256411 0.7734990224358974 0.9312039326923076 0.7734990224358974 0.922604423076923 0.7427864935897436 0.9164619166666668 0.7427864935897436 0.9176904166666667 0.7231304743589744 0.906633907051282 0.7157594647435898 0.9041769038461538 0.7083884583333333 0.8710073717948718 0.7108454615384615 0.8525798525641025 0.7034744519230769 0.8538083525641026 0.7083884583333333 0.8501228493589744 0.7096169583333333 0.8464373461538462 0.7022459519230769 0.8390663397435898 0.7047029551282051 0.8390663397435898 0.7096169583333333 0.8439803429487179 0.7108454615384615 0.8452088461538461 0.7059314551282052 0.8488943493589743 0.7108454615384615 0.8402948397435898 0.7157594647435898 0.8464373461538462 0.7268159775641025 0.842751842948718 0.7415579903846155 0.8353808365384615 0.7464719967948718 0.8255528269230769 0.7440149935897435 0.8243243237179487 0.7366439871794872 0.8274819551282052 0.7316819935897436 0.8144963141025641 0.7305014807692307 0.8132678141025641 0.7243589743589743 0.8132678141025641 0.7305014807692307 0.8083538076923077 0.7292729807692309 0.8108108108974359 0.735415483974359 0.8046683044871795 0.735415483974359 0.8046683044871795 0.7317299807692308 0.7948402948717949 0.734186983974359 0.8022113012820513 0.7366439871794872 0.8022113012820513 0.7403294903846154 0.7923832916666667 0.7378724871794872 0.7886977884615385 0.7317299807692308 0.7911547916666667 0.7280444775641026 0.8083538076923077 0.7317299807692308 0.8046683044871795 0.7231304743589744 0.8108108108974359 0.7219019711538461 0.8132678141025641 0.7120739615384616 0.8009828012820512 0.7231304743589744 0.7788697788461538 0.7219019711538461 0.7751842756410257 0.7145309647435898 0.7469287467948718 0.7206734711538462 0.733415233974359 0.735415483974359 0.7297297307692308 0.7452434967948718 0.7088452083333333 0.7464719967948718 0.6941031955128205 0.7366439871794872 0.6498771506410257 0.735415483974359 0.6191646185897436 0.7710420224358975 0.6179361185897435 0.7734990224358974 0.7065773942307693 0.7734990224358974 0.7100737115384615 0.7501575 0.718673217948718 0.7526145032051281 0.7272727275641026 0.7477004967948718 0.7129090897435898 0.7734990224358974 0.7192407852564102 0.7734990224358974 0.7235872243589743 0.7612140096153847 0.7321867307692308 0.767356516025641 0.7255712532051282 0.7734990224358974 0.734643733974359 0.7698135192307692 0.7382346442307692 0.7734990224358974 0.7762235865384616 0.7734990224358974 0.7800982788461538 0.7698135192307692 0.7825552820512821 0.7734990224358974 0.7997543012820513 0.7575285064102564 0.7911547916666667 0.7452434967948718
2 0.17444717307692306 0.2685850192307692 0.16584766666666667 0.2636710128205128 0.15356265384615386 0.26735651602564103 0.15110565064102563 0.2784130288461538 0.16707616666666666 0.29684054807692306 0.17444717307692306 0.2992975480769231 0.1842751826923077 0.2943835448717949 0.1842751826923077 0.28209853205128205 0.17444717307692306 0.2685850192307692
2 0.5982800993589743 0.7575285064102564 0.581081080128205 0.751386 0.5528255512820512 0.7526145032051281 0.533169532051282 0.7575285064102564 0.5233415224358975 0.764899516025641 0.5184275192307692 0.7734990224358974 0.5233415224358975 0.766128016025641 0.5249213749999999 0.7734990224358974 0.6093366089743589 0.7734990224358974 0.5982800993589743 0.7575285064102564
2 0.5229905224358975 0.41846216987179485 0.5135135128205128 0.4110911602564103 0.5122850128205128 0.40494865384615386 0.4963144967948718 0.40372015384615384 0.4963144967948718 0.41846216987179485 0.5229905224358975 0.41846216987179485
2 0.4815724807692308 0.4123196634615384 0.49262899358974355 0.4196906698717949 0.47665847756410257 0.4123196634615384 0.47665847756410257 0.41600516666666665 0.4815724807692308 0.4147766634615384 0.4877149871794872 0.4233761730769231 0.48402948397435896 0.42706167628205133 0.48648648717948717 0.4307471794871795 0.49262899358974355 0.4295186794871795 0.4914004903846154 0.4233761730769231 0.49508599358974353 0.41846216987179485 0.4963144967948718 0.41846216987179485 0.4914004903846154 0.41600516666666665 0.4901719903846154 0.407405657051282 0.4815724807692308 0.4123196634615384
2 0.5049140064102564 0.44426069551282055 0.5122850128205128 0.44426069551282055 0.5135135128205128 0.43688968589743593 0.5282555288461538 0.43688968589743593 0.5282555288461538 0.4209191698717949 0.546683048076923 0.4196906698717949 0.5393120384615384 0.4086341570512821 0.5356265352564102 0.4135481634615385 0.5294840288461539 0.4110911602564103 0.5282555288461538 0.41846216987179485 0.5245700256410257 0.4196906698717949 0.5231191698717949 0.4185622275641026 0.4987715 0.4295186794871795 0.4975429967948718 0.43566118589743585 0.5049140064102564 0.44426069551282055
2 0.9312039326923076 0.7083884583333333 0.9410319423076923 0.7047029551282051 0.9422604423076922 0.7059314551282052 0.9447174455128206 0.6973319487179487 0.9176904166666667 0.7022459519230769 0.9164619166666668 0.7047029551282051 0.9312039326923076 0.7047029551282051 0.9312039326923076 0.7083884583333333
2 0.9484029487179487 0.7108454615384615 0.9545454551282051 0.6948749455128205 0.9484029487179487 0.6973319487179487 0.9496314487179487 0.7047029551282051 0.9459459455128205 0.7083884583333333 0.9422604423076922 0.7059314551282052 0.9471744487179486 0.7108454615384615 0.9434889423076924 0.7120739615384616 0.9447174455128206 0.7280444775641026 0.9496314487179487 0.7120739615384616 0.9544226057692308 0.7112754358974359 0.9484029487179487 0.7108454615384615
2 0.984029483974359 0.7047029551282051 0.9987715 0.6985604487179488 0.9987715 0.6899609391025641 0.9864864871794873 0.6899609391025641 0.984029483974359 0.6985604487179488 0.9791154775641027 0.6973319487179487 0.9791154775641027 0.6899609391025641 0.9625307115384615 0.6948749455128205 0.9643734647435898 0.7047029551282051 0.9606879615384616 0.7047029551282051 0.9656019647435897 0.7120739615384616 0.9569012852564103 0.711452483974359 0.9557739551282052 0.718216467948718 0.9631449647435898 0.7145309647435898 0.9643734647435898 0.7169879679487179 0.9668304679487181 0.7120739615384616 0.970515971153846 0.7169879679487179 0.970515971153846 0.7096169583333333 0.9815724807692308 0.701017451923077 0.982800983974359 0.7231304743589744 0.9692874679487179 0.7280444775641026 0.9545454551282051 0.7280444775641026 0.9717444711538462 0.7305014807692307 0.9729729743589743 0.735415483974359 0.984029483974359 0.735415483974359 0.9864864871794873 0.7305014807692307 0.982800983974359 0.7194449679487179 0.9877149871794872 0.7120739615384616 0.984029483974359 0.7047029551282051
2 0.47051597115384614 0.4651452147435897 0.4803439807692308 0.4602312115384616 0.4803439807692308 0.44794619871794866 0.4717444711538462 0.4430321923076923 0.47420147435897436 0.4332041826923077 0.46314496474358974 0.4307471794871795 0.4471744487179487 0.4418036923076923 0.44594594551282046 0.4602312115384616 0.45454545512820516 0.467602217948718 0.47051597115384614 0.46883071794871795 0.47051597115384614 0.4651452147435897
2 0.09213759294871796 0.22435897435897437 0.09336609294871795 0.23418698397435897 0.10073709935897436 0.24032949038461537 0.11302211217948717 0.24032949038461537 0.11670761538461538 0.2378724871794872 0.11670761538461538 0.22435897435897437 0.09213759294871796 0.22435897435897437
2 0.24938575 0.2366439871794872 0.24938575 0.2477004967948718 0.2530712532051282 0.251386 0.2678132692307692 0.251386 0.2690417692307693 0.2427864935897436 0.2641277628205128 0.23295848397435898 0.2542997532051282 0.23172998076923074 0.24938575 0.2366439871794872
2 0.8771498782051282 0.3766931282051282 0.8722358717948717 0.38160713141025643 0.8796068782051282 0.3926636442307692 0.8832923846153846 0.39143514102564103 0.8808353814102565 0.3852926346153846 0.8882063878205128 0.3828356314102564 0.8894348910256411 0.375464625 0.8771498782051282 0.3766931282051282
2 0.3832923846153846 0.2943835448717949 0.373464375 0.2894695384615385 0.3636363621794872 0.29315504166666667 0.3636363621794872 0.30666855769230766 0.373464375 0.30789705769230774 0.3710073717948718 0.3128110641025641 0.3783783782051282 0.3140395641025641 0.38452088461538464 0.30666855769230766 0.3832923846153846 0.2943835448717949
2 0.6056511057692308 0.35949410897435896 0.6117936121794871 0.35949410897435896 0.6191646185897436 0.34966609935897436 0.6117936121794871 0.33738108653846155 0.6031941025641026 0.33738108653846155 0.5958230961538461 0.3447520961538461 0.5859950865384616 0.3435235929487179 0.5859950865384616 0.34720909615384615 0.5945945961538461 0.3459805961538462 0.593366092948718 0.3508945993589743 0.6056511057692308 0.35949410897435896
3 0.3968058974358974 0.266128016025641 0.3832923846153846 0.2685850192307692 0.3820638814102564 0.2808700320512821 0.3968058974358974 0.2857840352564103 0.4004914006410256 0.26981351923076924 0.3968058974358974 0.266128016025641
2 0.9742014743589743 0.6653909166666667 0.9656019647435897 0.6653909166666667 0.9643734647435898 0.6604769102564102 0.9606879615384616 0.6604769102564102 0.9250614262820513 0.673990423076923 0.8894348910256411 0.6789044294871796 0.8820638814102565 0.6752189262820513 0.8660933653846155 0.6825899326923077 0.8439803429487179 0.6801329294871794 0.8280098269230769 0.6850469358974359 0.8280098269230769 0.6887324391025641 0.8157248173076923 0.6862754358974359 0.7997543012820513 0.6911894423076923 0.7444717435897436 0.6924179423076924 0.45698359294871793 0.7404867019230769 0.4533169519230769 0.7710420224358975 0.4778869775641026 0.7685850192307693 0.4803439807692308 0.7366439871794872 0.4877149871794872 0.767356516025641 0.5110565096153846 0.7624425128205129 0.5184275192307692 0.7734990224358974 0.9987715 0.7734990224358974 0.9987715 0.6653909166666667 0.9950859935897436 0.6641624134615385 0.9987715 0.6604769102564102 0.9852579839743589 0.6641624134615385 0.9815724807692308 0.6592484102564102 0.984029483974359 0.6653909166666667 0.9754299743589744 0.6641624134615385 0.9742014743589743 0.6592484102564102 0.9692874679487179 0.6604769102564102 0.9742014743589743 0.6653909166666667