3 0.7795113365384615 0.5348580064102564 0.7787478942307693 0.5129958717948718 0.7568869871794872 0.5137592692307692 0.7576504294871794 0.535621407051282 0.7795113365384615 0.5348580064102564
3 0.8101972980769231 0.51815175 0.8107426057692307 0.5337673878205128 0.8138664711538462 0.533658298076923 0.8170981506410256 0.5366718878205129 0.8295899230769231 0.5362356666666667 0.8356182884615384 0.5297710352564103 0.8351820673076923 0.5172792628205128 0.8101972980769231 0.51815175
3 0.15797579807692308 0.4658821121794872 0.1571033108974359 0.44089733974358974 0.12587203846153847 0.4419879615384615 0.12674452564102565 0.4669727307692308 0.15797579807692308 0.4658821121794872
2 0.8925977724358974 0.549670060897436 0.8613665032051282 0.5507606826923077 0.8625661666666667 0.5851145865384615 0.8906735737179486 0.5841330544871796 0.8936883942307693 0.5809013333333334 0.8925977724358974 0.549670060897436
2 0.6206697980769231 0.5529118782051282 0.6185976474358974 0.49357320192307697 0.5592589711538462 0.49564535576923074 0.5613311217948718 0.5549840320512821 0.6206697980769231 0.5529118782051282
3 0.06105153525641026 0.46614033974358976 0.014204628205128205 0.4677762692307692 0.015622381410256412 0.5083754455128204 0.05934542307692307 0.5068486025641026 0.0623602435897436 0.5036168782051282 0.06105153525641026 0.46614033974358976
3 0.9987833557692307 0.5459619807692307 0.9959477628205128 0.46476116666666667 0.9522234903846154 0.4662880544871795 0.9550590865384615 0.5474888653846154 0.9987833557692307 0.5459619807692307
2 0.14769403846153845 0.35054552564102565 0.14682155128205127 0.3255607564102564 0.12496064423076923 0.3263241538461538 0.1258331314102564 0.3513089262820513 0.14769403846153845 0.35054552564102565
2 0.5679737499999999 0.476579907051282 0.5672103076923077 0.45471777243589745 0.5453494038461538 0.45548116987179493 0.5461128461538461 0.47734330769230776 0.5679737499999999 0.476579907051282
2 0.9661731955128204 0.5971312275641026 0.9644282211538462 0.5471616891025641 0.923829044871795 0.5485794423076923 0.9255740192307692 0.598548983974359 0.9536814262820513 0.5975674519230769 0.9566950160256411 0.5943357724358974 0.9598188814102563 0.5942266826923077 0.9630505608974358 0.5972402724358974 0.9661731955128204 0.5971312275641026
2 0 0.38071835576923074 0.0017817660256410257 0.3806561346153846 0.010823724358974359 0.3709598205128205 0.010278413461538462 0.3553441858974359 0.007045503205128205 0.3523306378205128 0.006827371794871795 0.34608413782051284 0 0.3463225544871795 0 0.38071835576923074
3 0.6387549455128205 0.5335192115384616 0.6390821217948718 0.5428883461538462 0.6609430288461539 0.5421249455128204 0.6591980512820513 0.4921554038461538 0.634213282051282 0.49302789102564104 0.6355220352564103 0.5305056634615385 0.6387549455128205 0.5335192115384616
2 0.5396871185897436 0.5619939743589744 0.5372877884615385 0.4932861634615385 0.49356475 0.49481300320512817 0.4959640769230769 0.5635208173076923 0.5396871185897436 0.5619939743589744
3 0.368313717948718 0.4898063044871795 0.36733214102564105 0.4616976698717949 0.33922473717948715 0.4626792019230769 0.3402063108974359 0.4907878397435898 0.368313717948718 0.4898063044871795
3 0.4074963269230769 0.44778810256410256 0.4064057051282051 0.41655683012820516 0.3814209358974359 0.4174293205128205 0.3825115544871795 0.44866058974358974 0.4074963269230769 0.44778810256410256
2 0.5153867467948718 0.4033705705128205 0.5160411025641026 0.42210883974358976 0.5254102371794872 0.42178166346153845 0.5284250576923076 0.4185499391025641 0.5377941923076923 0.4182227628205128 0.5408077403846153 0.41498985256410253 0.5403715192307692 0.4024980833333333 0.5153867467948718 0.4033705705128205
2 0.565776798076923 0.4580435608974359 0.5546000833333333 0.455966266025641 0.5461461506410257 0.4611966730769231 0.5453441826923078 0.4735626506410256 0.5502733621794872 0.47339051923076925 0.5517208205128206 0.47950895833333335 0.5664653205128205 0.4777602724358974 0.5699040064102564 0.4702374102564102 0.565776798076923 0.4580435608974359
2 0.4440925993589744 0.4006030064102564 0.43265768589743586 0.39113194551282054 0.440767358974359 0.3760431826923077 0.43056474038461534 0.3665290865384615 0.417052532051282 0.3682347403846154 0.4138720384615384 0.3831513717948718 0.40027376923076924 0.3823924391025641 0.3798841891025641 0.3991438205128205 0.3778499230769231 0.41155283012820515 0.39056016346153843 0.4222131538461538 0.39791089743589747 0.4207226634615384 0.4024958141025641 0.41069217628205135 0.41218204166666667 0.4054187371794872 0.41434540064102565 0.39670661217948716 0.421868266025641 0.4001453012820513 0.4169547403846154 0.4360970032051282 0.4245206378205128 0.44076798397435896 0.4541387403846153 0.44096749358974363 0.46365283333333335 0.4307648782051282 0.4607579166666667 0.4185279967948718 0.44324759935897434 0.4117366891025641 0.4440925993589744 0.4006030064102564
2 0.2803108782051282 0.3742436634615384 0.2817309551282051 0.41490937820512824 0.303740125 0.4092056121794872 0.317639625 0.41859060897435896 0.3262656891025641 0.41828938141025634 0.3343753557692308 0.40320062179487176 0.3457242019230769 0.41020709294871793 0.3628902628205128 0.40714004487179484 0.3623738685897436 0.3923525128205128 0.3521712532051282 0.3828384166666667 0.32294044551282053 0.39372955769230766 0.3126947948717949 0.38298316987179487 0.2942534102564102 0.3848609551282051 0.2926768525641026 0.3750456314102564 0.2803108782051282 0.3742436634615384
2 0.4030122051282051 0.4254797115384616 0.388181641025641 0.42476381089743587 0.38232139743589744 0.43360503525641025 0.38143336538461536 0.44350641987179484 0.38793909615384614 0.45314961538461535 0.4040019583333333 0.45382248717948714 0.4087159743589744 0.44748888141025644 0.40947490705128203 0.4338906121794872 0.4030122051282051 0.4254797115384616
2 0.2421371282051282 0.3410303974358974 0.2174051730769231 0.3394264615384615 0.2150696826923077 0.3432094102564102 0.2140955833333333 0.35064621153846154 0.2193259903846154 0.3591001378205128 0.2502194166666667 0.3604889134615385 0.26033596794871794 0.3675384166666667 0.27146965064102563 0.3683834166666667 0.26768670512820514 0.3660479262820513 0.27116842307692307 0.359757358974359 0.2857407948717949 0.3530794935897436 0.2831040737179487 0.34823638141025637 0.27702866987179486 0.3509161314102564 0.2679722788461538 0.33889441666666664 0.259346217948718 0.33919564423076926 0.25292654807692305 0.33201703846153846 0.2421371282051282 0.3410303974358974
2 0.42894907692307693 0.461587891025641 0.4307838301282051 0.4787969807692308 0.4420035769230769 0.4821065705128205 0.455429717948718 0.47793632692307686 0.45737791346153844 0.46306273076923077 0.4521475064102564 0.4546088012820512 0.4360416153846154 0.45270363782051287 0.42894907692307693 0.461587891025641
2 0.3531336217948718 0.4457284711538462 0.35776157051282054 0.43693027564102566 0.35227296794871793 0.42108258012820515 0.34475010576923076 0.417643891025641 0.33000560256410255 0.41939258012820513 0.3320985512820513 0.4439954358974359 0.3531336217948718 0.4457284711538462
2 0.48658134294871797 0.4867188685897436 0.48751240705128207 0.4780497756410257 0.482282 0.4695958429487179 0.4674084006410257 0.4676476474358975 0.4602728333333333 0.47529960897435897 0.4619784839743589 0.4888118173076923 0.48658134294871797 0.4867188685897436
2 0.46320685256410254 0.382662358974359 0.45215923717948714 0.3842819487179487 0.45025407051282057 0.40038784294871793 0.4651276698717949 0.4023360384615385 0.46954045512820514 0.387376375 0.46320685256410254 0.382662358974359
2 0.3780337820512821 0.34615516025641024 0.3620139551282051 0.3467145833333333 0.36121198717948716 0.3590805608974359 0.37736091346153844 0.36221801923076924 0.3807135352564103 0.35223056410256415 0.3780337820512821 0.34615516025641024
2 0.5449138557692308 0.46123970512820517 0.5455163141025641 0.4784918269230769 0.5542714711538462 0.481887483974359 0.5676976153846154 0.4777172403846154 0.5709211410256411 0.46403290384615387 0.5657337660256411 0.45681126602564104 0.555789342948718 0.4546909391025641 0.5449138557692308 0.46123970512820517
2 0.40519121794871793 0.45254715705128207 0.40947490705128203 0.4338906121794872 0.4016938461538461 0.4230581570512821 0.38703541025641025 0.42727142948717944 0.3835536891025641 0.4335620032051282 0.38538844551282053 0.4507710929487179 0.40519121794871793 0.45254715705128207
2 0.5325752596153845 0.42589045833333333 0.5395817307692308 0.4145416121794872 0.5369019807692308 0.40846620512820514 0.5293360801282052 0.40379522435897436 0.5183745288461539 0.40787940384615384 0.5188909198717949 0.4226669326923077 0.5325752596153845 0.42589045833333333
2 0.317639625 0.41859060897435896 0.3274549487179487 0.4170140544871795 0.3366678173076923 0.3981853782051282 0.3457242019230769 0.41020709294871793 0.3592794423076923 0.40973373397435897 0.3626320673076923 0.3997462788461538 0.36109854166666666 0.39116325 0.3534465801282051 0.3840276794871795 0.3423989615384615 0.38564726602564103 0.3305063397435897 0.39840054166666666 0.29812242307692305 0.3896610352564102 0.2986388141025641 0.4044485673076923 0.317639625 0.41859060897435896
2 0.43000924038461535 0.4566156826923077 0.4307838301282051 0.4787969807692308 0.44693275641025637 0.48193444230769233 0.455429717948718 0.47793632692307686 0.45742094871794875 0.46429502564102565 0.4534228333333334 0.45579806089743585 0.44589997115384616 0.45235937499999995 0.43000924038461535 0.4566156826923077
2 0.3300486346153846 0.420624875 0.32810043910256415 0.4354984743589744 0.3320985512820513 0.4439954358974359 0.3531336217948718 0.4457284711538462 0.35771853846153845 0.435697983974359 0.35227296794871793 0.42108258012820515 0.34475010576923076 0.417643891025641 0.3300486346153846 0.420624875
2 0.4498667756410256 0.38929719230769233 0.4515724294871795 0.40280939743589744 0.46393841025641025 0.40361136538461534 0.4698847179487179 0.39723473076923077 0.4708588141025641 0.3897979326923077 0.4644391474358974 0.38261932692307693 0.4557700512820513 0.3816882628205128 0.4498667756410256 0.38929719230769233
2 0.4121390064102564 0.40418644230769235 0.41413023717948716 0.39054514102564103 0.41145048397435896 0.38446973076923074 0.3990845096153846 0.3836677628205128 0.3787379583333333 0.4016514455128205 0.37912525320512824 0.4127420961538461 0.3880095096153846 0.4198346314102564 0.3966355705128205 0.41953340384615384 0.4048313076923077 0.40690923076923075 0.4121390064102564 0.40418644230769235
2 0.4293324423076923 0.3665721185897436 0.42206777564102566 0.3705271987179487 0.4207063846153846 0.36687334935897437 0.4151043365384615 0.38310833974358977 0.42781457371794873 0.39376866346153844 0.4207650705128205 0.40388521474358974 0.42238465705128203 0.41493283333333336 0.4164813814102564 0.42254176602564103 0.4156794102564103 0.4349077403846154 0.42949284935897436 0.44182814743589743 0.4541387403846153 0.44096749358974363 0.4601711121794872 0.4370554487179487 0.46203324358974357 0.41971725961538464 0.44316153205128206 0.40927209935897435 0.44145588141025643 0.39575989423076924 0.43265768589743586 0.39113194551282054 0.43821670192307693 0.37366466025641026 0.4293324423076923 0.3665721185897436
2 0.22087516666666665 0.4034627435897436 0.20872435256410257 0.40882224679487184 0.20792238461538462 0.4211882243589744 0.21553131410256407 0.42709149999999996 0.2225377884615385 0.41574265384615383 0.22087516666666665 0.4034627435897436
2 0.48665567948717947 0.5595103076923077 0.47641002884615385 0.548763919871795 0.4740745416666667 0.5525468685897436 0.46901626282051284 0.5490221153846154 0.4579686474358975 0.5506417019230769 0.46060536538461544 0.5554848173076923 0.4546160224358975 0.560629157051282 0.4738398205128205 0.5599578493589744 0.4754359326923077 0.556200717948718 0.48665567948717947 0.5595103076923077
2 0.4739728205128206 0.5143027083333334 0.47380069230769234 0.5093735288461538 0.4625809423076923 0.5060639391025641 0.4541270096153846 0.5112943461538462 0.44299332692307697 0.5104493461538462 0.4579960256410256 0.5160944262820513 0.47150823076923076 0.5143887724358974 0.4842615032051282 0.526281391025641 0.4853646987179487 0.5225414743589744 0.4739728205128206 0.5143027083333334
2 0.5207960865384615 0.4065610416666666 0.5175295288461539 0.4190130865384615 0.5214415769230769 0.42504545833333335 0.5301537019230769 0.42720881730769233 0.5384785352564102 0.4182815288461539 0.5382203397435897 0.4108877628205128 0.5330759967948718 0.40489841987179487 0.5207960865384615 0.4065610416666666
3 0.9941727852564103 0.5930270192307692 0.9919915480769231 0.5305644775641025 0.9326528685897435 0.5326366282051281 0.934834108974359 0.5950991698717949 0.9816797852564102 0.5934632852564103 0.9846945641025641 0.5902303301282051 0.9878171987179487 0.5901212852564103 0.9910489230769232 0.5931361057692308 0.9941727852564103 0.5930270192307692
2 0.08189072756410257 0.3465893108974359 0.08512367948717948 0.34960408974358975 0.09761545192307693 0.3491678653846154 0.09674296474358975 0.32418309615384616 0.07175819230769231 0.32505558333333334 0.07252159294871795 0.3469164871794872 0.08189072756410257 0.3465893108974359
3 0.6704913878205128 0.457365233974359 0.6696189006410257 0.43238046153846155 0.647756766025641 0.43314390705128203 0.6486292532051282 0.4581286762820513 0.6704913878205128 0.457365233974359
3 0.014905929487179486 0.2996135961538462 0.02854723717948718 0.3016048237179487 0.03334731730769231 0.2977358108974359 0.02790174679487179 0.28312041025641027 0.009417326923076924 0.28376590064102564 0.009804621794871795 0.2948565512820513 0.014905929487179486 0.2996135961538462
4 0.6130499647435897 0.5045108397435898 0.599236532051282 0.49759042948717946 0.5893781762820512 0.4979346891025641 0.5734444134615385 0.5009587051282052 0.5601473685897436 0.5088258301282051 0.5627840897435897 0.5136689423076923 0.5579840096153846 0.5175379583333334 0.5605346634615385 0.5199164807692308 0.5569238461538462 0.5225101698717949 0.5574832724358973 0.5385299967948718 0.5651352339743589 0.5456655673076923 0.5700213782051282 0.5442611442307692 0.5729593269230769 0.557730314102564 0.6147282403846154 0.5525703237179487 0.6194852884615385 0.5474690128205127 0.6259323365384615 0.5201003397435898 0.6130499647435897 0.5045108397435898
4 0.44760955128205127 0.5719780032051281 0.5251150032051282 0.5655700641025642 0.5397734423076923 0.5613567884615385 0.5443153237179487 0.5500940064102564 0.5540876153846154 0.5472851538461538 0.5484699166666667 0.5277405769230769 0.543497705128205 0.5266804102564102 0.546005326923077 0.527826641025641 0.5411622147435897 0.530463358974359 0.5413343461538462 0.5353925384615384 0.5363191025641025 0.5331000801282051 0.5385685256410256 0.5268525416666667 0.5290387820512821 0.5012755865384616 0.5289957467948718 0.5000432916666667 0.5020573974358974 0.5059191891025642 0.4851925705128205 0.5176122948717948 0.47001774038461536 0.5070380384615384 0.43559956410256406 0.5107075416666667 0.4284209583333333 0.5171272115384615 0.4289373493589744 0.5319147467948718 0.4327202980769231 0.534250233974359 0.4290664487179487 0.5356116282051282 0.4305569391025641 0.5429623621794872 0.42210300961538455 0.5481927692307692 0.4222751378205128 0.5531219487179487 0.4298840673076923 0.5590252243589744 0.4459469294871795 0.559698092948718 0.44760955128205127 0.5719780032051281
6 0.6610233878205128 0.5003679743589744 0.6447883974358974 0.4947659262820513 0.6349300416666667 0.4951101891025641 0.6142822628205129 0.5044678044871795 0.6259323365384615 0.5201003397435898 0.6208036506410257 0.5498905673076923 0.669880266025641 0.5420077916666666 0.6649784647435897 0.5076326442307693 0.6610233878205128 0.5003679743589744
3 0.1752059294871795 0.3322635096153846 0.1771541282051282 0.3173899102564102 0.16096216987179487 0.31302015705128206 0.15778167628205128 0.32793678846153845 0.1752059294871795 0.3322635096153846
3 0.08855802243589743 0.32418514743589744 0.07712311217948718 0.3147140865384615 0.06488623397435897 0.31760900000000003 0.06667795192307692 0.33358579807692307 0.08855802243589743 0.32418514743589744
2 0.5838582692307692 0.41052784935897435 0.5864519551282051 0.41413866666666665 0.5889595737179487 0.4152848942307692 0.5951210512820513 0.41506973076923076 0.601067358974359 0.4086930961538462 0.6022996506410256 0.4086500608974359 0.6034028493589744 0.4049101474358974 0.5982585064102565 0.3989208044871795 0.5932432628205128 0.3966283461538461 0.5895463814102564 0.39675744551282055 0.5847463012820513 0.40062646153846154 0.5836000737179488 0.4031340801282051 0.5838582692307692 0.41052784935897435
2 0.6197669358974359 0.4142090769230769 0.6195517724358974 0.40804760576923077 0.621844233974359 0.4030323621794872 0.6204398108974359 0.39814621474358974 0.6154245673076922 0.3958537596153846 0.6117276826923077 0.39598285576923076 0.6081168621794871 0.3985765416666667 0.6069706346153847 0.4010841666666667 0.6073148942307692 0.41094252243589746 0.6098655480769231 0.4133210448717949 0.6197669358974359 0.4142090769230769
2 0.6484539743589744 0.42307768269230767 0.6433956987179488 0.41955293269230776 0.6371911923076923 0.4185357980769231 0.633580375 0.4211294871794872 0.6339676666666667 0.4322201378205129 0.6291245544871794 0.4348568557692308 0.6244105416666667 0.44119046153846153 0.6271333237179487 0.4484981602564102 0.6297270128205128 0.45210898076923073 0.6359745512820513 0.4543584038461539 0.6396714326923076 0.45422930448717946 0.6433252852564103 0.4528679134615385 0.6480823301282052 0.4477666057692308 0.649228560897436 0.445258983974359 0.6491424967948718 0.4427943942307692 0.6465488076923077 0.4391835737179487 0.6498583974358975 0.4279638269230769 0.6484539743589744 0.42307768269230767