2 0.49339207051282047 0.2122585576923077 0.4581497788461539 0.1593951217948718 0.37444933974358974 0.16380040705128204 0.34361233333333335 0.18582683974358977 0.2995594711538461 0.26952727884615385 0.27753303846153843 0.26952727884615385 0.23348017628205128 0.30917485576923076 0.2202643173076923 0.326796 0.22907489102564105 0.3840647243589744 0.33039647435897435 0.27833785256410254 0.4801762115384615 0.3047695705128205 0.49779735576923073 0.2739325641025641 0.49339207051282047 0.2122585576923077
2 0.6696035256410257 0.20344798397435898 0.6123348012820513 0.20344798397435898 0.5638766506410257 0.2519061346153846 0.5682819391025641 0.3356065737179487 0.6255506602564103 0.37525415064102563 0.6916299551282051 0.3576330064102564 0.7224669615384616 0.32239071474358977 0.7180616730769231 0.2430955608974359 0.6696035256410257 0.20344798397435898
2 0.9383259903846153 0.3708488653846154 0.8502202628205129 0.3708488653846154 0.8193832596153846 0.4016858685897436 0.8193832596153846 0.48979159615384615 0.8546255512820513 0.5250338878205129 0.9207048461538461 0.5294391730769231 0.9691629967948717 0.48979159615384615 0.9691629967948717 0.4016858685897436 0.9383259903846153 0.3708488653846154
2 0.11453744551282052 0.4941968814102564 0.1277533044871795 0.5074127403846154 0.1806167403846154 0.45454930448717945 0.16299559615384615 0.4237123012820513 0.14096916346153845 0.4237123012820513 0.11453744551282052 0.4941968814102564
2 0.26872246794871796 0.7629193493589743 0.25110132051282047 0.7452982051282051 0.1806167403846154 0.7585140641025641 0.20704845833333335 0.7805404935897436 0.26872246794871796 0.7629193493589743
2 0.19383259935897437 0.43692816025641024 0.22907489102564105 0.41049644230769233 0.17621145512820513 0.3928752980769231 0.1674008814102564 0.41049644230769233 0.19383259935897437 0.43692816025641024
0 0 0.8862673685897436 0.04845815064102564 0.9215096570512821 0.15418502243589743 0.947941375 0.3259911891025641 0.9567519487179488 0.36563876602564105 0.9215096570512821 0.4889867852564102 0.934725516025641 0.5550660801282051 0.8862673685897436 0.594713657051282 0.8201880705128205 0.594713657051282 0.7761352083333334 0.47577092628205125 0.7629193493589743 0.35242290705128204 0.6527871923076923 0.3039647564102564 0.5514656057692308 0.4449339198717948 0.3884700096153846 0.5418502211538462 0.3796594358974359 0.5682819391025641 0.35322771794871793 0.4889867852564102 0.2651219935897436 0.47577092628205125 0.1593951217948718 0.5066079294871795 0.14617926282051283 0.5418502211538462 0.09772111217948719 0.49779735576923073 0.040452387820512824 0.39647577243589743 0.027236528846153848 0.3480176217948718 0.06247882051282051 0.25110132051282047 0.08009996474358974 0.23348017628205128 0.11974754166666667 0.1806167403846154 0.11974754166666667 0.13215858974358974 0.20785326923076922 0 0.27833785256410254 0 0.8862673685897436
3 0.9955947147435896 0.9567519487179488 0.9955947147435896 0.7893510673076923 0.9471365641025642 0.8334039294871795 0.9471365641025642 0.9082937980769231 0.9955947147435896 0.9567519487179488
3 0.9955947147435896 0.5206285993589744 0.9955947147435896 0.3928752980769231 0.9779735673076922 0.40609115705128207 0.9735682820512821 0.48098102243589747 0.9955947147435896 0.5206285993589744
4 0.7180616730769231 0.2430955608974359 0.6696035256410257 0.20344798397435898 0.6255506602564103 0.19904269871794872 0.5682819391025641 0.2430955608974359 0.5682819391025641 0.326796 0.5991189423076922 0.3620382916666666 0.6387665192307692 0.3796594358974359 0.6740088108974359 0.3708488653846154 0.7180616730769231 0.33120128846153846 0.7180616730769231 0.2430955608974359
4 0.9295154198717948 0.3708488653846154 0.8546255512820513 0.3708488653846154 0.8193832596153846 0.4016858685897436 0.8193832596153846 0.48979159615384615 0.8546255512820513 0.5250338878205129 0.9339207051282051 0.5206285993589744 0.960352423076923 0.48979159615384615 0.9647577083333334 0.4149017275641026 0.9295154198717948 0.3708488653846154
6 0.9955947147435896 0.5074127403846154 0.9955947147435896 0.3884700096153846 0.9779735673076922 0.40609115705128207 0.9735682820512821 0.4765757371794872 0.9955947147435896 0.5074127403846154