2 0.2216476153846154 0.40324591666666665 0.31534724999999997 0.29070875320512823 0.4666059134615384 0.30662798076923076 0.48203305448717954 0.27463690064102564 0.47333633974358974 0.2134204262820513 0.43449233012820515 0.16314414102564104 0.35130307692307694 0.17337734294871796 0.3220776730769231 0.19750120192307694 0.2839707692307692 0.28407072435897435 0.26199799358974357 0.2856072083333333 0.22081811538461538 0.3282311794871795 0.20886363782051282 0.34673129166666666 0.2216476153846154 0.40324591666666665
2 0.6485039583333333 0.19233942628205128 0.5913747371794872 0.19633429166666666 0.5464148974358974 0.24805466987179486 0.5566481025641026 0.33124391987179486 0.6165429935897436 0.36680005448717945 0.6812321346153846 0.34461237499999997 0.7095356442307692 0.30730485256410256 0.6996097371794872 0.22851015384615386 0.6485039583333333 0.19233942628205128
2 0.9282491217948717 0.3405873942307692 0.8403580160256411 0.3467333397435897 0.8117472115384615 0.37964630769230767 0.817893157051282 0.46753741346153843 0.8555079775641027 0.5002354775641026 0.9217336025641026 0.5000205737179487 0.9673080384615386 0.45708930769230766 0.9611620929487179 0.36919820192307695 0.9282491217948717 0.3405873942307692
2 0.15849496153846154 0.4474063717948718 0.1365221826923077 0.44894285897435904 0.11507160897435896 0.5210995256410257 0.12917716666666665 0.5333613012820513 0.17822426282051282 0.47693907051282053 0.15849496153846154 0.4474063717948718
2 0.2876261762820513 0.7784119967948718 0.2688187628205128 0.7620629647435897 0.19942777243589743 0.7801633878205129 0.22733158974358977 0.8002923782051282 0.2876261762820513 0.7784119967948718
2 0.1901787371794872 0.4584389583333333 0.22349139743589744 0.42961325 0.1695275448717949 0.4157225961538462 0.161967625 0.4339154102564103 0.1901787371794872 0.4584389583333333
0 0 0.517460375 0.028162625000000004 0.9202046762820513 0.07896111217948719 0.9519808493589744 0.18627422115384615 0.9709730448717948 0.35827647115384614 0.9677775641025641 0.3953690897435897 0.9298554455128204 0.5193385320512821 0.9344347884615385 0.581876592948718 0.8814852243589744 0.6168181314102564 0.812801217948718 0.613745157051282 0.7688556666666667 0.49417027243589745 0.7639690256410256 0.3634402916666667 0.662709467948718 0.30803234615384617 0.5650149647435898 0.43728811858974365 0.39258290705128207 0.5333537435897435 0.3770332564102564 0.5578772916666667 0.348822141025641 0.4726293525641026 0.2664623878205128 0.45207055128205126 0.16191495192307692 0.48191054487179485 0.14658020512820513 0.5136867179487179 0.09578171794871795 0.4657463012820513 0.04172547115384616 0.363749641025641 0.03560964102564103 0.31786790705128204 0.07414635576923076 0.22241687820512818 0.09848511538461538 0.20760433333333334 0.13926530128205128 0.15486966987179487 0.1429528685897436 0.1126755064102564 0.23422424358974356 0 0.30483008333333333 0 0.517460375
3 1 0.7693095576923077 0.9693044455128205 0.8014011057692308 0.9745284967948717 0.8761085448717949 1 0.8982505865384616 1 0.7693095576923077
3 0.9958264487179488 0.48600741025641025 0.986914830128205 0.3585653076923077 0.9702584967948717 0.37297816346153845 0.9710879967948717 0.44799289743589743 0.9958264487179488 0.48600741025641025
4 0.7057556826923077 0.3164012596153846 0.6996097371794872 0.22851015384615386 0.6485039583333333 0.19233942628205128 0.6042511057692307 0.19101784294871793 0.5501948589743589 0.23895825961538458 0.5560335064102564 0.3224548076923077 0.5892537724358974 0.35546017307692307 0.6300339583333333 0.3702727179487179 0.6645758076923077 0.35902523076923076 0.7057556826923077 0.3164012596153846
4 0.9194600128205129 0.3412019903846154 0.8447525737179487 0.3464260416666667 0.8117472115384615 0.37964630769230767 0.817893157051282 0.46753741346153843 0.8555079775641027 0.5002354775641026 0.934302673076923 0.4903095705128205 0.9585189262820513 0.4577039006410257 0.9576894262820513 0.3826891634615385 0.9194600128205129 0.3412019903846154
6 0.9949045576923076 0.47282374358974355 0.986607532051282 0.35417075 0.9702584967948717 0.37297816346153845 0.9707806987179487 0.4435983429487179 0.9949045576923076 0.47282374358974355