2 0.23113950320512822 0.37935408653846153 0.33429084294871797 0.2754116217948718 0.4835864711538461 0.30445333333333335 0.5017431121794872 0.2739285544871795 0.498414858974359 0.21218705769230767 0.4641005288461538 0.15871660897435896 0.3803359551282051 0.1616604519230769 0.3491192307692308 0.18314534935897436 0.30361230128205124 0.26606421153846155 0.2815892243589744 0.2656797980769231 0.23685112500000002 0.3045525064102564 0.22332975 0.3219403205128205 0.23113950320512822 0.37935408653846153
2 0.6747532403846154 0.20645314102564102 0.6174932371794872 0.20545366346153848 0.5681967564102565 0.25305872115384614 0.5711405993589743 0.3368232948717949 0.6277086538461538 0.37746431089743593 0.6940854166666667 0.36099909294871796 0.7255327884615385 0.32630034935897434 0.7225120608974359 0.246940391025641 0.6747532403846154 0.20645314102564102
2 0.9405132307692308 0.37851837820512824 0.8524209198717949 0.3769807211538462 0.8210504326923077 0.4072748493589744 0.8195127756410256 0.49536715705128204 0.8541346378205128 0.5312191442307692 0.9201269871794872 0.536777 0.9692697019230769 0.4979811730769231 0.9708073589743589 0.4098888653846154 0.9405132307692308 0.37851837820512824
2 0.1643783269230769 0.4178423814102564 0.14235525000000002 0.4174579679487179 0.11469743269230769 0.487470516025641 0.1276806282051282 0.5009150096153846 0.18145860897435898 0.4489822211538461 0.1643783269230769 0.4178423814102564
2 0.2641691185897436 0.7588429551282052 0.2468581858974359 0.7409169647435897 0.17615369230769232 0.7529006858974359 0.20219697115384616 0.7753850576923077 0.2641691185897436 0.7588429551282052
2 0.19497998397435895 0.43159440705128205 0.2306782051282051 0.40578177884615385 0.17813035256410256 0.3872407243589744 0.16901358974358974 0.40470541987179487 0.19497998397435895 0.43159440705128205
0 0 0.8825098782051282 0.0411705641025641 0.9135649679487179 0.14642003525641026 0.9418378493589744 0.3180462724358974 0.9536455096153846 0.3583028717948718 0.9191005320512821 0.4814014551282051 0.9344670993589744 0.5483163974358974 0.8871695737179487 0.5891111794871795 0.8217922852564103 0.5898800064102564 0.7777461314102564 0.4711860416666666 0.7624564487179487 0.3497788782051282 0.6501883461538461 0.3030964134615384 0.5480364807692307 0.4468887724358974 0.3875259615384615 0.5439440801282052 0.3804081506410256 0.5708330705128205 0.35444175641025644 0.4930876506410256 0.2649655608974359 0.48171899038461535 0.15902414102564102 0.5127819455128205 0.14634847435897436 0.5488645833333333 0.09851276923076922 0.5058179038461539 0.0404839391025641 0.4047424006410256 0.025501785256410257 0.3556765673076923 0.059893 0.2584674935897436 0.07582003525641025 0.24015708974358974 0.11515404487179486 0.18730170512820513 0.11423144871794871 0.13731327884615385 0.20147804807692307 0.0039446891025641025 0.26964541025641026 0 0.4956364903846154 0 0.8825098782051282
3 0.9875478141025641 0.9653317051282051 0.9904693621794871 0.7979563173076922 0.9412497628205128 0.8411567596153845 0.9399427532051282 0.9160352211538463 0.9875478141025641 0.9653317051282051
3 0.9951592147435897 0.5292747788461539 0.9973888173076924 0.4015409326923077 0.979539705128205 0.41444725000000004 0.9738280833333334 0.48924882371794876 0.9951592147435897 0.5292747788461539
4 0.7209744038461539 0.3350326987179487 0.7225120608974359 0.246940391025641 0.6747532403846154 0.20645314102564102 0.6307839679487179 0.20127969871794874 0.572755141025641 0.2443263717948718 0.5712943653846154 0.3280140641025641 0.6015116089743591 0.36378916666666666 0.6408456153846154 0.3820995737179487 0.6762363076923077 0.37390540705128206 0.7209744038461539 0.3350326987179487
4 0.931704 0.37836461217948714 0.8568255384615384 0.37705760576923075 0.8210504326923077 0.4072748493589744 0.8195127756410256 0.49536715705128204 0.8541346378205128 0.5312191442307692 0.9334945993589744 0.5281984166666667 0.960460471153846 0.49782740705128203 0.966172092948718 0.42302583012820516 0.931704 0.37836461217948714
6 0.9953898621794872 0.5160609326923077 0.9974656987179487 0.39713631730769233 0.979539705128205 0.41444725000000004 0.9739049647435897 0.4848442115384615 0.9953898621794872 0.5160609326923077